0 0.01167883211678832 0.5171875 0.026144000000000004 0.016874999999999973
0 0.02889297810218978 0.5034375 0.023343 0.01750000000000007
0 0.08608639416058395 0.601796875 0.032679999999999994 0.02749999999999997
0 0.09635739416058393 0.5042578125 0.03268000000000001 0.04125000000000001
0 0.1611905401459854 0.4983984375 0.03081200000000001 0.02937500000000004
0 0.20414054014598537 0.4065625 0.030813000000000017 0.04749999999999999
0 0.3687619781021898 0.528046875 0.020541999999999998 0.02749999999999997
0 0.4454446861313869 0.5369921875 0.028010999999999953 0.022499999999999964
0 0.699835496350365 0.428203125 0.070962 0.06687499999999996
0 0.9505806861313869 0.5701953125 0.02801099999999987 0.026874999999999982
