0 0.0302734375 0.838885225251076 0.06125 0.31801500000000005
0 0.0484375 0.3244934820659971 0.015625 0.028493000000000004
0 0.0623828125 0.3189784820659971 0.011250000000000003 0.027573999999999994
0 0.0996875 0.3414407618364419 0.016875 0.022977999999999974
0 0.1290625 0.3447134820659971 0.015625 0.026654999999999984
0 0.169921875 0.6360515351506455 0.09 0.1920960000000001
0 0.141171875 0.39634140459110473 0.02812500000000001 0.058824000000000036
0 0.2137109375 0.29967748206599715 0.014374999999999999 0.028492000000000003
0 0.251640625 0.32736292252510757 0.020625000000000004 0.03400700000000004
0 0.2521875 0.29416248206599716 0.015625 0.02665400000000002
0 0.27296875 0.4587969225251076 0.024375000000000036 0.03216899999999997
0 0.2869921875 0.3668849225251076 0.021874999999999978 0.03216899999999997
0 0.300390625 0.31030320229555236 0.020625000000000004 0.03033099999999999
0 0.3156640625 0.3658534820659971 0.019374999999999976 0.028492999999999966
0 0.3208203125 0.45471664275466284 0.02562500000000001 0.035846000000000024
0 0.344765625 0.35258220229555237 0.020625000000000004 0.029411999999999976
0 0.3782421875 0.3451177618364419 0.023125000000000007 0.024815999999999998
0 0.4978515625 0.8115355767575323 0.034999999999999976 0.21139799999999992
0 0.5109765625 0.335769368723099 0.034375000000000044 0.11121300000000002
0 0.5670703125 0.34534164275466284 0.02562500000000001 0.03584599999999998
0 0.784296875 0.4635043629842181 0.02749999999999997 0.03952199999999999
0 0.8645703125 0.458214243902439 0.026874999999999982 0.05055100000000005
0 0.909375 0.5663784045911048 0.03249999999999997 0.057903999999999976
0 0.9226171875 0.4506363629842181 0.023125000000000062 0.03952199999999999
0 0.9444921875 0.4768870832137734 0.021874999999999978 0.04136099999999993
