0 0.0415625 0.3419788333333333 0.048125 0.05833400000000007
0 0.0769921875 0.5379163333333333 0.05437499999999999 0.106667
0 0.130078125 0.40197883333333334 0.03624999999999999 0.05916699999999997
0 0.2190234375 0.36151075000000005 0.030624999999999986 0.05499999999999994
0 0.2491796875 0.03484341666666667 0.0062500000000000056 0.015
0 0.3552734375 0.8477604166666667 0.09187499999999998 0.2016669999999999
0 0.4769140625 0.5401565833333334 0.05062500000000003 0.11249999999999989
0 0.4883984375 0.32921875 0.030625000000000013 0.025833000000000033
0 0.50515625 0.38526041666666666 0.040000000000000036 0.07583300000000004
0 0.7234375 0.34234375 0.046875 0.05666700000000002
