0 0.2520703125 0.8026045 0.02562500000000001 0.04833299999999996
0 0.3006640625 0.7180208333333332 0.018125000000000002 0.027500000000000153
0 0.3176953125 0.9646871666666668 0.026874999999999982 0.06833399999999996
0 0.3324609375 0.7117187499999998 0.014375000000000027 0.024167000000000122
0 0.3691015625 0.777917 0.03375 0.0650000000000001
0 0.3950390625 0.9798961666666667 0.049375 0.03750000000000009
0 0.6724609375 0.7418229166666667 0.013749999999999929 0.02916699999999987
0 0.7028125 0.7897919999999999 0.016875000000000084 0.03250000000000005
0 0.737109375 0.7594270833333333 0.013125000000000053 0.034999999999999996
0 0.8392578125 0.71838575 0.010624999999999996 0.025832999999999995
