0 0.1208203125 0.63588575 0.02562500000000001 0.024165999999999983
0 0.13820312499999998 0.5482815833333333 0.03624999999999999 0.0208330000000001
0 0.163046875 0.7241145833333333 0.028124999999999983 0.019166999999999934
0 0.237890625 0.92338575 0.020625000000000004 0.025832999999999995
0 0.5058203125 0.3113538333333334 0.025625000000000064 0.026666999999999996
0 0.511640625 0.35468783333333337 0.020625000000000004 0.027500000000000007
0 0.5119140625 0.2836455 0.01937499999999992 0.015834000000000015
0 0.5220703125 0.9001559166666667 0.026249999999999996 0.030834000000000028
0 0.525 0.9296878333333334 0.03125 0.027499999999999858
0 0.529375 0.3868229166666666 0.03187499999999999 0.029167000000000016
