0 0.018828125 0.4341888195488721 0.036875 0.10394600000000008
0 0.116015625 0.4501902631578947 0.052500000000000005 0.08565900000000008
0 0.1799609375 0.4450765413533834 0.046249999999999986 0.09528400000000006
0 0.2887109375 0.42125557894736837 0.04625000000000001 0.10683299999999997
0 0.4087890625 0.36128185714285715 0.04999999999999999 0.11645799999999999
0 0.45484375 0.42925630075187965 0.024375000000000036 0.096246
0 0.4896875 0.44489533834586464 0.048750000000000016 0.10875900000000005
0 0.5919140625 0.3912383759398496 0.050000000000000044 0.120308
0 0.7653125 0.4311813007518796 0.046875 0.098171
0 0.92921875 0.38594530075187966 0.05500000000000005 0.09817100000000005
