0 0.0761328125 0.5343017803468209 0.01062500000000001 0.02685199999999995
0 0.1178515625 0.6427907341040463 0.03375 0.059258999999999916
0 0.13640625 0.7139745606936416 0.03999999999999998 0.05277799999999993
0 0.2183984375 0.8869143815028901 0.030000000000000027 0.11388800000000009
0 0.2173828125 0.45907743352601155 0.010000000000000009 0.01666700000000002
0 0.23875 0.5375294739884392 0.031875000000000014 0.050000000000000114
0 0.3328125 0.4444867803468208 0.015625 0.028703999999999962
0 0.3390625 0.5913884277456647 0.015625 0.082407
0 0.366484375 0.4544474335260115 0.013125000000000053 0.014815000000000005
0 0.3734375 0.4923410404624277 0.016250000000000042 0.036111
0 0.377109375 0.4356346936416185 0.012499999999999956 0.025000000000000015
0 0.54921875 0.38312482080924853 0.30500000000000005 0.06296300000000002
0 0.4336328125 0.4160775202312139 0.009999999999999953 0.019444999999999997
0 0.4378125 0.4587826936416185 0.015625 0.025000000000000015
0 0.4743359375 0.4123745202312139 0.014999999999999958 0.017591999999999962
0 0.4794140625 0.49419304046242774 0.018125000000000002 0.036110999999999914
0 0.4816796875 0.45322769364161847 0.007500000000000007 0.023148000000000002
0 0.5149609375 0.41370643352601155 0.014374999999999916 0.01666700000000002
0 0.5368359375 0.4487098670520231 0.014375000000000027 0.030555999999999976
0 0.548984375 0.40004278034682084 0.012500000000000067 0.02685199999999995
0 0.56828125 0.4852277803468208 0.009375000000000022 0.02685200000000003
0 0.592109375 0.4167097803468209 0.013124999999999942 0.02685199999999995
0 0.632109375 0.4097086936416185 0.012500000000000067 0.023148000000000002
0 0.65078125 0.4656012138728323 0.008750000000000036 0.042593
0 0.6835546875 0.590419647398844 0.007499999999999951 0.056480999999999934
0 0.7592578125 0.37174569364161847 0.011249999999999982 0.025000000000000015
0 0.7806640625 0.3963387803468208 0.01937500000000003 0.028703999999999962
0 0.798359375 0.34993060693641614 0.011874999999999969 0.020370000000000024
0 0.807734375 0.3773016936416185 0.012499999999999956 0.02314799999999996
0 0.8341796875 0.39078378034682076 0.007499999999999951 0.02870300000000002
0 0.857265625 0.398121387283237 0.02124999999999999 0.04722199999999997
0 0.8909375 0.38100469364161854 0.015625 0.02407500000000003
