0 0.0146484375 0.07531283333333333 0.03 0.059165999999999996
0 0.0209765625 0.03671908333333333 0.035 0.066666
0 0.0590234375 0.045417000000000006 0.03 0.064166
0 0.12691406249999998 0.35510383333333334 0.049375000000000016 0.08916700000000004
0 0.2154296875 0.3972395833333333 0.03875000000000001 0.050000000000000044
0 0.3931640625 0.4333336666666667 0.019374999999999976 0.08583299999999998
0 0.43359375 0.44276075 0.05562499999999998 0.11750000000000001
0 0.5203125 0.44796875 0.048750000000000016 0.08666699999999998
0 0.7314453125 0.4836975833333333 0.026874999999999982 0.08250000000000002
0 0.8505078125 0.50911425 0.04125000000000001 0.1016670000000001
0 0.969921875 0.46781216666666664 0.05874999999999997 0.34916699999999995
