0 0.0538671875 0.5881246666666667 0.053750000000000006 0.11583399999999999
0 0.1233984375 0.34833333333333333 0.029375 0.04333300000000003
0 0.195859375 0.33088575 0.011874999999999997 0.025832999999999995
0 0.2119140625 0.3266145833333333 0.019375000000000003 0.02083299999999999
0 0.2263671875 0.3758333333333333 0.021874999999999978 0.041667000000000044
0 0.3603125 0.39921875 0.01687500000000003 0.025832999999999995
0 0.468203125 0.5066663333333333 0.036250000000000004 0.04250000000000006
0 0.5135546875 0.3261455 0.007499999999999951 0.01666700000000006
0 0.5569921875 0.3859899166666667 0.022499999999999964 0.029165999999999952
0 0.5832421875 0.7643753333333333 0.05312499999999998 0.13750000000000004
0 0.602890625 0.36734375 0.020625000000000004 0.055832999999999945
0 0.607890625 0.42463541666666665 0.020625000000000004 0.045000000000000005
0 0.614609375 0.37718783333333333 0.012499999999999956 0.027500000000000007
0 0.6499609375 0.38098991666666665 0.014375000000000027 0.029165999999999952
0 0.6758984375 0.3776559166666667 0.030000000000000027 0.030833999999999955
0 0.68125 0.4213541666666667 0.03187499999999999 0.06916699999999998
0 0.7163671875 0.40927050000000004 0.02187500000000009 0.04833400000000002
0 0.7663671875 0.4608857499999999 0.021874999999999978 0.02416600000000006
0 0.8119921875 0.38098991666666665 0.021874999999999978 0.030833000000000037
0 0.84625 0.47697883333333335 0.03125 0.05833399999999996
0 0.8788671875 0.4291663333333333 0.021874999999999978 0.04249999999999998
0 0.8826171875 0.532292 0.02187500000000009 0.03249999999999997
0 0.9595703125 0.4713024166666666 0.02562500000000001 0.045000000000000075
0 0.970859375 0.5796878333333334 0.01187500000000008 0.02749999999999993
