0 0.0986328125 0.23515625000000004 0.041874999999999996 0.07166699999999997
0 0.1510546875 0.16526041666666666 0.03875000000000001 0.07583300000000003
0 0.2109765625 0.38098925 0.03375 0.07250000000000001
0 0.217734375 0.22286458333333334 0.04374999999999998 0.08083299999999997
0 0.3385546875 0.43375 0.03749999999999998 0.06416700000000002
0 0.3467578125 0.19125 0.04125000000000001 0.06416700000000002
0 0.45578125 0.16760450000000002 0.03999999999999998 0.048333000000000015
0 0.5147265624999999 0.432083 0.034999999999999976 0.06416700000000002
0 0.52140625 0.27802116666666665 0.040000000000000036 0.06916599999999999
0 0.5253515625 0.18661491666666666 0.03437499999999993 0.061666
0 0.5766015625 0.197917 0.03499999999999992 0.06416599999999999
0 0.6241796875 0.2674479166666666 0.03749999999999998 0.06166700000000006
0 0.6892578125 0.22578091666666666 0.04250000000000009 0.06083399999999998
0 0.755625 0.24401075000000003 0.03187499999999999 0.05499999999999997
0 0.77578125 0.39776041666666667 0.04062500000000002 0.07749999999999997
0 0.833125 0.27671908333333334 0.03312499999999996 0.06583299999999999
0 0.8675 0.3118746666666667 0.03249999999999997 0.05333399999999999
