0 0.0126953125 0.1298410611353712 0.02625 0.04562399999999998
0 0.037265625 0.08503085298398835 0.020625 0.040037
0 0.0542578125 0.1792544978165939 0.041249999999999995 0.07262599999999998
0 0.066484375 0.058081624454148474 0.011874999999999997 0.018622000000000003
0 0.102890625 0.11203285298398834 0.020000000000000004 0.040036999999999996
0 0.1012109375 0.07629722852983989 0.015 0.021415
0 0.1505078125 0.22761872634643374 0.04249999999999998 0.092179
0 0.1577734375 0.13193947743813683 0.029374999999999984 0.05586600000000002
0 0.1524609375 0.07653264483260552 0.014999999999999986 0.034450999999999996
0 0.1770703125 0.21015147743813678 0.02562500000000001 0.05586600000000002
0 0.1832421875 0.11575685298398836 0.023125000000000007 0.040038000000000004
0 0.2219140625 0.0777528326055313 0.018125000000000002 0.025140000000000003
0 0.2432421875 0.123441269286754 0.021875000000000006 0.05121100000000001
0 0.2619140625 0.09725306113537116 0.018125000000000002 0.043762
0 0.311484375 0.17017991411935957 0.04375000000000001 0.08193599999999998
0 0.3601171875 0.1387456652110626 0.021875000000000033 0.04841699999999998
0 0.3837890625 0.34953995487627365 0.049375 0.11080099999999998
0 0.400078125 0.17739249781659389 0.03687499999999999 0.07262600000000001
0 0.43421875 0.13624085298398836 0.023749999999999993 0.040038000000000004
0 0.43921875 0.09224343668122272 0.024375000000000036 0.027001999999999998
0 0.4933984375 0.18355687336244542 0.030625000000000013 0.054002999999999995
0 0.5012890624999999 0.12960564483260553 0.018125000000000002 0.03445100000000001
0 0.5534375 0.2383853304221252 0.04749999999999999 0.09590400000000003
0 0.5512890625 0.11680606113537118 0.01937500000000003 0.043761999999999995
0 0.585546875 0.14683747743813683 0.028124999999999956 0.05772800000000001
0 0.62765625 0.23256291411935953 0.03937499999999994 0.08286799999999997
0 0.6288671875 0.15498106113537116 0.02312499999999995 0.043762000000000016
0 0.72 0.20666289374090246 0.03187499999999999 0.06890200000000002
0 0.757578125 0.20334528966521107 0.03562500000000002 0.06517699999999997
0 0.8058984375 0.1831494774381368 0.030625000000000013 0.055866
