0 0.070625 0.5510601537335286 0.06312499999999999 0.1191369999999999
0 0.30140625 0.6629206691068814 0.07187500000000002 0.13039400000000007
0 0.4490625 0.3370187364568082 0.04750000000000004 0.08630400000000002
0 0.55 0.5449761229868229 0.06437499999999996 0.09380799999999996
0 0.5636328125 0.3005038345534407 0.04249999999999998 0.06472800000000001
0 0.629765625 0.39968638067349926 0.05125000000000002 0.10225200000000002
0 0.796953125 0.4703851537335285 0.0675 0.11913700000000006
0 0.85375 0.28538057686676427 0.03312499999999996 0.060037000000000035
0 0.94765625 0.8974598901903368 0.10250000000000004 0.20262699999999995
0 0.9581640625 0.35536886530014644 0.050000000000000044 0.08817999999999998
