0 0.0029296875 0.33365375 0.006875 0.02585499999999996
0 0.0085546875 0.32207891666666666 0.0075 0.02919100000000004
0 0.015234375 0.23226866666666668 0.013125 0.022518
0 0.0314453125 0.41986525 0.026875 0.040032999999999985
0 0.0312890625 0.27860775 0.019375000000000003 0.024186999999999997
0 0.0449609375 0.3064966666666667 0.013749999999999998 0.022518999999999994
0 0.0480078125 0.22059166666666666 0.011250000000000003 0.021685000000000027
0 0.0519140625 0.3825375833333333 0.019375000000000003 0.050041999999999996
0 0.0621875 0.30946675 0.015625000000000007 0.02585499999999996
0 0.0687890625 0.2930505 0.019375000000000003 0.015846000000000027
0 0.0771484375 0.59812525 0.030625 0.07172700000000003
0 0.07671875 0.36451275 0.024374999999999994 0.02418700000000003
0 0.0835546875 0.4509703333333333 0.03874999999999999 0.07422899999999995
0 0.0945703125 0.3936443333333333 0.026874999999999996 0.04170099999999999
0 0.0892578125 0.33735566666666666 0.009999999999999995 0.022518999999999994
0 0.095234375 0.2856456666666667 0.01187500000000001 0.022518999999999994
0 0.1137890625 0.3596109166666666 0.019375000000000003 0.02919100000000004
0 0.118359375 0.23967250000000004 0.011874999999999997 0.01751399999999999
0 0.119609375 0.2821053333333334 0.011874999999999983 0.012510999999999975
0 0.12593749999999998 0.3154069166666667 0.01625 0.029190999999999967
0 0.12578125 0.23003041666666668 0.008749999999999994 0.014177999999999987
0 0.1346875 0.3548706666666666 0.016875 0.021684000000000037
0 0.167890625 0.6147885833333334 0.05250000000000002 0.11259399999999993
0 0.15140625 0.29028375 0.009374999999999994 0.024186999999999997
0 0.154609375 0.24681258333333334 0.011874999999999997 0.01834900000000002
0 0.172734375 0.29028375 0.011874999999999997 0.024186999999999997
0 0.1746875 0.31113475 0.016875 0.02418699999999996
0 0.1816796875 0.2839776666666667 0.007500000000000007 0.022518999999999994
0 0.1926953125 0.37602716666666663 0.02687500000000001 0.03753099999999998
0 0.19421875 0.31280275 0.024375000000000008 0.02585499999999996
0 0.203984375 0.23597058333333334 0.012500000000000011 0.019181999999999994
0 0.211484375 0.5923049166666666 0.013124999999999998 0.03085899999999997
0 0.2124609375 0.31817266666666666 0.014374999999999999 0.02085099999999999
0 0.2155078125 0.28658183333333337 0.010624999999999996 0.027523000000000002
0 0.230859375 0.3120709166666667 0.013124999999999998 0.029190999999999967
0 0.235859375 0.29195275 0.013124999999999998 0.025854000000000044
0 0.2380859375 0.3496019166666667 0.014374999999999999 0.03085899999999997
0 0.26234375 0.5774785833333334 0.055625000000000036 0.08256899999999996
0 0.2430078125 0.24514458333333333 0.01125000000000001 0.01834900000000002
0 0.25359375 0.37399325 0.02437499999999998 0.039198999999999984
0 0.2571875 0.2422766666666667 0.015625 0.022518999999999994
0 0.257734375 0.2847095 0.011874999999999969 0.017514999999999985
0 0.269609375 0.29028375 0.013124999999999998 0.024186999999999997
0 0.2828125 0.2985225833333333 0.016874999999999973 0.02001699999999999
0 0.2894140625 0.33599416666666665 0.018125000000000002 0.03669699999999998
0 0.2867578125 0.23466850000000003 0.011250000000000038 0.01751399999999999
0 0.2962109375 0.31817266666666666 0.014375000000000027 0.022518999999999994
0 0.3111328125 0.5251993333333332 0.04249999999999998 0.07422800000000011
0 0.3112890625 0.373423 0.01937500000000003 0.03252699999999997
0 0.30765625 0.30446275 0.00874999999999998 0.024186999999999997
0 0.3278515625 0.4493023333333333 0.03374999999999995 0.07422899999999995
0 0.349453125 0.7428626666666668 0.0675 0.11676399999999987
0 0.3237109375 0.3098326666666667 0.013749999999999984 0.022518999999999994
0 0.3369140625 0.3622150833333333 0.018125000000000002 0.03502900000000005
0 0.335234375 0.3035265833333333 0.011875000000000024 0.018348999999999987
0 0.3387109375 0.33735566666666666 0.014375000000000027 0.02085099999999999
0 0.3565625 0.4230396666666667 0.016874999999999973 0.05337700000000001
0 0.3667578125 0.29028375 0.010000000000000009 0.024186999999999997
0 0.3799609375 0.2956546666666667 0.014375000000000027 0.020850000000000035
0 0.384765625 0.34887008333333336 0.020625000000000004 0.03419500000000001
0 0.3830859375 0.4090826666666667 0.01375000000000004 0.020849999999999962
0 0.3928125 0.32374791666666664 0.016874999999999973 0.03085899999999997
0 0.4030078125 0.31613875 0.011249999999999982 0.02418699999999996
0 0.410390625 0.4514978333333333 0.020625000000000004 0.05838200000000001
0 0.418046875 0.3535081666666667 0.02812500000000001 0.036697999999999974
0 0.4194140625 0.32771358333333334 0.018125000000000002 0.02001699999999995
0 0.4290625 0.3025904166666667 0.015625 0.013344999999999977
0 0.43765625 0.32150966666666664 0.009374999999999967 0.020849999999999997
0 0.4513671875 0.33933016666666665 0.023125000000000007 0.03669699999999998
0 0.4537109375 0.3088965 0.014374999999999971 0.015846999999999983
0 0.458984375 0.25311866666666666 0.013124999999999998 0.022518999999999994
0 0.4782421875 0.41652925 0.02312499999999995 0.040032999999999985
0 0.4775390625 0.31687058333333334 0.018125000000000002 0.019182999999999988
0 0.5001171875 0.66159575 0.05437499999999995 0.11843300000000001
0 0.4851171875 0.3555430833333333 0.021875000000000033 0.035863000000000055
0 0.4837109375 0.32948375 0.015000000000000013 0.02418699999999996
0 0.483984375 0.2959184166666667 0.012499999999999956 0.015012000000000025
0 0.503359375 0.3387599166666666 0.012500000000000011 0.030859000000000008
0 0.5055859375 0.4513539166666667 0.013749999999999929 0.029190999999999967
0 0.507109375 0.31019858333333333 0.013125000000000053 0.019182999999999988
0 0.5298046875 0.5284331666666667 0.03875000000000006 0.06922400000000002
0 0.524140625 0.45322625 0.020625000000000004 0.04086699999999999
0 0.5234375 0.3197395 0.016249999999999987 0.01584599999999999
0 0.53453125 0.3115006666666667 0.008124999999999938 0.02085099999999999
0 0.5465625 0.34850416666666667 0.015625 0.037531000000000016
0 0.56859375 0.63679675 0.055625000000000036 0.08757299999999997
0 0.561875 0.45650283333333336 0.03125 0.057547000000000015
0 0.5605078125 0.32427541666666665 0.010000000000000009 0.013343999999999986
0 0.571640625 0.3557046666666666 0.020625000000000004 0.020850000000000035
0 0.5903125 0.9914974166666667 0.04749999999999999 0.014179000000000089
0 0.5749609375 0.3113985 0.014375000000000027 0.017514999999999985
0 0.5882421875 0.408452 0.02312499999999995 0.03336100000000005
0 0.592265625 0.37712491666666664 0.020625000000000004 0.029190999999999967
0 0.6053515625 0.50971825 0.03375000000000006 0.07256100000000003
0 0.6003125 0.34673399999999993 0.015625 0.03252700000000001
0 0.607734375 0.3189055 0.011874999999999969 0.01584599999999999
0 0.6272265625 0.4604685 0.03375000000000006 0.048373
0 0.6230859375 0.3440276666666667 0.01375000000000004 0.022518999999999956
0 0.6506640625 0.3661213333333333 0.018125000000000058 0.041701000000000064
0 0.64953125 0.33104958333333334 0.009375000000000022 0.01834899999999995
0 0.6654296875 0.519991 0.03749999999999998 0.0633860000000001
0 0.67171875 0.40735425 0.024374999999999925 0.04003400000000005
0 0.673359375 0.3484624166666666 0.011874999999999969 0.013344000000000023
0 0.6782421875 0.44838383333333337 0.023125000000000062 0.027522999999999964
0 0.6780078125 0.3794235833333333 0.010000000000000009 0.018347999999999958
0 0.6849609375 0.33318566666666666 0.01375000000000004 0.02085099999999999
0 0.706015625 0.48929358333333334 0.020625000000000004 0.05170999999999992
0 0.715625 0.4353025833333333 0.032500000000000084 0.019183000000000023
0 0.7090625 0.3597130833333333 0.016874999999999973 0.035863000000000055
0 0.712109375 0.33641950000000004 0.013124999999999942 0.017514999999999985
0 0.7153125 0.3939675 0.015625 0.017514999999999947
0 0.7221484375 0.5748744166666667 0.030625000000000013 0.07589699999999995
0 0.7271875 0.27563766666666667 0.015625 0.021684999999999992
0 0.7271875 0.3680530833333333 0.015625 0.03419500000000005
0 0.7362109375 0.32734766666666665 0.014375000000000027 0.021684999999999954
0 0.7617578125 0.51555625 0.04249999999999998 0.07256100000000003
0 0.7512890625 0.35257200000000005 0.01937499999999992 0.03336199999999997
0 0.755859375 0.32901566666666665 0.011874999999999969 0.021684999999999954
0 0.7670703125 0.4060521666666666 0.02562500000000001 0.03836500000000006
0 0.769140625 0.3649808333333333 0.020625000000000004 0.027523000000000037
0 0.770234375 0.29231866666666667 0.013124999999999942 0.020850000000000035
0 0.7916015625 0.46103875 0.03437499999999993 0.05504599999999993
0 0.7953125 0.4060521666666666 0.016874999999999973 0.03836500000000006
0 0.795859375 0.3440276666666667 0.011874999999999969 0.020850999999999953
0 0.8030078125 0.3440276666666667 0.010000000000000009 0.020850999999999953
0 0.8131640625 0.3662829166666666 0.01937500000000003 0.030859000000000043
0 0.8155078125 0.33975550000000004 0.010624999999999996 0.015846999999999983
0 0.8316796875 0.6877749166666667 0.03875000000000006 0.09341099999999998
0 0.8237890625 0.4093881666666666 0.01937500000000003 0.038366000000000046
0 0.829765625 0.3655510833333333 0.020625000000000004 0.03419500000000005
0 0.8303125 0.27860775 0.015625 0.025855
0 0.8503515625 0.5194625 0.03500000000000003 0.07923300000000004
0 0.853984375 0.25478666666666666 0.011874999999999969 0.02085099999999999
0 0.8603125 0.362581 0.01749999999999996 0.03252700000000005
0 0.8611328125 0.2664636666666667 0.011250000000000093 0.020849999999999997
0 0.86859375 0.5203569166666666 0.023749999999999938 0.060884000000000084
0 0.8705859375 0.28361175 0.014375000000000027 0.024186999999999997
0 0.8981640625 0.658218 0.05062499999999992 0.09424499999999998
0 0.898046875 0.4133965833333333 0.02749999999999997 0.050042000000000066
0 0.892734375 0.27563766666666667 0.013125000000000053 0.021684999999999992
0 0.9062890625 0.37462291666666664 0.018125000000000058 0.03085899999999997
0 0.9103125 0.2856456666666667 0.015625 0.022518999999999994
0 0.9241015625 0.49153183333333333 0.03500000000000003 0.05921600000000001
0 0.937109375 0.27146766666666666 0.012499999999999956 0.022518999999999994
0 0.9462890625 0.34783174999999994 0.018124999999999947 0.02418700000000003
0 0.945859375 0.3815596666666667 0.01187500000000008 0.021683999999999964
0 0.9568359375 0.3691508333333333 0.014375000000000027 0.027523000000000037
0 0.963671875 0.4045885 0.028750000000000053 0.04837399999999999
0 0.9612109375 0.27860775 0.01375000000000004 0.025855
0 0.9749609375 0.27767158333333336 0.014375000000000027 0.018348999999999987
0 0.9771875 0.30112675 0.015625 0.025855
0 0.979609375 0.37525258333333333 0.012499999999999956 0.019183000000000023
0 0.99453125 0.39250383333333333 0.008750000000000036 0.027522999999999964
