0 0.0318359375 0.41467058333333334 0.015278 0.01851799999999996
0 0.124870125 0.4127898333333333 0.066666 0.08888800000000008
0 0.1797093125 0.4131365 0.058332999999999996 0.07962999999999994
0 0.2374781875 0.3813078333333333 0.05416700000000002 0.08888900000000007
0 0.3102216875 0.40162000000000003 0.03749999999999998 0.064815
0 0.378428375 0.44386533333333333 0.04444500000000001 0.07407399999999997
0 0.4752389375 0.45908583333333336 0.04583300000000001 0.08888900000000007
0 0.5474609375 0.4605323333333333 0.04583300000000001 0.07407399999999997
0 0.6428815 0.4155384166666667 0.047223000000000015 0.07777799999999997
0 0.68984375 0.3511289166666667 0.05555600000000005 0.09259200000000001
0 0.76762175 0.4405668333333333 0.05555500000000002 0.088889
0 0.8373265 0.40552625000000003 0.047221999999999986 0.07037099999999996
0 0.9369140625 0.393171 0.050000000000000044 0.09629700000000001
