0 0.1209375 0.09395833333333332 0.015625 0.07416700000000001
0 0.13917968749999998 0.026041666666666668 0.03749999999999999 0.0525
0 0.2086328125 0.020833333333333332 0.04250000000000001 0.043333
0 0.3004296875 0.12963541666666667 0.03750000000000003 0.04583299999999999
0 0.3898046875 0.12869758333333334 0.03749999999999998 0.080834
0 0.7326953125 0.039635416666666666 0.02562500000000001 0.045000000000000005
0 0.873046875 0.020833333333333332 0.028750000000000053 0.041667
0 0.9312109375 0.13869825 0.01375000000000004 0.040000000000000015
0 0.9537890625 0.03463541666666667 0.018125000000000058 0.045000000000000005
0 0.9858203125 0.09541700000000002 0.026249999999999996 0.063333
