0 0.0474609375 0.7377600833333333 0.014374999999999999 0.034999999999999996
0 0.07296875 0.9161975833333332 0.05562500000000001 0.08166700000000009
0 0.0931640625 0.7896878333333334 0.01937499999999999 0.027499999999999858
0 0.166484375 0.7805208333333332 0.011874999999999997 0.027500000000000153
0 0.2261328125 0.7777600833333334 0.010624999999999996 0.03416700000000006
0 0.281484375 0.7623434166666666 0.011874999999999969 0.014999999999999977
0 0.3412890625 0.8899996666666666 0.049375 0.08333400000000009
0 0.6051953125 0.9754684166666667 0.05687500000000001 0.04583400000000001
0 0.728359375 0.7554166666666666 0.013124999999999942 0.022499999999999964
0 0.7459375 0.7461455 0.015625 0.017499999999999922
0 0.7781640625 0.7896878333333334 0.01937499999999992 0.027499999999999858
0 0.8244140625 0.7635940833333333 0.01937499999999992 0.034999999999999996
0 0.8652734375 0.8102600833333332 0.02937500000000004 0.03500000000000014
0 0.9215625 0.9598955 0.048125000000000084 0.07833400000000006
0 0.9255859375 0.78723925 0.014375000000000027 0.009999999999999934
0 0.941484375 0.7832815833333333 0.013124999999999942 0.0208330000000001
0 0.9701171875 0.7582291666666666 0.023125000000000062 0.03666700000000015
