0 0.0109375 0.6664970307467057 0.016875 0.026266999999999912
0 0.0307421875 0.6601585461200585 0.023124999999999996 0.03658500000000006
0 0.0474609375 0.6486740307467057 0.013749999999999998 0.023452000000000094
0 0.0780078125 0.6869948345534408 0.0425 0.06566599999999999
0 0.1501171875 0.6284920614934114 0.023125000000000007 0.047841999999999996
0 0.1748828125 0.659518159590044 0.010624999999999996 0.029080999999999923
0 0.18578125 0.6486740307467057 0.00874999999999998 0.023452000000000094
0 0.203984375 0.6622189019033675 0.011874999999999997 0.020637999999999917
0 0.3059375 0.6705918038067349 0.01687500000000003 0.04221400000000014
0 0.3662109375 0.7944984055636897 0.10749999999999998 0.21482199999999985
0 0.3362890625 0.6428606749633968 0.018125000000000002 0.03846199999999999
0 0.435078125 0.1800783440702782 0.09875 0.16885499999999998
0 0.3967578125 0.6565899019033675 0.011250000000000038 0.02157599999999989
0 0.4123828125 0.6592906442166911 0.010000000000000009 0.0159469999999999
0 0.4273828125 0.6626307730600293 0.010624999999999996 0.01969999999999994
0 0.45828125 0.6467970307467057 0.009375000000000022 0.0253290000000001
0 0.4736328125 0.6552400307467057 0.011249999999999982 0.024389999999999988
0 0.48703125 0.6401167730600292 0.00874999999999998 0.019700000000000106
0 0.5034765625 0.7020048345534408 0.03437499999999999 0.06566599999999999
0 0.62890625 0.6547139019033674 0.008750000000000036 0.021576000000000057
0 0.6505078125 0.6646210307467058 0.010000000000000009 0.026266000000000022
0 0.657734375 0.6494977730600292 0.011874999999999969 0.019700000000000106
0 0.6850390625 0.7089395461200586 0.018124999999999947 0.03658499999999998
0 0.713984375 0.6513737730600293 0.013124999999999942 0.019700000000000023
0 0.7612109375 0.6434569019033675 0.014375000000000027 0.021576000000000057
0 0.7934375 0.7459546383601757 0.04874999999999996 0.10600399999999992
0 0.8024609375 0.6410547730600293 0.013749999999999929 0.018762000000000046
0 0.893671875 0.5790447364568082 0.028124999999999956 0.08630400000000006
0 0.9179296875 0.7127798653001464 0.038124999999999964 0.0881800000000001
0 0.9156640625 0.6029355461200586 0.018125000000000058 0.03658499999999998
