0 0.1324609375 0.8143999824304539 0.07687500000000001 0.2729830000000001
0 0.266953125 0.7079928286969254 0.12937499999999996 0.15572200000000003
0 0.3807421875 0.3153284787701318 0.023125000000000007 0.08067599999999996
0 0.455703125 0.4000281537335286 0.06687500000000002 0.11726099999999998
0 0.6310546875 0.47484763836017574 0.038124999999999964 0.10787999999999996
0 0.686953125 0.7482607306002929 0.09937499999999999 0.17729799999999993
0 0.6716796875 0.3632415768667643 0.03875000000000006 0.05909900000000001
0 0.7532421875 0.9064991171303074 0.11624999999999996 0.18480300000000005
0 0.7923046875 0.5206562210834553 0.038124999999999964 0.075046
0 0.85765625 0.6481391844802342 0.07062499999999994 0.14258900000000008
0 0.915703125 0.52504860761347 0.0681250000000001 0.08442699999999997
0 0.9016015625 0.41648406149341144 0.03500000000000003 0.04690400000000002
0 0.945078125 0.43870044802342606 0.03687499999999999 0.05722299999999998
