0 0.0894921875 0.3669788333333333 0.023124999999999993 0.05833400000000003
0 0.134921875 0.25135416666666666 0.028749999999999998 0.06916700000000002
0 0.354921875 0.384792 0.09062500000000001 0.15666599999999997
0 0.5003124999999999 0.30432291666666667 0.08000000000000002 0.155
0 0.5924609375 0.3409371666666667 0.07625000000000004 0.13249999999999998
0 0.752421875 0.33197883333333333 0.02749999999999997 0.05916699999999997
0 0.7512109375 0.25208366666666665 0.01375000000000004 0.022499999999999964
0 0.7698828125 0.2528125 0.011249999999999982 0.017500000000000033
0 0.7990234375 0.30317675 0.030624999999999902 0.055000000000000014
0 0.8148828125 0.2369795 0.010624999999999996 0.015832999999999986
0 0.8818359375 0.2907295 0.04625000000000001 0.07916600000000003
0 0.8986328125 0.23328158333333335 0.010624999999999996 0.019165999999999978
0 0.9309765625 0.2238538333333333 0.00374999999999992 0.027500000000000007
0 0.9817578125 0.25244758333333334 0.011249999999999982 0.019167000000000045
