0 0.14304687500000002 0.37229335080058223 0.059999999999999984 0.10986900000000002
0 0.13089843750000002 0.9299685793304221 0.031249999999999986 0.1303540000000001
0 0.5430078125 0.49797901892285296 0.855 0.7281190000000001
0 0.2593359375 0.2788170611353712 0.015000000000000013 0.04655499999999995
0 0.325859375 0.2624644570596798 0.012500000000000011 0.040967999999999956
0 0.352734375 0.29313768558951964 0.04375000000000001 0.06145199999999996
0 0.4191015625 0.2660174774381368 0.03375 0.055866
0 0.4428125 0.27549945705967976 0.017500000000000016 0.040968
0 0.4716015625 0.2457688937409025 0.034999999999999976 0.06704000000000003
0 0.53171875 0.5111044526928675 0.08624999999999994 0.18063299999999993
0 0.5349609375 0.25863391411935954 0.04500000000000004 0.08379899999999998
0 0.59953125 0.372805289665211 0.040000000000000036 0.0651770000000001
0 0.6064453125 0.2322620611353712 0.026249999999999996 0.04655499999999999
0 0.652109375 0.3601355793304221 0.07499999999999996 0.13035400000000003
0 0.693515625 0.2322620611353712 0.020000000000000018 0.04469299999999997
0 0.709921875 0.29174651819505093 0.028749999999999942 0.085662
0 0.77734375 0.4241989344978166 0.05500000000000005 0.09869599999999998
0 0.779921875 0.23808447743813685 0.02749999999999997 0.05772799999999999
0 0.830390625 0.30234314264919937 0.05249999999999999 0.10242000000000004
0 0.84015625 0.7793903260553131 0.07124999999999992 0.23463700000000004
0 0.848203125 0.5054520160116449 0.0675 0.15642499999999993
0 0.92 0.3459869344978166 0.0625 0.09869600000000002
0 0.9428515625 0.16383289374090246 0.03500000000000003 0.06703900000000002
