0 0.0113671875 0.449202803806735 0.0225 0.042213999999999974
0 0.121640625 0.42002676720351395 0.020625000000000004 0.10881799999999993
0 0.1422265625 0.45803173645680817 0.035 0.08630399999999998
0 0.180703125 0.5550406691068814 0.06812500000000002 0.13039399999999998
0 0.39484375 0.35645656515373353 0.1175 0.24014999999999997
0 0.4848828125 0.4143276691068814 0.073125 0.13133200000000006
0 0.5309375 0.4381743191800878 0.015625 0.05534700000000003
0 0.6748828125 0.3922437613469986 0.10375000000000001 0.20168799999999995
0 0.745 0.45176334992679357 0.03312499999999996 0.07879900000000004
0 0.973515625 0.3775670307467057 0.020625000000000004 0.026266000000000022
