0 0.0263670625 0.2187498333333333 0.018555 0.027344000000000035
0 0.0341795 0.3828126666666667 0.015625 0.053385000000000016
0 0.0771480625 0.191406 0.018555000000000002 0.03255199999999999
0 0.0888673125 0.3203126666666667 0.026367 0.05468699999999993
0 0.14160181249999998 0.20833366666666667 0.041992000000000015 0.054686999999999965
0 0.1630860625 0.378906 0.018555000000000016 0.032551999999999914
0 0.232422 0.4218753333333334 0.09570300000000001 0.16796799999999998
0 0.214843375 0.19401083333333335 0.012695999999999985 0.027342999999999968
0 0.2275395 0.14192691666666665 0.017577999999999983 0.029947999999999992
0 0.2646485 0.18619791666666666 0.016602000000000006 0.029948000000000013
0 0.2929689375 0.54036425 0.014647999999999994 0.07161499999999998
0 0.3310550625 0.15494791666666666 0.018554000000000015 0.028646000000000022
0 0.3652343125 0.3684899166666667 0.025390999999999997 0.029947999999999936
0 0.3759765625 0.34895875 0.03515600000000002 0.05598899999999999
0 0.390625125 0.39583299999999993 0.005859000000000003 0.03255200000000006
0 0.4208985 0.16276075 0.017577999999999983 0.02604099999999998
0 0.4599608125 0.1822915833333333 0.009765999999999997 0.02083299999999999
0 0.4765624375 0.25130250000000004 0.030274000000000023 0.04947899999999994
0 0.471679375 0.2005205 0.01171899999999998 0.016926999999999987
0 0.4970700625 0.1953120833333333 0.01953100000000002 0.033855000000000045
0 0.5058598125 0.17317741666666667 0.01074200000000003 0.014323000000000011
0 0.512695625 0.37500041666666667 0.02050799999999997 0.04557300000000001
0 0.531249625 0.6197919166666667 0.05175800000000008 0.09114599999999995
0 0.546874625 0.21614575 0.019532000000000105 0.02343800000000003
0 0.5722659375 0.21614600000000003 0.014647999999999994 0.03125
0 0.613281375 0.24218758333333334 0.011719000000000035 0.02083300000000003
0 0.6191409375 0.3541665833333334 0.013672000000000017 0.020832999999999952
0 0.628906 0.2304689166666667 0.032227000000000006 0.059895999999999984
0 0.630859375 0.15885375 0.012695000000000012 0.02343800000000003
0 0.6708988125 0.5156250833333332 0.04199199999999992 0.06640600000000012
0 0.6630861875 0.44661508333333333 0.022460999999999953 0.036458000000000025
0 0.6660155 0.18359408333333335 0.016602000000000006 0.03645799999999999
0 0.679687875 0.23828091666666665 0.02929599999999999 0.029948000000000047
0 0.6923825 0.18489583333333334 0.017577999999999983 0.02604200000000001
0 0.7089848125 0.20442691666666665 0.011718000000000006 0.029948000000000013
0 0.7285151875 0.3723960833333333 0.021484999999999976 0.03515600000000004
0 0.7451170625 0.6874995833333334 0.050780999999999965 0.08203200000000004
0 0.7324220625 0.2408853333333333 0.018554999999999988 0.042969000000000035
0 0.7363285625 0.3880210833333333 0.003905999999999965 0.0364580000000001
0 0.749999625 0.4088545833333333 0.02050800000000008 0.05078100000000004
0 0.77148425 0.4427079166666667 0.03906300000000007 0.06119799999999994
0 0.844727 0.27343758333333334 0.09472599999999998 0.14583300000000002
0 0.806640375 0.4440100833333333 0.011719000000000035 0.033855000000000045
0 0.819335625 0.3606770000000001 0.019531999999999994 0.03125
