0 0.014705882352941176 0.3696198125 0.02964 0.10478200000000004
0 0.03137254901960784 0.2453065625 0.06422 0.06540099999999999
0 0.03646876470588235 0.3789951875 0.060692 0.11673699999999998
0 0.13837933333333333 0.591873375 0.167255 0.20042200000000004
0 0.2990799607843137 0.167202625 0.11009199999999997 0.145569
0 0.32574074509803924 0.4327520625 0.11503199999999997 0.14346000000000003
0 0.45637382352941175 0.350982875 0.09456600000000004 0.12165999999999999
0 0.5980666078431373 0.26303868750000003 0.09809500000000004 0.13220800000000002
0 0.6086906470588236 0.631419875 0.08892 0.09071700000000005
0 0.6494994117647059 0.1883416875 0.0486949999999999 0.101266
0 0.7157192352941177 0.29457275 0.04304799999999998 0.054852999999999985
0 0.780961725490196 0.3274258125 0.07057100000000005 0.10478199999999999
0 0.8257762549019608 0.4689326875 0.08750900000000002 0.10126600000000002
0 0.8472946666666668 0.332627125 0.03457999999999992 0.03586499999999998
0 0.931752431372549 0.376222375 0.09315400000000007 0.10618899999999998
