0 0.0146484375 0.5815336749633968 0.03 0.04000000000000007
0 0.069557625 0.6618173499267935 0.051666000000000004 0.07624999999999994
0 0.0844795 0.5433912884333821 0.0175 0.03125
0 0.112004875 0.5779630307467057 0.027499999999999997 0.024999999999999984
0 0.1540751875 0.5611401903367497 0.02333400000000002 0.051249999999999955
0 0.23536425 0.6055673499267936 0.03916700000000001 0.07750000000000001
0 0.2871484375 0.5917825768667643 0.030833 0.060000000000000026
0 0.3368359375 0.5665336749633968 0.014166999999999985 0.03875000000000009
0 0.340859375 0.5752836749633967 0.012499999999999956 0.03875000000000001
0 0.3786455 0.5611054172767204 0.016666999999999987 0.03249999999999999
0 0.4494795 0.5867478038067351 0.01583300000000004 0.04249999999999996
0 0.5110283125 0.5827836749633968 0.025834000000000024 0.03875000000000009
0 0.5442705 0.675816251830161 0.04749999999999999 0.09874999999999995
0 0.5661455 0.6432467057101026 0.01750000000000007 0.0625
0 0.573098625 0.5782119326500732 0.02083400000000002 0.044999999999999936
0 0.5894795 0.5573554172767203 0.01749999999999996 0.03249999999999999
0 0.62421875 0.552997803806735 0.02416699999999994 0.04249999999999996
