0 0.0194921875 0.500797803806735 0.023125 0.04221400000000006
0 0.0370703125 0.5492801903367496 0.025625000000000002 0.05159499999999995
0 0.1390234375 0.479037448023426 0.029375 0.05722400000000003
0 0.2533203125 0.48091444802342603 0.02562499999999998 0.05722299999999998
0 0.3904296875 0.4025627613469986 0.10125 0.20168799999999995
0 0.4946875 0.3469440863836018 0.07875000000000004 0.16322700000000004
0 0.58546875 0.289448411420205 0.055625000000000036 0.124765
0 0.6346875 0.2637776383601757 0.046875 0.10694199999999998
0 0.74296875 0.17243314787701317 0.14875000000000005 0.20919399999999996
0 0.871015625 0.22115176720351387 0.05249999999999999 0.11069499999999996
0 0.932421875 0.21586554026354318 0.06000000000000005 0.12664200000000006
