0 0.0865625 0.20124966666666666 0.015625 0.02083399999999998
0 0.1417578125 0.09161458333333333 0.010000000000000009 0.01916699999999999
0 0.168359375 0.19088575 0.011874999999999997 0.02416600000000002
0 0.16765625 0.07744758333333333 0.009374999999999994 0.01916699999999998
0 0.2765625 0.48171875 0.20437500000000003 0.27416700000000005
0 0.3509375 0.1453125 0.015625 0.017499999999999977
0 0.393984375 0.11921908333333332 0.043125000000000024 0.0675
0 0.53265625 0.4475520833333333 0.19624999999999998 0.31666700000000003
0 0.4512109375 0.13624966666666669 0.014999999999999958 0.023333999999999983
0 0.4931640625 0.11468783333333332 0.01937500000000003 0.027500000000000007
0 0.7215234375 0.040364583333333336 0.06062499999999993 0.080833
0 0.792109375 0.08598991666666667 0.013124999999999942 0.02999999999999999
0 0.8244921875 0.10296841666666667 0.023125000000000062 0.045000000000000005
0 0.9791796875 0.039947916666666666 0.03875000000000006 0.061667
