0 0.03679088921282799 0.421015625 0.045709 0.114375
0 0.048452696793002924 0.7678125 0.06809699999999999 0.14187499999999997
0 0.052825874635568516 0.123359375 0.076493 0.136875
0 0.1545654081632653 0.4477734375 0.104477 0.09250000000000003
0 0.1620274081632653 0.120625 0.102612 0.094375
0 0.16616668221574343 0.7678515625 0.10168000000000003 0.09687500000000004
0 0.24988877842565596 0.132109375 0.08861899999999999 0.105625
0 0.2590424081632653 0.7878515625 0.104478 0.09750000000000003
0 0.34311224489795916 0.5007421875 0.061567 0.11624999999999996
0 0.3517990670553936 0.846796875 0.05317099999999998 0.12124999999999997
0 0.6415027930029154 0.44171875 0.05597000000000008 0.11812499999999998
0 0.6487914227405247 0.76078125 0.0708960000000001 0.13312500000000005
0 0.7398606822157434 0.1234765625 0.10167999999999991 0.0975
0 0.7430679562682215 0.7678515625 0.09701499999999988 0.09687500000000004
0 0.7529206822157435 0.43875 0.10167900000000003 0.09562500000000002
0 0.8469633119533528 0.12937500000000002 0.11473899999999985 0.095625
0 0.8428809562682217 0.771953125 0.09701499999999996 0.09937499999999999
0 0.8490026822157435 0.44875 0.09981399999999997 0.09562500000000002
0 0.9106871341107872 0.5315624999999999 0.10727600000000011 0.11125000000000002
0 0.938785970845481 0.82984375 0.06623200000000003 0.11750000000000005
