0 0.027098625 0.4305695461200586 0.020666999999999998 0.03700000000000002
0 0.110911125 0.27235431918008784 0.036000000000000004 0.054000000000000006
0 0.1867890625 0.4130336749633968 0.019333000000000017 0.03899999999999992
0 0.237578125 0.21567496339677888 0.036000000000000004 0.068
0 0.2487421875 0.2448184480234261 0.02200000000000002 0.05599999999999999
0 0.2914091875 0.1986749633967789 0.02200000000000002 0.06899999999999999
0 0.4219814375 0.41089019033674967 0.030000000000000027 0.04999999999999997
0 0.4581689375 0.40996193265007325 0.015334000000000014 0.044999999999999936
0 0.530338875 0.392818448023426 0.028000000000000025 0.05600000000000003
0 0.576338875 0.42474670571010253 0.02866599999999997 0.062000000000000006
0 0.6094091875 0.2845695461200586 0.02200000000000002 0.03699999999999998
0 0.6675029375 0.4449619326500732 0.015333000000000041 0.04400000000000003
0 0.820817375 0.23338799414348463 0.043334000000000095 0.09300000000000005
0 0.8637939375 0.5636032210834554 0.04600000000000004 0.07499999999999996
