0 0.02342606149341142 0.14054687500000002 0.046904 0.12125000000000001
0 0.0433977364568082 0.35984375 0.087242 0.14875
0 0.06250150951683747 0.5530078125 0.10506599999999999 0.135
0 0.22344063836017572 0.3268359375 0.10694199999999997 0.14
0 0.2033547057101025 0.0185546875 0.061914 0.03875
0 0.21641760761346995 0.1398046875 0.08255199999999997 0.10062499999999999
0 0.22827083455344072 0.1541796875 0.066604 0.06875
0 0.2560451229868228 0.4895703125 0.09474699999999998 0.11937499999999995
0 0.4081034421669107 0.8744140625 0.14821699999999996 0.050000000000000044
0 0.38797334992679355 0.14578125 0.076923 0.10250000000000001
0 0.3837653191800879 0.0302734375 0.054409000000000006 0.06125
0 0.40737573645680814 0.3190234375 0.087242 0.12312499999999998
0 0.42924934992679353 0.4540625 0.076923 0.11062500000000003
0 0.5066543191800879 0.0302734375 0.05440900000000005 0.06125
0 0.5212956076134699 0.1594921875 0.08255200000000008 0.11625000000000002
0 0.5355951229868228 0.3092578125 0.09662300000000011 0.104375
0 0.5611334172767204 0.44125 0.032832999999999994 0.09562500000000002
0 0.6173483191800879 0.0628515625 0.05347099999999991 0.0975
0 0.6349879633967789 0.179375 0.06941900000000002 0.09562499999999999
0 0.6397490614934114 0.4177734375 0.04878000000000006 0.09249999999999997
0 0.6484896749633968 0.306328125 0.03846099999999993 0.09875
0 0.708869448023426 0.08171875 0.056285 0.08687499999999998
0 0.7135594480234261 0.1843359375 0.05628499999999992 0.076875
0 0.7253425768667643 0.29671875 0.05909900000000001 0.08750000000000002
0 0.7301026749633968 0.3990625 0.03846199999999999 0.07874999999999999
