0 0.0244140625 0.5915076017569547 0.049805 0.1742319999999999
0 0.0771484375 0.91654421522694 0.154297 0.16398300000000007
0 0.06738287500000001 0.5636891844802342 0.058594 0.140557
0 0.12890574999999999 0.9326501537335286 0.054688 0.1200580000000001
0 0.3427738125 0.5314786017569546 0.105468 0.174231
0 0.5263670625 0.20204973645680824 0.08203099999999997 0.08491999999999998
0 0.6943355 0.6325040863836019 0.110352 0.16398199999999993
0 0.854492125 0.46412886530014646 0.09960899999999995 0.08784799999999998
0 0.9355468125 0.633968019033675 0.10351599999999994 0.20644200000000001
0 0.9609375625 0.8067346998535871 0.06640600000000008 0.1537339999999999
0 0.9531249375 0.7628111478770131 0.044921999999999906 0.20937
