0 0.408572375 0.24688392093704245 0.13821100000000003 0.22607900000000003
0 0.0355168125 0.29517344802342604 0.041276 0.05722299999999998
0 0.1218979375 0.21090286530014637 0.046279000000000015 0.08911899999999999
0 0.1591134375 0.23689819033674964 0.029394000000000003 0.05159399999999999
0 0.1838119375 0.29743538067349923 0.045653 0.100375
0 0.2562036875 0.32466531918008784 0.038773999999999975 0.055348
0 0.3247653125 0.2708967057101025 0.02689199999999997 0.061914
0 0.779755875 0.4356933748169839 0.09005700000000005 0.190432
0 0.8804008125 0.4704033748169839 0.10381499999999999 0.190431
0 0.949939 0.6871445344070277 0.09443400000000002 0.21669799999999997
0 0.9084956875 0.23731006149341144 0.007504999999999984 0.047841999999999996
0 0.98107475 0.25089909224011714 0.024390000000000023 0.07035599999999999
