0 0.095859375 0.27833160761347 0.043125 0.08349000000000001
0 0.21390625 0.2683102210834553 0.04000000000000001 0.07504700000000004
0 0.249140625 0.56163360761347 0.05249999999999999 0.08442799999999995
0 0.249453125 0.2794539633967789 0.03687499999999999 0.06848000000000004
0 0.303203125 0.26808270571010245 0.03562499999999996 0.06191400000000004
0 0.3403515625 0.2954710614934114 0.03500000000000003 0.048781000000000026
0 0.3686328125 0.5102229633967789 0.04125000000000001 0.06848
0 0.3753515625 0.23930031918008784 0.03437499999999999 0.05534700000000003
0 0.4159765625 0.2975755768667643 0.03500000000000003 0.06003699999999999
0 0.4602734375 0.25577344802342605 0.030625000000000013 0.056285
0 0.491875 0.2587017057101025 0.03250000000000003 0.061914
0 0.545625 0.27963731918008783 0.03249999999999997 0.05347100000000003
0 0.5941015625 0.28380219033674964 0.03500000000000003 0.051594999999999995
0 0.612109375 0.49386309224011715 0.04312500000000008 0.07317100000000001
0 0.6498046875 0.2459805768667643 0.03749999999999998 0.06097599999999994
0 0.676953125 0.29135034992679354 0.036250000000000004 0.076923
0 0.71015625 0.5193754480234261 0.03937499999999994 0.05722399999999995
0 0.7134765625 0.2530727057101025 0.03437499999999993 0.06378999999999999
0 0.7748828125 0.26872209224011717 0.04249999999999998 0.07129499999999998
0 0.8304296875 0.26789834992679357 0.03874999999999995 0.07692300000000005
0 0.908984375 0.24350834992679357 0.04375000000000007 0.076923
