0 0.01953125 0.5870660833333333 0.040278 0.09814800000000005
0 0.0526045 0.45526616666666664 0.048611 0.03703700000000006
0 0.2177298125 0.5128764166666667 0.04166699999999998 0.044444000000000004
0 0.380338875 0.1425054166666667 0.027776999999999996 0.046297
0 0.413151375 0.5293401666666666 0.04305500000000001 0.03703700000000006
0 0.5499345625 0.15251758333333335 0.033334000000000086 0.04999999999999999
0 0.685069 0.16493066666666667 0.031945 0.053703999999999974
0 0.7019313125 0.60162 0.05694500000000002 0.06296300000000003
0 0.710373375 0.3812499999999999 0.04444400000000004 0.06481500000000007
0 0.7483720625 0.8414644166666667 0.08055599999999996 0.07592599999999994
0 0.76310775 0.18880241666666667 0.02361100000000005 0.04444399999999996
