0 0.1171875 0.4849381229868228 0.04874999999999999 0.09662300000000003
0 0.1135546875 0.37296434992679356 0.03875000000000001 0.078799
0 0.20078125 0.35344870571010245 0.03937499999999999 0.061913000000000024
0 0.210078125 0.3931904787701317 0.03562499999999999 0.08067500000000002
0 0.2730078125 0.9028603748169839 0.135625 0.19136999999999993
0 0.318125 0.3563769633967789 0.03125 0.06754200000000002
0 0.319765625 0.3573850614934114 0.020625000000000004 0.04971799999999995
0 0.37203125 0.625896859443631 0.040000000000000036 0.17917499999999995
0 0.38625 0.3198610614934114 0.03187500000000004 0.04971900000000005
0 0.3911328125 0.4036928345534407 0.04125000000000001 0.06660400000000004
0 0.458828125 0.34578528843338213 0.03687500000000005 0.03001900000000002
0 0.4551171875 0.3550530307467057 0.021874999999999978 0.025328000000000003
0 0.48390625 0.49713312298682283 0.04062500000000002 0.09568499999999996
0 0.6487890625 0.7185134055636896 0.08124999999999993 0.2157600000000001
0 0.68609375 0.4815979941434846 0.05625000000000002 0.09099500000000009
0 0.91203125 0.44647712298682285 0.07187500000000002 0.09662300000000003
