0 0.084140625 0.3432444100294985 0.020625000000000004 0.02549600000000002
0 0.1363671875 0.33568941002949854 0.021875000000000006 0.023607999999999962
0 0.209765625 0.30706418879056047 0.020624999999999977 0.03305000000000002
0 0.2586328125 0.30411433628318585 0.010625000000000051 0.029272999999999997
0 0.3111328125 0.30452841002949854 0.010624999999999996 0.025495999999999935
0 0.6566796875 0.3266604837758112 0.007499999999999951 0.02077400000000002
0 0.7180859375 0.33338733628318584 0.014374999999999916 0.029272999999999997
0 0.772109375 0.33527633628318587 0.013125000000000053 0.029272999999999997
0 0.8481640625 0.3605919675516224 0.01937500000000003 0.043438
0 0.9533203125 0.37399233628318584 0.026874999999999982 0.029272999999999955
