0 0.06765625 0.41755175000000005 0.07125 0.15
0 0.06957031250000001 0.10223991666666667 0.0575 0.09333299999999999
0 0.13953125 0.13552116666666666 0.04000000000000001 0.06999999999999999
0 0.1630078125 0.06125 0.04250000000000001 0.063333
0 0.3274609375 0.309167 0.04625000000000001 0.12500000000000003
0 0.3316015625 0.034583 0.03375 0.063334
0 0.35203125 0.17182325 0.03999999999999998 0.07166599999999997
0 0.4369921875 0.09546841666666667 0.022499999999999964 0.04666699999999999
0 0.4781640625 0.39151008333333337 0.050000000000000044 0.09833399999999992
0 0.5053515625 0.11401075 0.03500000000000003 0.056665999999999994
0 0.54421875 0.07843750000000001 0.02375000000000005 0.04833299999999999
0 0.6003515625 0.11125 0.03375000000000006 0.06333299999999999
0 0.608984375 0.1590625 0.043749999999999956 0.07833300000000003
0 0.657890625 0.4611979166666667 0.05125000000000002 0.12333299999999998
0 0.690390625 0.32536458333333335 0.05125000000000002 0.081667
0 0.7173046875 0.08994791666666667 0.03749999999999998 0.06
0 0.744921875 0.032135416666666666 0.02750000000000008 0.045000000000000005
0 0.76546875 0.197917 0.025000000000000022 0.06499999999999999
0 0.9212109375 0.11994791666666667 0.04499999999999993 0.06166699999999999
