0 0.0891796875 0.9357894114202049 0.16375 0.12476600000000006
0 0.2991796875 0.5561889633967789 0.03749999999999998 0.06754200000000002
0 0.310625 0.49528306149341145 0.03187500000000004 0.04690499999999991
0 0.406328125 0.4750579326500732 0.03687499999999999 0.04596600000000004
0 0.4773046875 0.43307144802342606 0.03750000000000003 0.05722400000000003
0 0.552734375 0.4917767979502196 0.07437499999999997 0.133208
0 0.5595703125 0.7102375402635432 0.08812500000000001 0.1285169999999999
0 0.6848046875 0.8505040131771595 0.16249999999999998 0.2964349999999999
0 0.676640625 0.3930762210834553 0.05125000000000002 0.075047
0 0.8552734375 0.2815133191800879 0.02937500000000004 0.05534799999999996
0 0.8744921875 0.2091670614934114 0.02312499999999995 0.04784200000000004
0 0.9676953125 0.13183219033674964 0.02562500000000001 0.051594999999999995
