0 0.00390625 0.22207829411764704 0.00875 0.02916299999999999
0 0.0463671875 0.39458982352941174 0.021875000000000006 0.046096000000000005
0 0.130625 0.3644319411764706 0.033125 0.06585099999999997
0 0.1337890625 0.24089329411764704 0.019375000000000003 0.02916200000000001
0 0.1605859375 0.6753496470588236 0.04500000000000001 0.09031099999999997
0 0.1719921875 0.26341641176470587 0.023125000000000007 0.04985900000000001
0 0.2178515625 0.6053895294117647 0.06625 0.11947400000000001
0 0.245390625 0.28681623529411765 0.01999999999999999 0.04327300000000002
0 0.2644140625 0.23319423529411765 0.018125000000000002 0.04233300000000004
0 0.2646875 0.1939754705882353 0.015625 0.032924999999999975
0 0.2678125 0.30239782352941175 0.017500000000000016 0.046096000000000005
0 0.3713671875 0.37072570588235293 0.023125000000000007 0.07525799999999998
0 0.5268359375 0.46633458823529417 0.04499999999999993 0.10442099999999992
0 0.6946484375 0.2925255294117647 0.030624999999999902 0.06773299999999999
0 0.7190625 0.4740979411764706 0.046875 0.11571000000000006
0 0.76109375 0.27682476470588235 0.024375000000000036 0.06020700000000002
0 0.858984375 0.6814703529411765 0.043749999999999956 0.11194700000000002
0 0.8633203125 0.27076935294117643 0.026874999999999982 0.06302900000000006
