0 0.0224609375 0.1836578947368421 0.046714 0.15200000000000002
0 0.1335725625 0.24828036842105264 0.06571699999999998 0.16
0 0.285988 0.42131173684210527 0.09422 0.25600000000000006
0 0.3923750625 0.19530668421052633 0.08155200000000001 0.20666700000000002
0 0.48181675 0.28463157894736846 0.05542400000000003 0.10800000000000003
0 0.5842466875 0.5831801578947369 0.10134600000000005 0.27599999999999997
0 0.6883886875 0.33747773684210525 0.03879599999999994 0.130667
0 0.8078929375 0.2588117368421053 0.04671400000000003 0.13066599999999995
0 0.8991305 0.2596973684210526 0.04829699999999992 0.09866700000000002
0 0.9390613125 0.5020131578947368 0.02612799999999993 0.14933300000000002
