0 0.217578125 0.32973991666666663 0.0675 0.09250000000000003
0 0.2873828125 0.4803125 0.04187500000000005 0.1425
0 0.3183984375 0.21333333333333335 0.060624999999999984 0.04333299999999999
0 0.3323046875 0.2902604166666667 0.06875000000000003 0.07749999999999997
0 0.363125 0.4486455 0.06437500000000002 0.14166700000000007
0 0.3760546875 0.23026041666666666 0.03750000000000003 0.075833
0 0.3930859375 0.4000000000000001 0.04500000000000004 0.12583299999999994
0 0.4501953125 0.3345833333333333 0.05812499999999998 0.10500000000000005
0 0.46859375 0.24760383333333336 0.055625000000000036 0.09083399999999997
0 0.5080859375 0.4395309166666666 0.07625000000000004 0.12249999999999998
0 0.5904296875 0.28510416666666666 0.06999999999999995 0.130833
0 0.6385546875 0.44567741666666666 0.06937499999999996 0.13833299999999996
0 0.683125 0.22114583333333335 0.0625 0.05833299999999997
0 0.7003125 0.39458366666666667 0.07874999999999999 0.14833299999999996
0 0.7663671875 0.272083 0.05437500000000006 0.063334
0 0.822109375 0.39588575 0.07499999999999996 0.15
