0 0.0496484375 0.32047550951683745 0.061875 0.10412700000000004
0 0.232578125 0.3411931112737921 0.13062500000000002 0.277673
0 0.2903125 0.3520546749633968 0.016250000000000042 0.04033700000000001
0 0.320859375 0.37035964421669104 0.013124999999999998 0.015010000000000018
0 0.3355078125 0.36889551537335286 0.011249999999999982 0.013133999999999982
0 0.472265625 0.2889145651537335 0.11375000000000002 0.242964
0 0.5603125 0.3660114172767203 0.015625 0.034709000000000025
0 0.661484375 0.4218768286969253 0.10624999999999996 0.15572200000000003
0 0.7548046875 0.36848364421669105 0.0068750000000000755 0.016886000000000012
0 0.7678125 0.37621615959004395 0.016874999999999973 0.02720500000000001
0 0.8428515625 0.3303479824304539 0.12812499999999993 0.27485899999999996
