0 0.0878125 0.21596393265007321 0.01625 0.04404900000000003
0 0.1053125 0.12517119033674964 0.016875 0.05154699999999999
0 0.1368359375 0.17086167496339677 0.014999999999999986 0.03842500000000002
0 0.152734375 0.30710644802342607 0.044375 0.058107000000000006
0 0.20796875 0.18286831918008783 0.02437499999999998 0.053420000000000044
0 0.22078125 0.38881586530014645 0.03999999999999998 0.08997200000000004
0 0.27375 0.2852568345534407 0.03187499999999999 0.06466700000000002
0 0.3159375 0.6217098960468522 0.048750000000000016 0.11340199999999995
0 0.317578125 0.4140647057101025 0.036250000000000004 0.061854999999999986
0 0.33234375 0.31928944802342607 0.02437499999999998 0.057169999999999964
0 0.4151953125 0.32093093265007316 0.025624999999999953 0.045923
0 0.4490234375 0.47363583455344066 0.02999999999999997 0.06654100000000006
0 0.4687890625 0.32379909224011716 0.019374999999999976 0.07310199999999994
0 0.49 0.6024988653001464 0.03312499999999996 0.08809800000000007
0 0.524921875 0.4215617057101025 0.028750000000000053 0.06185599999999995
0 0.5419140625 0.347582803806735 0.01937500000000003 0.04217499999999998
0 0.580390625 0.3392650614934114 0.020625000000000004 0.04967199999999999
0 0.6608984375 0.5441593499267936 0.02937500000000004 0.07685099999999993
0 0.6888671875 0.40967231918008784 0.021874999999999978 0.05435799999999998
0 0.7182421875 0.5343203191800879 0.02312499999999995 0.05435799999999998
0 0.7746484375 0.5316255768667643 0.02937500000000004 0.05998100000000006
0 0.8296875 0.5262400307467057 0.016249999999999987 0.02624200000000011
0 0.8871875 0.5101306749633968 0.016249999999999987 0.03842500000000002
0 0.91921875 0.4827743191800878 0.024375000000000036 0.05342100000000006
0 0.962265625 0.47984606149341136 0.020000000000000018 0.04967200000000007
