0 0.0146484375 0.6572167267355982 0.031097 0.07920799999999996
0 0.12109375 0.7014059483013294 0.243863 0.39356399999999986
0 0.0596246875 0.82784782422452 0.10147300000000001 0.13861399999999985
0 0.0856305 0.6018437828655835 0.047463000000000005 0.051979999999999874
0 0.1406714375 0.5974124682422453 0.031096000000000013 0.042078999999999915
0 0.1618940625 0.7725953072378139 0.050736 0.06683200000000003
0 0.325532875 0.391205929098966 0.058919 0.14108899999999994
0 0.3477854375 0.7413352511078286 0.062193 0.0915839999999999
0 0.5745404375 0.9293328242245199 0.09328900000000007 0.13613900000000004
0 0.60888225 0.44550102658788776 0.10311000000000003 0.198019
0 0.8522388125 0.6960197119645495 0.16693899999999995 0.19059399999999996
0 0.786492 0.6681965731166912 0.03273400000000004 0.044554000000000135
0 0.84931825 0.7711182023633677 0.03927999999999998 0.06435600000000007
