0 0.4678515625 0.3564394117647059 0.90875 0.09886999999999994
0 0.1366015625 0.4019965294117646 0.03375 0.06779700000000007
0 0.1814453125 0.6778915294117647 0.026874999999999982 0.06968000000000012
0 0.2707421875 0.4433113529411764 0.023125000000000007 0.06403100000000003
0 0.4180859375 0.4315466470588235 0.013749999999999984 0.04049000000000003
0 0.4651171875 0.46320252941176476 0.023125000000000007 0.06967899999999996
0 0.47296875 0.8000585882352942 0.02437499999999998 0.10546099999999983
0 0.5819921875 0.3948236470588235 0.02312499999999995 0.03860700000000004
0 0.624453125 0.4260661176470588 0.03624999999999989 0.07156299999999995
0 0.6305859375 0.689836294117647 0.04499999999999993 0.079096
0 0.6765625 0.4307218235294118 0.016250000000000098 0.04425599999999995
0 0.741484375 0.43348294117647057 0.04312500000000008 0.06685500000000004
0 0.8034375 0.46743423529411765 0.01749999999999996 0.09322000000000004
0 0.9709375 0.37786405882352936 0.016874999999999973 0.08662900000000001
0 0.976796875 0.6851061176470589 0.028124999999999956 0.17325799999999994
