0 0.2573828125 0.2498208649045521 0.041874999999999996 0.10996199999999999
0 0.346171875 0.312145718061674 0.028124999999999956 0.05451199999999995
0 0.3978515625 0.4656932907488986 0.03500000000000003 0.07330800000000001
0 0.4321484375 0.32829843465491926 0.030625000000000013 0.08740599999999998
0 0.5398046875 0.29505186196769456 0.038124999999999964 0.06860899999999998
0 0.5723828125 0.594100718061674 0.011249999999999982 0.05357200000000007
0 0.6074609375 0.29452457268722465 0.01375000000000004 0.01785699999999996
0 0.6469140625 0.7596894346549191 0.04999999999999993 0.08740599999999998
0 0.6585546875 0.506694718061674 0.03749999999999998 0.05451099999999997
0 0.6646875 0.3886274302496329 0.015625 0.026316000000000013
0 0.7151171875 0.4045454317180616 0.021874999999999978 0.04417300000000002
0 0.7670703125 0.3218384317180617 0.02562500000000001 0.044172999999999976
0 0.798828125 0.36395457562408223 0.03562500000000002 0.06109099999999999
0 0.8453125 0.27108529221732747 0.04749999999999999 0.09116499999999998
0 0.949921875 0.37775886196769454 0.028124999999999956 0.06766900000000006
