0 0.06953125 0.3456246666666667 0.07125 0.116667
0 0.109140625 0.6476559166666668 0.08375 0.15499999999999994
0 0.331875 0.23296908333333333 0.06437500000000002 0.12916600000000003
0 0.3913671875 0.45640624999999996 0.08437500000000003 0.13416700000000006
0 0.492890625 0.5894270833333334 0.08250000000000002 0.160833
0 0.5884765625 0.17703091666666668 0.09687499999999993 0.12416699999999999
0 0.61609375 0.4212496666666667 0.08625000000000005 0.14833400000000005
0 0.69578125 0.58255175 0.07125000000000004 0.1499999999999999
0 0.878515625 0.22666700000000004 0.083125 0.12583299999999994
0 0.9144921875 0.45171875 0.08562499999999995 0.15
0 0.9430859375 0.6478128333333334 0.10749999999999993 0.18249999999999997
