0 0.0111368125 0.3720836666666667 0.010632000000000003 0.022499999999999964
0 0.119362875 0.44385383333333334 0.027517 0.02749999999999993
0 0.1538029375 0.3512496666666667 0.014384000000000008 0.022500000000000037
0 0.189099375 0.31411458333333336 0.011882000000000004 0.020832999999999952
0 0.2007069375 0.2982815833333334 0.013759000000000021 0.019166000000000016
0 0.2469859375 0.3423434166666666 0.01438399999999998 0.014166999999999966
0 0.3433730625 0.3846878333333334 0.018135999999999985 0.028333000000000014
0 0.497801 0.5150520833333333 0.03314599999999995 0.06666699999999996
0 0.6817100625 0.37786425 0.01813600000000004 0.03916700000000003
0 0.764140875 0.4596871666666667 0.028767999999999905 0.06999999999999999
0 0.8214695625 0.33963575 0.06504100000000002 0.08749999999999998
0 0.9036469375 0.3187496666666667 0.014383999999999952 0.020833999999999946
0 0.9643089375 0.35161458333333334 0.014383999999999952 0.019167000000000007
