0 0.206875 0.29430594466403165 0.06375 0.197469
0 0.218125 0.11267366798418972 0.06374999999999997 0.16329100000000002
0 0.2990625 0.6066694743083004 0.11062499999999997 0.3405059999999999
0 0.440234375 0.1522238063241107 0.07437499999999997 0.178481
0 0.516640625 0.15471569169960475 0.020625000000000004 0.08227799999999999
0 0.617890625 0.18633624505928853 0.020625000000000004 0.14303800000000003
0 0.7034765625 0.09748366798418971 0.06625000000000003 0.16582200000000002
0 0.7998828125 0.5414921976284585 0.10375000000000001 0.308861
0 0.8605078125 0.11782667588932806 0.04249999999999998 0.13670900000000002
0 0.9900390625 0.5357932529644268 0.018125000000000058 0.11645600000000013
