0 0.045859375 0.47296296755162237 0.043125000000000004 0.04343700000000001
0 0.0447265625 0.385260820058997 0.034375 0.04815900000000001
0 0.11015625 0.4118176725663717 0.008750000000000008 0.055713000000000006
0 0.1339453125 0.3905127463126844 0.02562500000000001 0.050991999999999954
0 0.1723046875 0.3818968938053098 0.03812499999999999 0.04626999999999996
0 0.17453125 0.38089037758112093 0.03937499999999999 0.065156
0 0.24109375 0.38945189380530976 0.02437499999999998 0.04627
0 0.2783984375 0.3756384513274336 0.030625000000000013 0.063267
0 0.3037109375 0.34796541002949855 0.014375000000000027 0.025495999999999935
0 0.315546875 0.5188732300884955 0.028749999999999998 0.07176600000000002
0 0.321015625 0.31349482005899704 0.02062499999999995 0.049102999999999994
0 0.3353125 0.3343323362831858 0.016874999999999973 0.029272999999999997
0 0.35671875 0.515563640117994 0.05500000000000005 0.09442900000000004
0 0.3576171875 0.3379289675516224 0.021875000000000033 0.042493000000000024
0 0.4226953125 0.36678889380530977 0.02562500000000001 0.044381
0 0.433359375 0.3162734837758112 0.011875000000000024 0.022662999999999985
0 0.45234375 0.3251230412979351 0.024375000000000036 0.038716
0 0.4898046875 0.5198008702064897 0.06937500000000002 0.16619400000000006
0 0.4862890625 0.3217591150442478 0.018125000000000002 0.03682800000000003
0 0.525625 0.4275744513274336 0.03312499999999996 0.06421100000000007
0 0.5451953125 0.36826382005899705 0.02562500000000001 0.04815799999999993
0 0.6140234375 0.4039664513274337 0.030625000000000013 0.06421199999999994
0 0.6144140625 0.3051136725663717 0.01937500000000003 0.053823999999999955
0 0.67796875 0.5885708613569322 0.05625000000000002 0.08687400000000002
0 0.7084765625 0.415829377581121 0.03437499999999993 0.06515500000000002
0 0.779609375 0.5710429351032449 0.043749999999999956 0.08404199999999994
0 0.776796875 0.3343866725663717 0.02749999999999997 0.053823999999999955
0 0.8614453125 0.6824977315634218 0.11937500000000001 0.25212500000000004
0 0.841015625 0.33078904129793507 0.020625000000000004 0.040604000000000015
0 0.8937109375 0.43895978761061943 0.04562500000000003 0.09065200000000002
0 0.9145703125 0.37015182005899705 0.02562500000000001 0.04815900000000001
0 0.9638671875 0.3644868200589971 0.021874999999999978 0.05004699999999994
