0 0.02635431918008785 0.166796875 0.053471000000000005 0.05937499999999998
0 0.26268222108345535 0.1677734375 0.074109 0.06125
0 0.26748647877013176 0.1019921875 0.07973700000000002 0.053125000000000006
0 0.47585573645680823 0.0546875 0.08724200000000004 0.048125
0 0.56163360761347 0.1609765625 0.08442799999999995 0.0975
0 0.6758079326500732 0.17484375 0.04596599999999996 0.056249999999999994
0 0.7409919633967789 0.0978515625 0.06941799999999997 0.06499999999999999
0 0.894426092240117 0.164921875 0.07129499999999998 0.06
0 0.8963721903367496 0.0152734375 0.05159499999999995 0.030625
0 0.9610300922401172 0.341328125 0.07317099999999993 0.06812499999999999
