0 0.13523437500000002 0.25093330249632895 0.10625 0.23496199999999998
0 0.2516796875 0.2564565844346549 0.06999999999999998 0.18233
0 0.3199609375 0.2911738649045521 0.04625000000000001 0.11090199999999999
0 0.3259375 0.1330441497797357 0.04749999999999999 0.097745
0 0.3907421875 0.3109698634361234 0.02250000000000002 0.090226
0 0.4298046875 0.3372280044052864 0.03749999999999998 0.06390999999999998
0 0.5287109375 0.3566712907488987 0.04500000000000004 0.07142799999999996
0 0.5762109375 0.3051540073421439 0.04625000000000001 0.103384
0 0.64078125 0.3613102922173274 0.040000000000000036 0.09210600000000005
0 0.6705859375 0.32383301027900147 0.07625000000000004 0.144737
0 0.7648828125 0.3741734390602056 0.07250000000000001 0.14849599999999996
0 0.8063671875 0.26362187224669603 0.11624999999999996 0.214285
