0 0.0308984375 0.87484375 0.03 0.055000000000000014
0 0.106640625 0.8384378333333333 0.052500000000000005 0.0908330000000001
0 0.196484375 0.8824479166666667 0.043125000000000024 0.061666999999999916
0 0.2784375 0.82869825 0.016874999999999973 0.04166600000000006
0 0.359453125 0.6295309166666666 0.0675 0.12416700000000007
0 0.372265625 0.8660940833333334 0.020625000000000004 0.03583300000000008
0 0.4040625 0.9578645833333334 0.08000000000000002 0.08166700000000009
0 0.4037890625 0.8326559166666666 0.019374999999999976 0.029167000000000016
0 0.5591796875 0.89546875 0.03874999999999995 0.08749999999999991
0 0.7480859375 0.8131253333333334 0.04500000000000004 0.07416599999999995
0 0.9190625 0.7409899166666666 0.015625 0.030833000000000037
