0 0.1928125 0.5526865800293687 0.047500000000000014 0.12311999999999991
0 0.28324218749999996 0.6433231512481645 0.08562500000000003 0.11936099999999995
0 0.348203125 0.5861690073421438 0.036250000000000004 0.1043240000000001
0 0.3508984375 0.4535342892804699 0.029374999999999984 0.05263199999999994
0 0.5610546875 0.4718017209985316 0.038124999999999964 0.09680499999999996
0 0.617890625 0.6425588678414097 0.083125 0.15037600000000007
0 0.7066015625 0.7403595873715124 0.09750000000000003 0.22368500000000005
0 0.7078125 0.3522638649045521 0.04875000000000007 0.10996300000000005
0 0.826640625 0.4913040058737151 0.05125000000000002 0.08270700000000007
0 0.841796875 0.25863257709251103 0.028124999999999956 0.08082699999999998
0 0.9027734375 0.481493295154185 0.02937499999999993 0.134398
