0 0.0361328125 0.4348254729136164 0.073125 0.17167000000000007
0 0.4765625 0.5395782108345535 0.954375 0.7345219999999999
0 0.1895703125 0.2888080248901903 0.057499999999999996 0.11538500000000003
0 0.27703125 0.23277747877013177 0.03937499999999999 0.08067500000000002
0 0.340390625 0.45267541142020495 0.05249999999999999 0.1238270000000001
0 0.41671875 0.8149789882869691 0.08749999999999997 0.18292600000000003
0 0.404140625 0.2200563499267936 0.05125000000000002 0.07692299999999998
0 0.490625 0.21543544802342607 0.03187499999999999 0.05816199999999997
0 0.5271484375 0.28425822108345533 0.030625000000000013 0.075047
0 0.6071875 0.6922551229868228 0.04874999999999996 0.09568500000000005
0 0.6569140625 0.5896623499267936 0.050000000000000044 0.07879900000000004
0 0.710859375 0.4623098653001464 0.04312500000000008 0.088181
0 0.73546875 0.4042189633967789 0.024375000000000036 0.06941800000000005
0 0.8898046875 0.35420234992679356 0.038125000000000075 0.076923
0 0.934453125 0.45581396339677893 0.036250000000000004 0.06941799999999997
