0 0.236875 0.25036425 0.09437499999999999 0.16583400000000004
0 0.30046875 0.9283854166666666 0.11874999999999997 0.10833300000000001
0 0.505625 0.5476041666666667 0.09437499999999999 0.13083300000000006
0 0.49125 0.044270833333333336 0.06437500000000002 0.089167
0 0.5617578125 0.041666666666666664 0.07250000000000001 0.084167
0 0.607890625 0.579167 0.083125 0.12583299999999994
0 0.74046875 0.887917 0.11749999999999994 0.1875
0 0.828984375 0.028645833333333332 0.043749999999999956 0.058333
0 0.884453125 0.041666666666666664 0.0675 0.085833
0 0.9314453125 0.224167 0.08812500000000001 0.12750000000000003
