0 0.14011718750000002 0.8361461666666666 0.053750000000000006 0.09999999999999994
0 0.206015625 0.5682291666666667 0.02124999999999999 0.036667000000000005
0 0.2380078125 0.7605729166666667 0.04250000000000001 0.09166700000000001
0 0.3801953125 0.6660416666666666 0.026249999999999996 0.053333
0 0.44921875 0.5825003333333334 0.023749999999999993 0.04333299999999992
0 0.517265625 0.577292 0.020000000000000018 0.03333299999999991
0 0.566015625 0.567292 0.020000000000000018 0.03166599999999997
0 0.629765625 0.567292 0.02124999999999999 0.03166599999999997
0 0.6862890625 0.550625 0.018750000000000044 0.03333299999999998
0 0.7975390625 0.582292 0.018750000000000044 0.03166599999999997
0 0.928671875 0.5780725833333333 0.028749999999999942 0.051666999999999984
0 0.975625 0.6638024166666666 0.032500000000000084 0.04666599999999995
0 0.973359375 0.523958 0.012499999999999956 0.031666999999999966
