0 0.0048828125 0.3995311764705882 0.01 0.058325
0 0.05125 0.3480285294117647 0.03312500000000001 0.06961399999999998
0 0.1625 0.41764252941176466 0.0325 0.06867400000000004
0 0.2622265625 0.3584957058823529 0.035 0.07525899999999999
0 0.4282421875 0.06987417647058823 0.05375000000000002 0.10630299999999998
0 0.5506640625 0.32009876470588233 0.01937500000000003 0.060206999999999976
0 0.580078125 0.3199257058823529 0.03562500000000002 0.07525900000000003
0 0.720703125 0.27006670588235293 0.036250000000000004 0.07525899999999995
0 0.806328125 0.23525970588235293 0.036250000000000004 0.07525899999999999
0 0.8998046875 0.23567011764705884 0.03875000000000006 0.07337799999999997
