0 0.0146484375 0.9672647647058824 0.029375 0.06120499999999989
0 0.022578125 0.8898194117647058 0.035625000000000004 0.04990600000000009
0 0.01390625 0.7455829411764706 0.008749999999999999 0.01600699999999996
0 0.06125 0.8585130588235294 0.03125 0.03672299999999997
0 0.115625 0.8728065294117648 0.03312499999999999 0.06779699999999994
0 0.2689453125 0.9189455294117648 0.02562500000000001 0.06779699999999994
0 0.306796875 0.9662065882352942 0.028124999999999956 0.0536729999999999
0 0.3063671875 0.810311 0.021874999999999978 0.05178899999999992
0 0.3290625 0.7919542941176472 0.01687500000000003 0.02919099999999981
0 0.3914453125 0.8996478235294116 0.02562500000000001 0.044257000000000095
0 0.5086328124999999 0.8320841764705884 0.041250000000000064 0.056496999999999825
0 0.576875 0.8646810588235294 0.03312499999999996 0.08662900000000005
0 0.6669140625 0.7911294705882352 0.018125000000000058 0.03483999999999997
0 0.7569140625 0.8130188235294118 0.018124999999999947 0.046139999999999924
0 0.8026171875 0.8698653529411766 0.022499999999999964 0.0640299999999998
0 0.8051171875 0.7911294705882352 0.02312499999999995 0.03295699999999997
0 0.83390625 0.9424865294117647 0.040000000000000036 0.06967999999999994
0 0.924453125 0.8473825294117648 0.03562500000000002 0.06779699999999994
0 0.9822265625 0.9283625294117647 0.03375000000000006 0.06967899999999996
