0 0.0068359375 0.48664941666666667 0.015 0.07777799999999997
0 0.082265625 0.833681 0.145 0.15777699999999997
0 0.0840751875 0.47286425 0.023334000000000008 0.040000000000000036
0 0.1125126875 0.5733164166666667 0.06999999999999999 0.07777700000000005
0 0.107578125 0.49216991666666665 0.036667000000000005 0.05999999999999998
0 0.1747001875 0.4422044166666667 0.05333400000000002 0.07555599999999996
0 0.2226953125 0.45064225 0.026666999999999996 0.03999999999999996
0 0.28182324999999997 0.6605901666666666 0.07166599999999998 0.10000000000000016
0 0.272292 0.47623275000000004 0.03166600000000003 0.05555500000000002
0 0.2828125 0.4426731666666666 0.016666999999999987 0.03777800000000001
0 0.3085546875 0.533472 0.038333000000000006 0.06444500000000009
0 0.362057625 0.5659550833333333 0.05166599999999999 0.09777799999999999
0 0.3816015625 0.49401075 0.03500000000000003 0.055554999999999945
0 0.494765625 0.4454339166666667 0.020000000000000018 0.03111099999999996
0 0.55286425 0.5227431666666668 0.040000000000000036 0.06888899999999998
0 0.6235546875 0.46657941666666664 0.03833300000000006 0.046667000000000014
0 0.6511455 0.4302600833333334 0.016666999999999987 0.035556
0 0.675963875 0.5314755833333333 0.06000000000000005 0.08222200000000002
0 0.7891015625 0.8552600833333334 0.15833300000000006 0.284445
0 0.7474091875 0.5143919166666667 0.021666000000000074 0.06000000000000005
0 0.7566015625 0.4425175833333333 0.03500000000000003 0.05111100000000005
0 0.858098625 0.4258160833333333 0.020000000000000018 0.035555
0 0.9038935625 0.57967025 0.06500000000000006 0.10222199999999988
0 0.9221748125 0.4780725833333333 0.04166599999999998 0.05111100000000005
0 0.9529814375 0.4215976666666667 0.030000000000000027 0.053333
