0 0.014765625000000001 0.1937461903367496 0.020624999999999998 0.05159400000000001
0 0.033710937499999996 0.371018251830161 0.04625 0.097561
0 0.076875 0.30132757686676426 0.031875 0.06003800000000004
0 0.114453125 0.3572007057101025 0.03624999999999999 0.06285199999999994
0 0.14125 0.3435415768667643 0.033125000000000016 0.06003699999999999
0 0.189140625 0.28274993265007325 0.01999999999999999 0.04408999999999997
0 0.198203125 0.42597931918008786 0.03687499999999999 0.05534700000000003
0 0.2490234375 0.33873731918008787 0.029374999999999984 0.054408999999999964
0 0.278828125 0.45768996339677886 0.03562500000000002 0.06941800000000005
0 0.384921875 0.34312970571010254 0.028124999999999956 0.06378999999999994
0 0.41625 0.3878590922401171 0.03125 0.07129499999999998
0 0.56375 0.3412968653001464 0.03187499999999999 0.09005699999999998
0 0.5803125 0.4589956749633968 0.04749999999999999 0.03846199999999999
0 0.6279296875 0.3834667057101025 0.03874999999999995 0.06379000000000003
0 0.7819140625 0.13345373645680822 0.05062500000000003 0.08536599999999998
