0 0.0193359375 0.4193681595900439 0.014374999999999999 0.029081000000000006
0 0.0826171875 0.4252611171303075 0.08499999999999999 0.18667899999999998
0 0.1988671875 0.3698075768667643 0.021875000000000006 0.06003799999999992
0 0.221875 0.3144787979502196 0.06437500000000002 0.134146
0 0.371171875 0.40328096339677894 0.02812500000000001 0.06754199999999994
0 0.4258984375 0.4000281537335286 0.06187500000000001 0.11913700000000002
0 0.5020312499999999 0.4159137730600293 0.009374999999999967 0.018761999999999963
0 0.538671875 0.3869911903367496 0.028749999999999942 0.05065700000000002
0 0.5860546875 0.3293476017569546 0.06937499999999996 0.17354600000000003
0 0.66921875 0.19595524597364564 0.08750000000000002 0.188556
0 0.8433984375 0.35415819033674967 0.030625000000000013 0.051594999999999995
0 0.9253125 0.3986341229868229 0.04875000000000007 0.09474700000000003
0 0.953828125 0.3496957057101025 0.036250000000000004 0.06191400000000004
0 0.9887890625 0.3334069326500732 0.01937500000000003 0.04408999999999997
