0 0.15374966666666667 0.5790625 0.148334 0.17250000000000004
0 0.28682325 0.431640625 0.07083300000000003 0.08374999999999999
0 0.3207288333333333 0.5409765625 0.120834 0.09749999999999998
0 0.2819795 0.34921875 0.01666600000000003 0.02437499999999998
0 0.3841149166666667 0.4296484375 0.06166599999999992 0.06125000000000003
0 0.3985934166666667 0.542109375 0.0774999999999999 0.07499999999999996
0 0.4260940833333333 0.42984375 0.035833000000000004 0.05624999999999997
0 0.58369825 0.4188671875 0.040832999999999973 0.05437500000000001
0 0.6444788333333333 0.4513671875 0.059167000000000115 0.05437500000000001
0 0.6826559166666666 0.3421484375 0.0300000000000001 0.030625000000000013
0 0.7125520833333333 0.443671875 0.06583299999999988 0.06
0 0.7441145833333334 0.315546875 0.020000000000000018 0.02749999999999997
0 0.7980729166666666 0.4592578125 0.09333300000000004 0.104375
0 0.9079690833333333 0.5112890625 0.13000000000000003 0.11249999999999999
0 0.9542708333333333 0.666953125 0.08916700000000007 0.16062500000000002
