0 0.1024609375 0.603663496350365 0.04625 0.07096199999999991
0 0.0932421875 0.4558343941605839 0.023124999999999993 0.034546999999999994
0 0.12886718749999998 0.457701394160584 0.023124999999999993 0.034546999999999994
0 0.1882421875 0.462489102189781 0.021875000000000006 0.040149000000000025
0 0.2278125 0.5949720583941607 0.04874999999999999 0.08029799999999997
0 0.2405859375 0.4333066861313868 0.013749999999999984 0.028945000000000044
0 0.260546875 0.4666312481751825 0.02812500000000001 0.03641500000000001
0 0.2903125 0.43184683211678826 0.016250000000000042 0.025210000000000062
0 0.3333984375 0.6592273284671532 0.06125000000000003 0.09617100000000002
0 0.3199609375 0.44118383211678835 0.015000000000000013 0.025209999999999896
0 0.3645703125 0.4966279562043796 0.02562500000000001 0.04201699999999996
0 0.380390625 0.44585283211678833 0.020625000000000004 0.02614299999999994
0 0.4151171875 0.49971839416058395 0.023125000000000007 0.034546999999999994
0 0.4433984375 0.49995581021897806 0.030624999999999958 0.04575200000000002
0 0.4587890625 0.44182839416058395 0.019374999999999976 0.03268000000000003
0 0.5152734375 0.47287781021897807 0.02937500000000004 0.04388500000000005
0 0.565390625 0.4404872481751825 0.020625000000000004 0.03641500000000001
0 0.5966015625 0.4876470802919708 0.034375000000000044 0.05975699999999997
0 0.6291796875 0.6807690145985401 0.06937500000000008 0.12231599999999997
0 0.6309375 0.446497394160584 0.015625 0.034546999999999994
0 0.6543359375 0.44585283211678833 0.01375000000000004 0.02614299999999994
0 0.6838671875 0.4498242481751825 0.021874999999999978 0.03641500000000001
0 0.7218359375 0.39981239416058395 0.014375000000000027 0.03267899999999998
0 0.7391796875 0.5116346423357664 0.03750000000000009 0.0672270000000001
0 0.76546875 0.45006166423357663 0.024374999999999925 0.04761899999999999
0 0.8057421875 0.445563394160584 0.022499999999999964 0.034546999999999994
0 0.843515625 0.6665932846715329 0.08250000000000002 0.136321
0 0.85671875 0.458754102189781 0.024375000000000036 0.038281999999999976
0 0.8971875 0.4407766861313869 0.016874999999999973 0.02707699999999995
0 0.9858203125 0.4679203722627738 0.026249999999999996 0.05415500000000002
