0 0.038515625 0.37751370571010245 0.020625 0.061854999999999986
0 0.073046875 0.38764534992679356 0.028749999999999998 0.07685100000000002
0 0.1021875 0.30863067496339675 0.01625 0.03842499999999998
0 0.1131640625 0.3273746749633968 0.019375000000000003 0.038425999999999995
0 0.144921875 0.35666119033674965 0.028124999999999983 0.05248400000000001
0 0.233828125 0.4009998653001465 0.03562500000000002 0.08809699999999997
0 0.2758984375 0.39754054026354324 0.061874999999999986 0.126523
0 0.265234375 0.30798728843338213 0.013124999999999998 0.030927999999999976
0 0.307890625 0.3013100307467057 0.020625000000000004 0.02436700000000005
0 0.360546875 0.3416060922401171 0.02812500000000001 0.07122699999999997
0 0.391953125 0.4431098286969253 0.0675 0.15557600000000005
0 0.4119140625 0.27395367496339673 0.018125000000000002 0.038426000000000037
0 0.431796875 0.30751631918008787 0.028749999999999998 0.05435799999999998
0 0.4340625 0.22697741727672036 0.016249999999999987 0.03467599999999999
0 0.484609375 0.2656960307467057 0.012500000000000011 0.023430000000000003
0 0.497109375 0.26464277306002926 0.013124999999999998 0.019681000000000014
0 0.530390625 0.28520067496339674 0.020625000000000004 0.0403
0 0.553046875 0.3066955768667643 0.028124999999999956 0.05904399999999997
0 0.581875 0.3635118653001464 0.03312499999999996 0.08809700000000005
0 0.621484375 0.2652861595900439 0.013125000000000053 0.029053
0 0.6439453125 0.3392650614934114 0.02562500000000001 0.04873500000000003
0 0.6708203125 0.25503331918008787 0.026875000000000093 0.05435799999999998
0 0.7046875 0.3662627672035139 0.04874999999999996 0.11059000000000005
0 0.70984375 0.27242944802342606 0.024375000000000036 0.05717000000000005
0 0.75671875 0.26592954612005854 0.024375000000000036 0.036551000000000056
0 0.779765625 0.29158431918008787 0.020625000000000004 0.05435799999999998
0 0.808359375 0.25948580380673497 0.013125000000000053 0.04217400000000001
0 0.8291796875 0.3281914787701318 0.03874999999999995 0.08059999999999996
0 0.8678515625 0.25544319033674967 0.03500000000000003 0.05154599999999995
0 0.8896484375 0.28098070571010253 0.02937500000000004 0.06185599999999995
0 0.9407421875 0.2989650614934114 0.021874999999999978 0.04967199999999999
0 0.9708203125 0.243552803806735 0.02562500000000001 0.042175000000000025
0 0.99390625 0.2870145768667643 0.009375000000000022 0.05998100000000002
