0 0.0146484375 0.6770412936857563 0.030625 0.11372099999999993
0 0.1045703125 0.5220831512481644 0.058124999999999996 0.11748100000000003
0 0.15625 0.7650335814977974 0.06312499999999999 0.14285699999999993
0 0.2 0.6955435800293686 0.06312499999999999 0.12312100000000005
0 0.459453125 0.3187802980910426 0.06812499999999999 0.173872
0 0.5733203125 0.4667501483113069 0.02562500000000001 0.07706799999999996
0 0.7575 0.7595714375917768 0.06375000000000008 0.12875900000000004
0 0.7670703125 0.5091598663729809 0.05687500000000001 0.13063899999999995
0 0.8283984375 0.6117207239353891 0.06125000000000003 0.13721799999999995
0 0.9508984375 0.8603112936857562 0.06062499999999993 0.11372199999999992
0 0.984296875 0.5589718663729809 0.028750000000000053 0.13063900000000003
