0 0.0516796875 0.24593716666666665 0.06874999999999999 0.13249999999999998
0 0.16421875 0.3192190833333333 0.1175 0.19250000000000003
0 0.2673046875 0.6798440833333332 0.06875 0.09666599999999999
0 0.3083203125 0.2840628333333333 0.05812499999999998 0.11999999999999995
0 0.342890625 0.41604166666666664 0.08374999999999999 0.17833299999999996
0 0.68703125 0.65703125 0.10250000000000004 0.16583300000000004
0 0.73078125 0.15447916666666667 0.07124999999999992 0.09999999999999999
0 0.8309765625 0.4883854166666666 0.12750000000000006 0.2325
0 0.8106640625 0.17192741666666667 0.04937499999999995 0.07749999999999997
0 0.90921875 0.1282295 0.024375000000000036 0.079166
