0 0.08179687499999999 0.22222224597364568 0.058750000000000004 0.188555
0 0.18390625 0.32005492093704246 0.133125 0.22701700000000002
0 0.16296875 0.09705309224011713 0.0875 0.07317000000000003
0 0.326953125 0.30088104978038066 0.130625 0.230769
0 0.485546875 0.21531347291361638 0.09062500000000001 0.17166999999999996
0 0.5568359375 0.3014158960468521 0.1087499999999999 0.11350800000000003
0 0.6648046875 0.13513766325036602 0.13187499999999996 0.22045099999999998
0 0.818984375 0.30298556515373354 0.13687499999999997 0.24014999999999997
0 0.823828125 0.11498263250366034 0.12937500000000002 0.198874
0 0.9581640625 0.1806486325036603 0.08125000000000004 0.197936
