0 0.0656640625 0.6383904729136165 0.081875 0.17260799999999996
0 0.1251953125 0.6486039326500732 0.026874999999999996 0.04409000000000001
0 0.361875 0.6850227979502197 0.06374999999999997 0.134146
0 0.4136328125 0.6301837057101025 0.04125000000000001 0.061914
0 0.474375 0.6358127057101025 0.033125000000000016 0.06191299999999994
0 0.5096093749999999 0.7071508653001464 0.044375 0.09005600000000005
0 0.56859375 0.6226355461200586 0.024375000000000036 0.03658499999999998
0 0.6084765625 0.6646651903367496 0.03437499999999993 0.0525330000000001
0 0.633125 0.6228630614934114 0.03187499999999999 0.04784299999999997
0 0.6533203125 0.6839523191800878 0.02562500000000001 0.055348
0 0.9365625 0.6259756749633968 0.015625 0.03846099999999993
0 0.9620703125 0.6513478345534408 0.026874999999999982 0.06472799999999992
0 0.9800390625 0.6303680614934114 0.018750000000000044 0.04690400000000002
