0 0.4990234375 0.36443251633986934 0.999375 0.423431
0 0.3094140625 0.45098039215686275 0.080625 0.10209199999999996
0 0.390078125 0.5357071503267974 0.06812499999999999 0.11380699999999996
0 0.4034375 0.7360679934640523 0.07874999999999999 0.1531380000000001
0 0.424453125 0.4065796862745098 0.036250000000000004 0.07949799999999999
0 0.488828125 0.3881199803921569 0.03624999999999995 0.05690400000000002
0 0.5211328125 0.4248863071895425 0.04249999999999998 0.07531299999999999
0 0.6318359375 0.8729839215686274 0.14 0.2209200000000001
0 0.60015625 0.5109142875816993 0.07187500000000002 0.12887
0 0.6075390625 0.3233678758169935 0.050000000000000044 0.08117199999999998
0 0.87828125 0.6216864248366013 0.10312500000000002 0.14476999999999993
