0 0.1189453125 0.3646299726918075 0.058124999999999996 0.06161500000000007
0 0.2066015625 0.6587012639791938 0.065 0.09075800000000003
0 0.2272265625 0.4855122639791937 0.065 0.08909199999999994
0 0.278125 0.47433241222366707 0.03249999999999997 0.05162399999999997
0 0.3209375 0.3361609232769831 0.048750000000000016 0.07410499999999995
0 0.3644140625 0.5429177529258777 0.049375 0.06744400000000009
0 0.454453125 0.3525618517555267 0.036250000000000004 0.040798999999999946
0 0.4605859375 0.449764533159948 0.04562500000000003 0.07243999999999995
0 0.5261328125 0.43576958257477244 0.04125000000000001 0.057452
0 0.5523046875 0.19040241222366713 0.03750000000000009 0.05162399999999999
0 0.58703125 0.4641823628088426 0.040000000000000036 0.06411299999999996
0 0.6203515625 0.27043919245773734 0.03500000000000003 0.05495399999999996
0 0.6409765625 0.2195454122236671 0.03374999999999995 0.04995800000000002
0 0.7098828125 0.47589563198959683 0.04125000000000001 0.046626999999999974
0 0.737578125 0.39210697269180755 0.036250000000000004 0.05995000000000004
0 0.84078125 0.41427963198959683 0.039999999999999925 0.04496300000000008
0 0.8966796875 0.499677022106632 0.03874999999999995 0.04829299999999992
