0 0.0244140625 0.7904215073313783 0.05 0.1444649999999999
0 0.0330078125 0.6320497184750733 0.042499999999999996 0.08255199999999997
0 0.121875 0.6347461671554252 0.032500000000000015 0.07692299999999996
0 0.181796875 0.7982727507331379 0.06 0.11444700000000003
0 0.2367578125 0.5836794428152492 0.04125000000000001 0.0806750000000001
0 0.2752734375 0.8245397507331378 0.06125000000000003 0.11444600000000006
0 0.285 0.6932077507331379 0.0625 0.11444599999999998
0 0.286953125 0.9308984046920821 0.0675 0.13320799999999997
0 0.40625 0.8347401994134898 0.0625 0.10881800000000004
0 0.3980078125 0.6000922375366569 0.04125000000000001 0.05816100000000006
0 0.4517578125 0.5056998914956011 0.04249999999999998 0.07504699999999999
0 0.5218359375 0.4258611612903226 0.07625000000000004 0.161351
0 0.664140625 0.7562874428152492 0.05249999999999999 0.0806750000000001
0 0.7896875 0.6050267507331379 0.04874999999999996 0.11444699999999995
0 0.8244140625 0.7690107184750734 0.04999999999999993 0.08255199999999997
0 0.8553515625 0.585319340175953 0.03500000000000003 0.06941800000000008
0 0.8875 0.8461231612903226 0.06375000000000008 0.1632269999999999
0 0.953046875 0.6358651994134897 0.05875000000000008 0.110695
0 0.9648046875 0.48090016715542516 0.03749999999999998 0.07692300000000005
0 0.980625 0.5317297888563051 0.032500000000000084 0.06378999999999997
0 0.9903125 0.7387089560117303 0.016249999999999987 0.1388359999999999
