0 0.1822265625 0.5025364241531665 0.065 0.12912399999999996
0 0.3480078125 0.4518763755522827 0.04249999999999998 0.093308
0 0.4963671875 0.42142163770250374 0.053750000000000075 0.10273299999999992
0 0.5761328125 0.28952729455081 0.011249999999999982 0.03298800000000001
0 0.5830859375 0.30378280265095725 0.014374999999999916 0.04052799999999998
0 0.6229296875 0.2855212783505155 0.007499999999999951 0.022619999999999963
0 0.7321484375 0.4891054079528719 0.06125000000000003 0.11781399999999997
0 0.7319921875 0.29524208100147276 0.023125000000000062 0.05937799999999998
0 0.7950390625 0.2974795405007364 0.01937500000000003 0.03110299999999998
0 0.8285546875 0.5256871782032401 0.06874999999999998 0.13100799999999999
0 0.9126171875 0.3014855567010309 0.023125000000000062 0.04241300000000005
0 0.9726171875 0.30908534315169367 0.021874999999999978 0.067861
