0 0.07445312500000001 0.23263737758112094 0.03625 0.06704400000000002
0 0.2229296875 0.15921708259587022 0.03875000000000001 0.07743100000000001
0 0.2718359375 0.16677108259587023 0.044999999999999984 0.077432
0 0.317890625 0.1945148200589971 0.020625000000000004 0.050047
0 0.3491015625 0.19811245132743363 0.034999999999999976 0.063267
0 0.488828125 0.18689830383480827 0.03562499999999996 0.06987700000000001
0 0.5731640625 0.1957560412979351 0.01937500000000003 0.03871499999999999
0 0.58375 0.25235052507374633 0.03125 0.06043399999999997
0 0.6886328125 0.09836900884955752 0.04249999999999998 0.08120799999999997
0 0.7858984375 0.1574992713864307 0.06125000000000003 0.11048199999999996
