0 0.28218750000000004 0.24838715789473684 0.110625 0.213284
0 0.350546875 0.524514403508772 0.09000000000000002 0.14967299999999997
0 0.405546875 0.5519905204678363 0.058750000000000024 0.12254399999999997
0 0.471875 0.5081975789473684 0.06375000000000003 0.10757699999999994
0 0.551796875 0.4696086257309942 0.06000000000000005 0.09448099999999998
0 0.6016015625 0.457330649122807 0.03375000000000006 0.089803
0 0.6393359375 0.44920268421052634 0.04625000000000001 0.08044899999999996
0 0.6948046875 0.47357976608187136 0.038124999999999964 0.06080499999999992
0 0.731796875 0.35746678947368415 0.028749999999999942 0.05519100000000003
0 0.7485546875 0.5246217543859649 0.038124999999999964 0.06360999999999989
0 0.794609375 0.533152918128655 0.01187500000000008 0.02338600000000005
0 0.9098046875 0.6772119181286549 0.007500000000000062 0.020580000000000032
