0 0.3198828125 0.12926829268292683 0.13624999999999998 0.259173
0 0.497578125 0.15049273170731706 0.130625 0.247463
0 0.6326171875 0.22949278048780486 0.05312500000000009 0.157689
0 0.702265625 0.3511871707317073 0.020625000000000004 0.034348000000000024
0 0.71796875 0.34996765853658535 0.023749999999999938 0.03278699999999998
0 0.7324609375 0.38036604878048774 0.015000000000000013 0.010148000000000034
0 0.7562890625 0.3791931463414634 0.01937499999999992 0.029663999999999992
0 0.830390625 0.3138131951219512 0.020625000000000004 0.03981300000000003
0 0.8710546875 0.2963947317073171 0.03749999999999998 0.047618999999999946
0 0.960234375 0.3097123414634146 0.04312500000000008 0.07025800000000007
0 0.9869921875 0.299614756097561 0.023125000000000062 0.05308299999999998
