0 0.1245703125 0.5272399166666667 0.05812500000000001 0.09249999999999996
0 0.1325 0.3116149166666667 0.0325 0.06166600000000003
0 0.156953125 0.25255208333333334 0.03562499999999999 0.06666699999999999
0 0.1898046875 0.3553128333333333 0.03749999999999998 0.058333000000000045
0 0.2223046875 0.4050520833333333 0.03875000000000001 0.06750000000000005
0 0.2623046875 0.3182809166666667 0.037500000000000006 0.06083399999999998
0 0.327265625 0.7569795 0.08250000000000002 0.14249999999999993
0 0.3311328125 0.3942705 0.041874999999999996 0.04833399999999995
0 0.3475 0.4898440833333333 0.06312500000000004 0.09833300000000007
0 0.3529296875 0.32744791666666667 0.03875000000000001 0.06000000000000002
0 0.4512890625 0.45598925 0.049375 0.070834
0 0.4512109375 0.37682325 0.044999999999999984 0.07250000000000001
0 0.5554296875 0.33411491666666665 0.03749999999999998 0.061666
0 0.6142578125 0.4399996666666666 0.04125000000000001 0.08333400000000002
0 0.6209375 0.5567708333333333 0.046875 0.09083300000000001
0 0.7141796875 0.3919274166666667 0.03874999999999995 0.07749999999999997
0 0.7617578125 0.44875 0.04249999999999998 0.06416700000000002
0 0.8163671875 0.5056770833333334 0.05312499999999998 0.098333
0 0.9094921875 0.4842708333333334 0.05437499999999995 0.09000000000000001
