0 0.037109375 0.751606 0.076 0.20180799999999993
0 0.111870125 0.6394278235294117 0.06799999999999999 0.09437799999999996
0 0.25601075 0.5434385882352941 0.055332999999999966 0.10341299999999996
0 0.324338875 0.5168263529411764 0.02866599999999997 0.0632530000000001
0 0.36782325 0.5985887647058824 0.07200000000000001 0.111445
0 0.4066953125 0.4662295882352941 0.025999999999999968 0.05522099999999998
0 0.4300283125 0.4157036470588235 0.025999999999999968 0.041165000000000035
0 0.4633623125 0.419578 0.026000000000000023 0.050201000000000016
0 0.476292 0.48717194117647056 0.03266600000000003 0.06526100000000007
0 0.492338875 0.4231982352941177 0.028666000000000025 0.04216899999999998
0 0.533671875 0.4629634705882353 0.028000000000000025 0.03514100000000005
0 0.53971875 0.3187812352941176 0.02533299999999994 0.04216800000000004
0 0.5754091875 0.3258800588235294 0.02200000000000002 0.03614500000000003
0 0.66105175 0.36844482352941177 0.024666999999999994 0.04618399999999993
0 0.7146484375 0.4419201176470588 0.030667 0.07329400000000001
0 0.7856533125 0.5089766470588236 0.05666699999999991 0.08835399999999989
0 0.8185546875 0.43055117647058827 0.03799999999999992 0.05823299999999997
0 0.8490625 0.6103118235294118 0.07866699999999993 0.09638599999999993
0 0.8567705 0.48236441176470585 0.04733399999999999 0.04819300000000005
0 0.9369873125 0.5235002352941177 0.056665999999999994 0.09136499999999999
0 0.9676064375 0.7095796470588235 0.062000000000000055 0.18875500000000012
