0 0.1802734375 0.29333366666666666 0.06062500000000001 0.084166
0 0.22734375 0.47072916666666664 0.024999999999999994 0.03833300000000003
0 0.325625 0.3338024166666667 0.03250000000000003 0.046665999999999985
0 0.3323046875 0.15614583333333334 0.03750000000000003 0.05833299999999999
0 0.4301953125 0.5079684166666667 0.02562500000000001 0.04583399999999993
0 0.5071484374999999 0.57859375 0.06187499999999996 0.11916700000000002
0 0.5029296875 0.26135416666666667 0.03749999999999998 0.06999999999999999
0 0.6214453125 0.4464586666666666 0.05687500000000001 0.116666
0 0.675546875 0.12026074999999999 0.08999999999999997 0.11750000000000001
0 0.6715625 0.48453125 0.016875000000000084 0.040832999999999973
0 0.6737890625 0.61703125 0.018124999999999947 0.03999999999999996
0 0.68734375 0.8272395833333333 0.024374999999999925 0.05166700000000013
0 0.6881640625 0.6991663333333333 0.01937500000000003 0.04333399999999991
0 0.7336328125 0.6668753333333334 0.04249999999999998 0.13750000000000004
0 0.8112890625 0.5607291666666666 0.018125000000000058 0.03749999999999994
0 0.8603125 0.5255725833333332 0.015625 0.05000000000000012
0 0.8795703125 0.6705725833333332 0.02562500000000001 0.05000000000000012
0 0.8771875 0.5915621666666667 0.015625 0.038333999999999945
0 0.8937890625 0.7398961666666666 0.01937500000000003 0.03750000000000009
0 0.8994921875 0.8213024166666667 0.02312499999999995 0.04499999999999993
0 0.9050390625 0.4531767500000001 0.01937500000000003 0.05499999999999994
0 0.933046875 0.47265625 0.028749999999999942 0.07250000000000001
0 0.983671875 0.5107295 0.028125000000000067 0.07916600000000007
