0 0.11218716666666667 0.1683203125 0.06999999999999999 0.057499999999999996
0 0.20734375000000002 0.17125 0.05666699999999999 0.0625
0 0.24442741666666667 0.2823046875 0.07666599999999997 0.03875000000000001
0 0.4120315833333334 0.3433203125 0.08166599999999995 0.057499999999999996
0 0.4232291666666667 0.13425781250000002 0.03666699999999993 0.041249999999999995
0 0.5898958333333334 0.7716796875 0.12166699999999997 0.06874999999999998
0 0.5808333333333334 0.12898437499999998 0.04333299999999992 0.04375
0 0.6155729166666667 0.36375 0.09166700000000001 0.06374999999999997
0 0.7175003333333333 0.2121484375 0.04333299999999992 0.03
0 0.9666149166666668 0.512890625 0.06166599999999992 0.11500000000000005
