0 0.0107421875 0.5679980307467057 0.023125 0.025328000000000045
0 0.024921875 0.6399765768667642 0.028125 0.06003800000000004
0 0.0440625 0.5759149019033675 0.01625 0.021576000000000057
0 0.0875390625 0.839210571010249 0.08187499999999999 0.15009399999999992
0 0.0819140625 0.5889336442166911 0.018125000000000002 0.01688599999999993
0 0.096015625 0.6246959019033674 0.020000000000000004 0.022514000000000034
0 0.1153125 0.5477719019033674 0.015625 0.020638000000000083
0 0.1434375 0.5559172884333822 0.015625 0.030956999999999957
0 0.1759375 0.5825951595900439 0.016250000000000014 0.027205000000000052
0 0.3116015625 0.7053449633967789 0.03437499999999999 0.06941799999999997
0 0.3571484375 0.7227119326500733 0.030624999999999958 0.04596699999999993
0 0.3975 0.6788062884333822 0.03312499999999996 0.030956999999999957
0 0.4258984375 0.684662803806735 0.029374999999999984 0.042213999999999974
0 0.4419140625 0.6000072884333822 0.01937500000000003 0.030956999999999874
0 0.4845703125 0.6443248038067351 0.02562500000000001 0.042213999999999974
0 0.5075390625 0.5920904172767203 0.018749999999999933 0.034709000000000025
0 0.542890625 0.6225212884333821 0.020625000000000004 0.03095700000000004
0 0.558046875 0.6627450307467058 0.028749999999999942 0.024389999999999905
0 0.5799609375 0.6295001595900439 0.01375000000000004 0.028141999999999973
0 0.6006640625 0.6210571595900439 0.01937499999999992 0.027204
0 0.6217578125 0.6844352884333822 0.041874999999999996 0.030955999999999984
0 0.618359375 0.5932127730600293 0.013124999999999942 0.018760999999999993
0 0.7080859375 0.606048159590044 0.013749999999999929 0.027204
0 0.7398046875 0.6185849326500732 0.03875000000000006 0.04408999999999993
