0 0.046328125 0.21097296339677893 0.036875000000000005 0.06848099999999997
0 0.093671875 0.56444760761347 0.028124999999999997 0.08442799999999995
0 0.1094921875 0.26549622108345533 0.02187499999999999 0.07504699999999996
0 0.1816796875 0.25899931918008784 0.03812500000000002 0.05347099999999999
0 0.1897265625 0.3309347057101025 0.03375 0.062851
0 0.20546875 0.21591741727672037 0.024375000000000008 0.032832999999999994
0 0.25871093749999996 0.6509531844802343 0.076875 0.14071299999999995
0 0.3408203125 0.20781719033674964 0.026874999999999982 0.051594999999999995
0 0.3902734375 0.3100240307467057 0.030625000000000013 0.024391
0 0.41296875 0.23033119033674965 0.02437499999999998 0.05065699999999998
0 0.4324609375 0.41435360761346995 0.014375000000000027 0.08255199999999996
0 0.5071875 0.6784039209370425 0.10999999999999999 0.2270170000000001
0 0.464765625 0.2788836749633968 0.020625000000000004 0.038460999999999974
0 0.538984375 0.22049415959004393 0.01187500000000008 0.029081000000000006
0 0.568671875 0.9791075461200586 0.028124999999999956 0.037523999999999925
0 0.5708984375 0.3369745768667643 0.02937499999999993 0.060038
0 0.587734375 0.22706115959004394 0.013124999999999942 0.028141999999999973
0 0.664609375 0.2788836749633968 0.013125000000000053 0.038460999999999974
0 0.66765625 0.24037851537335286 0.008125000000000049 0.01313299999999997
0 0.716875 0.43664009224011713 0.03312499999999996 0.07317099999999993
0 0.74 0.364591448023426 0.03187499999999999 0.057223000000000024
0 0.8077734375 0.9028603748169839 0.12375000000000003 0.19136999999999993
0 0.8218359375 0.2788836749633968 0.014375000000000027 0.038460999999999974
0 0.8427734375 0.3580945461200586 0.030625000000000013 0.03658599999999991
0 0.8555859375 0.2767791595900439 0.01375000000000004 0.029081000000000048
0 0.869375 0.5147026691068814 0.03187499999999999 0.13039400000000007
0 0.89109375 0.32425344802342604 0.024375000000000036 0.05722399999999999
0 0.9363671875 0.31276893265007316 0.02312499999999995 0.04409000000000005
0 0.9619921875 0.45338589604685214 0.053749999999999964 0.1135079999999999
0 0.9746875 0.7151291171303075 0.04812499999999997 0.1866789999999999
0 0.992734375 0.37081567496339674 0.012500000000000067 0.04033800000000006
