0 0.4990234375 0.34651075 0.999375 0.555
0 0.05703125 0.2309375 0.04 0.048332999999999994
0 0.1235546875 0.25734375000000004 0.03749999999999999 0.05666699999999999
0 0.207578125 0.3543225833333334 0.0675 0.11249999999999998
0 0.2018359375 0.17776041666666667 0.045625 0.07749999999999997
0 0.25300781250000004 0.23088508333333335 0.010624999999999968 0.06749999999999996
0 0.4622265625 0.18875 0.03375 0.06333299999999997
0 0.5214453125 0.1409375 0.026249999999999996 0.048333000000000015
0 0.577265625 0.2762503333333333 0.05125000000000002 0.10499999999999998
0 0.5800390625 0.12848991666666668 0.018124999999999947 0.029165999999999987
0 0.6376171875 0.12869825 0.02187500000000009 0.04083299999999999
0 0.6883203125 0.33536458333333335 0.02562500000000001 0.08250000000000002
0 0.74703125 0.23421908333333333 0.039999999999999925 0.06583299999999999
0 0.83046875 0.11322916666666667 0.02375000000000005 0.038332999999999985
0 0.9229296875 0.23572916666666666 0.03874999999999995 0.038332999999999985
0 0.964296875 0.18114583333333334 0.02749999999999997 0.05833299999999997
