0 0.235467125 0.72935475 0.255426 0.46102499999999996
0 0.1699074375 0.2439275 0.030049999999999993 0.04899800000000002
0 0.2241480625 0.2036329166666667 0.01836399999999999 0.028953000000000007
0 0.27716075 0.21627658333333333 0.02504200000000001 0.051225
0 0.361452375 0.12437983333333334 0.013355000000000006 0.02672600000000001
0 0.6544163125 0.7516617499999999 0.49415600000000004 0.492205
0 0.578229 0.13740066666666667 0.03171999999999997 0.053452
0 0.71288775 0.04550291666666667 0.02504099999999998 0.028954000000000004
0 0.7503081875 0.014322916666666666 0.02337200000000006 0.03118
0 0.853404875 0.22340475 0.0283810000000001 0.11804000000000003
0 0.9428624375 0.17923791666666666 0.03005000000000002 0.124722
