0 0.045390625000000004 0.5262582825768668 0.05249999999999999 0.12195099999999999
0 0.1399609375 0.11261415959004392 0.013750000000000012 0.029081000000000006
0 0.1655859375 0.21445328843338216 0.013749999999999984 0.030957
0 0.21125 0.4230251229868228 0.031875000000000014 0.09662200000000006
0 0.251484375 0.24541028843338214 0.011874999999999997 0.03001900000000002
0 0.2787890625 0.3032736749633968 0.019374999999999976 0.03846199999999999
0 0.2812890625 0.14503528843338215 0.019374999999999976 0.030956999999999978
0 0.320859375 0.1252210307467057 0.012500000000000011 0.024391
0 0.3476171875 0.3032736749633968 0.021875000000000033 0.03846199999999999
0 0.3524609375 0.14983954612005856 0.014374999999999971 0.036585999999999994
0 0.3853125 0.1895371595900439 0.015625 0.029081000000000006
0 0.415859375 0.16150841727672036 0.012500000000000011 0.032833000000000015
0 0.4840625 0.17722790190336749 0.015625 0.02063800000000002
0 0.4921875 0.24353428843338215 0.01749999999999996 0.031895000000000014
0 0.516640625 0.47571554026354324 0.05124999999999996 0.12851799999999997
0 0.538359375 0.08968828843338214 0.013125000000000053 0.03001900000000001
0 0.61859375 0.4108992210834554 0.024374999999999925 0.075047
0 0.651484375 0.08353315959004393 0.012499999999999956 0.027205
0 0.708046875 0.3267256749633968 0.028125000000000067 0.03846200000000003
0 0.7037109375 0.08968828843338214 0.015000000000000013 0.03189500000000001
0 0.740859375 0.0961410307467057 0.013125000000000053 0.02439
0 0.7608203125 0.372096448023426 0.02562500000000001 0.057223000000000065
0 0.8062109375 0.24705877306002927 0.015000000000000013 0.018762000000000004
0 0.816484375 0.10510915959004392 0.011874999999999969 0.027205
0 0.838046875 0.37138596339677893 0.028125000000000067 0.06941800000000005
0 0.8580078125 0.1636830307467057 0.010000000000000009 0.02439000000000001
0 0.8655078125 0.10803741727672035 0.010624999999999996 0.032833
0 0.8850390625 0.17100367496339677 0.018125000000000058 0.03846200000000001
0 0.9776171875 0.2573076749633968 0.021874999999999978 0.04033800000000002
