0 0.2642578125 0.193341859443631 0.10500000000000001 0.179007
0 0.3370703125 0.3594564363103953 0.11937499999999995 0.23805099999999998
0 0.4240625 0.25262331332357246 0.078125 0.14432999999999996
0 0.520859375 0.18456102489019033 0.07562499999999994 0.11527700000000003
0 0.5373046875 0.35166976134699857 0.10125 0.19962500000000002
0 0.567265625 0.16446915373352855 0.05249999999999999 0.117151
0 0.6376171875 0.31910421522693994 0.08562500000000006 0.164949
0 0.6740625 0.1688615402635432 0.078125 0.127461
0 0.789375 0.2839572459736457 0.09499999999999997 0.188379
0 0.8905859375 0.2722520922401171 0.04625000000000001 0.073103
0 0.9690234375 0.2246836691068814 0.06062500000000004 0.13027200000000003
