0 0.009765625 0.08093895754026355 0.02 0.159475
0 0.0458984375 0.7153576325036602 0.0925 0.197936
0 0.0731640625 0.1046194729136164 0.080625 0.17260799999999998
0 0.1717578125 0.15827382869692533 0.07250000000000001 0.15759900000000002
0 0.2573828125 0.2981630863836017 0.073125 0.161351
0 0.302109375 0.18461092679355784 0.07437499999999997 0.13695999999999997
0 0.3860546875 0.7318307613469985 0.10125 0.20075099999999999
0 0.375234375 0.38259108638360173 0.07500000000000001 0.16135100000000002
0 0.42703125 0.14907718448023424 0.07125000000000004 0.14071300000000003
0 0.5094531250000001 0.10727605563689606 0.06687499999999996 0.13883600000000001
0 0.5305078125 0.20641444216691068 0.07250000000000001 0.14821800000000004
0 0.6117578125 0.4114435710102488 0.073125 0.15197000000000002
0 0.6451953125 0.8238338594436311 0.08812500000000001 0.18105
0 0.6625 0.10874018448023427 0.06374999999999997 0.140712
0 0.728203125 0.25068879795021964 0.0681250000000001 0.133208
0 0.829921875 0.23441724597364572 0.09124999999999994 0.18855500000000003
0 0.8833203125 0.06734992679355783 0.08875 0.136961
0 0.97890625 0.1895035036603221 0.040000000000000036 0.19605999999999998
