0 0.14765625 0.6270710922401171 0.03937500000000002 0.07223300000000003
0 0.4438671875 0.35932244216691067 0.02250000000000002 0.14728000000000005
0 0.46796875 0.40089705563689604 0.05625000000000002 0.13977400000000004
0 0.5363671875 0.39476786530014635 0.053749999999999964 0.08911800000000003
0 0.5932421875 0.3811788345534407 0.02312499999999995 0.06566599999999999
0 0.62296875 0.377628411420205 0.05500000000000005 0.12570399999999995
0 0.6759375 0.36664308638360177 0.078125 0.161351
0 0.7794921875 0.41971093265007325 0.021874999999999978 0.04408999999999993
0 0.8151953125 0.37096537481698394 0.08812500000000001 0.190432
0 0.9019921875 0.3948379633967789 0.021874999999999978 0.06848100000000006
0 0.958125 0.4048151903367497 0.03125 0.05159499999999995
