0 0.2591796875 0.31418018448023427 0.06937499999999999 0.14165099999999997
0 0.322265625 0.2796113806734993 0.05125000000000002 0.100375
0 0.354296875 0.28384634992679353 0.02812500000000001 0.076923
0 0.3705859375 0.20106683455344068 0.013749999999999984 0.06660399999999998
0 0.6841796875 0.2083605402635432 0.600625 0.12851800000000005
0 0.4088671875 0.16871580380673498 0.021874999999999978 0.042214000000000015
0 0.45859375 0.209052803806735 0.02437499999999998 0.042214000000000015
0 0.479609375 0.20841341727672033 0.012500000000000011 0.03470899999999998
0 0.4868359375 0.17223928843338213 0.014375000000000027 0.030957
0 0.5453125 0.22008228843338215 0.015625 0.030957
0 0.5787890625 0.4249365651537335 0.050000000000000044 0.24014999999999997
0 0.594765625 0.20882528843338213 0.020625000000000004 0.03095700000000004
0 0.6353125 0.21591741727672037 0.015625 0.03471
0 0.657890625 0.22852528843338216 0.020625000000000004 0.03189499999999997
0 0.698515625 0.2554316749633968 0.020625000000000004 0.038461000000000016
0 0.7412890625 0.22740293265007322 0.018124999999999947 0.045027999999999985
0 0.7932421875 0.23033119033674965 0.021874999999999978 0.05065699999999998
0 0.8609375 0.23666967496339678 0.01749999999999996 0.04033799999999998
0 0.8765234375 0.25584354612005855 0.030625000000000013 0.03658500000000002
0 0.9126171875 0.22154641727672036 0.021874999999999978 0.032832999999999994
0 0.94796875 0.2412464172767204 0.024374999999999925 0.03470899999999998
0 0.9713671875 0.2541950614934114 0.02187500000000009 0.049719000000000006
