0 0.0381686875 0.5338737151248165 0.006649000000000002 0.013000000000000013
0 0.12175875 0.7893318649045521 0.05651600000000001 0.10999999999999996
0 0.11627325 0.5212790014684288 0.007979 0.021000000000000064
0 0.2589136875 0.5258737151248164 0.006649000000000016 0.013999999999999988
0 0.2701758125 0.5933421439060205 0.011303000000000007 0.016999999999999998
0 0.3738160625 0.574215859030837 0.017952000000000023 0.026999999999999916
0 0.4038606875 0.5298737151248164 0.006649000000000016 0.014000000000000071
0 0.4198176875 0.5362790014684288 0.005984000000000045 0.023000000000000017
0 0.4902966875 0.5198737151248164 0.005983999999999989 0.014000000000000071
0 0.5191778125 0.7629897209985316 0.04122399999999998 0.09500000000000007
0 0.5301069375 0.5421527165932453 0.015293000000000001 0.03500000000000005
0 0.6364899375 0.5441527165932453 0.015293000000000001 0.03300000000000002
0 0.6431389375 0.8322422907488988 0.013963000000000059 0.0719999999999999
0 0.6564788125 0.5315580029368575 0.00997300000000001 0.042000000000000044
0 0.6849441875 0.5329001468428781 0.02327100000000004 0.056000000000000036
0 0.7627780625 0.5080895741556535 0.017951999999999968 0.04099999999999999
0 0.8040848125 0.5227474302496329 0.009974000000000038 0.02500000000000005
0 0.8367066875 0.5418737151248165 0.005983999999999989 0.013000000000000013
0 0.9125036875 0.5158105726872246 0.007314000000000043 0.01900000000000003
0 0.9477018125 0.5247474302496329 0.009974000000000038 0.02500000000000005
0 0.97731025 0.5242790014684288 0.0093089999999999 0.02200000000000004
