0 0.0275390625 0.582421875 0.049999999999999996 0.09062500000000007
0 0.0640625 0.7052734375 0.078125 0.09218699999999991
0 0.1208989375 0.43515625 0.07656199999999999 0.10156299999999996
0 0.2384760625 0.345702625 0.08125000000000002 0.11406300000000003
0 0.3787109375 0.8869140625 0.07656299999999999 0.11249999999999993
0 0.435546875 0.7306645625 0.09062500000000001 0.06562500000000004
0 0.498047375 0.3482426875 0.07499899999999998 0.068749
0 0.5998051875 0.3 0.08437399999999995 0.09375
0 0.58828175 0.71484325 0.05624999999999991 0.10156299999999996
0 0.7201171875 0.6189448125 0.08437499999999998 0.104688
0 0.810546875 0.674609375 0.09062499999999996 0.07500000000000007
0 0.9013671875 0.8361328125 0.08437499999999998 0.104688
0 0.9611328125 0.335937 0.073438 0.09375
