0 0.0204296875 0.4230856687402799 0.038125 0.085572
0 0.0341796875 0.6284442877138413 0.03875 0.155224
0 0.1369921875 0.4583538180404354 0.05374999999999999 0.132338
0 0.20546875 0.4885058289269052 0.024375000000000008 0.07263699999999995
0 0.272734375 0.5308653981337481 0.04375000000000001 0.12636800000000006
0 0.35046875 0.6097891275272163 0.05625000000000002 0.16716399999999998
0 0.3717578125 0.427492099533437 0.04125000000000001 0.033831
0 0.4151171875 0.7248589455676517 0.116875 0.2955229999999999
0 0.4809765625 0.42801685692068425 0.06562500000000004 0.20597
0 0.5665625000000001 0.27505677449455673 0.14187500000000003 0.36716400000000005
0 0.7478125 0.31259720062208396 0.20375 0.627861
