0 0.2367438125 0.7118295369458129 0.04206699999999999 0.06850300000000008
0 0.27383775 0.19597041871921184 0.056089 0.09456400000000001
0 0.417705125 0.5402166403940887 0.06642100000000001 0.09605399999999992
0 0.43133925 0.40358687192118226 0.03911500000000001 0.061802000000000024
0 0.5040521250000001 0.42071287192118223 0.06641999999999998 0.06180200000000008
0 0.5154276250000001 0.4913818669950739 0.05092199999999997 0.07892799999999994
0 0.5739681875 0.5800355369458128 0.05461300000000002 0.06850300000000008
0 0.65421725 0.32704275369458125 0.03911500000000001 0.08786300000000007
0 0.71178225 0.2853224187192118 0.03911400000000009 0.094565
0 0.74850375 0.7444098571428571 0.08708499999999997 0.11615799999999996
