0 0.13671875 0.32941426676602087 0.05499999999999999 0.10782499999999999
0 0.207890625 0.2849849538002981 0.05125000000000002 0.10591599999999997
0 0.3053515625 0.5131565797317437 0.06562499999999999 0.1106870000000001
0 0.3756640625 0.28116895380029805 0.04999999999999999 0.10687000000000003
0 0.4568359375 0.48990170193740684 0.04625000000000001 0.09255799999999995
0 0.470390625 0.7270790149031297 0.05249999999999999 0.09732899999999996
0 0.4887890625 0.28116895380029805 0.050000000000000044 0.10687000000000003
0 0.6040625 0.3427732667660208 0.0475000000000001 0.10782499999999999
0 0.632890625 0.5587223278688525 0.05124999999999991 0.1011449999999999
0 0.75046875 0.33579420566318924 0.05625000000000002 0.11736600000000001
0 0.817265625 0.6118572667660208 0.05249999999999999 0.10782500000000007
