0 0.1272265625 0.11843750000000001 0.035 0.04749999999999999
0 0.2494921875 0.07364583333333334 0.021875000000000006 0.05833299999999999
0 0.2950390625 0.11192708333333334 0.019374999999999976 0.035833000000000004
0 0.3545703125 0.07640658333333333 0.02562500000000001 0.04999999999999999
0 0.4021484375 0.3172399166666667 0.060624999999999984 0.093333
0 0.580234375 0.13921875 0.013125000000000053 0.025832999999999995
0 0.7262109375 0.12098991666666666 0.015000000000000013 0.030833000000000017
0 0.7776171875 0.10906216666666667 0.021874999999999978 0.038334
0 0.8262890625 0.10552083333333333 0.01937500000000003 0.028333000000000014
0 0.8483203125 0.09140658333333333 0.026875000000000093 0.049999999999999996
0 0.9028125 0.12541666666666668 0.016249999999999987 0.022500000000000003
