0 0.0166014375 0.3203125 0.030274 0.046875
0 0.01757775 0.5846350833333332 0.024414 0.06510499999999997
0 0.039063 0.20572875 0.032226 0.054688000000000035
0 0.0644535625 0.43880225 0.03417900000000001 0.04036399999999999
0 0.07324243750000001 0.5026044166666667 0.031249999999999993 0.07552100000000002
0 0.09375 0.14322966666666667 0.033202999999999996 0.054687000000000006
0 0.104492 0.6276039166666666 0.033202999999999996 0.059896000000000095
0 0.1386715 0.47916625 0.047852000000000006 0.07161499999999998
0 0.135742 0.3906253333333334 0.032227000000000006 0.044269999999999955
0 0.1406245625 0.2317709166666667 0.034180000000000016 0.05989599999999995
0 0.164062625 0.3763024166666667 0.020508 0.04427099999999995
0 0.181640375 0.279948 0.011719000000000007 0.03385400000000005
0 0.1865235 0.3671874166666667 0.015625 0.04427099999999987
0 0.20214875 0.40885366666666667 0.02441400000000002 0.05208400000000002
0 0.2324219375 0.2513019166666666 0.014647999999999994 0.029948000000000047
0 0.24707075 0.3802083333333333 0.02441399999999999 0.041667000000000044
0 0.2558590625 0.2916668333333334 0.018554999999999988 0.02604199999999997
0 0.27343775 0.3359375 0.024414000000000047 0.049478999999999974
0 0.2861326875 0.5013015833333333 0.03711000000000003 0.05078200000000003
0 0.30761675 0.3658854166666667 0.02441399999999999 0.04557299999999994
0 0.309569875 0.3125 0.02734399999999998 0.03125
0 0.3388674375 0.4778645833333333 0.030272999999999994 0.050780999999999965
0 0.3486331875 0.3437500833333333 0.023436999999999986 0.03645800000000007
0 0.3564450625 0.20052100000000003 0.018554999999999988 0.033853999999999974
0 0.37597675 0.3242189166666667 0.02441399999999999 0.029947999999999936
0 0.39550775 0.26171833333333333 0.023438000000000014 0.041667000000000044
0 0.473633 0.8268225 0.06347599999999992 0.14192799999999992
0 0.4873048125 0.41406291666666667 0.04199200000000003 0.06119700000000002
0 0.4824221875 0.324219 0.023436999999999986 0.03125
0 0.524413625 0.3125 0.02050799999999997 0.032552000000000025
0 0.558593875 0.42057341666666664 0.028320000000000012 0.04557200000000002
0 0.5878910625 0.415365 0.01855399999999996 0.033853999999999974
0 0.6347655 0.31119775 0.016602000000000006 0.02343800000000003
0 0.64941375 0.3541670833333333 0.024413999999999936 0.03515600000000004
0 0.6601563125 0.4088541666666667 0.025391000000000052 0.037760000000000016
0 0.6845705 0.30598908333333336 0.015625 0.03515699999999996
0 0.7578120625 0.7877600833333332 0.04882900000000001 0.09635499999999997
0 0.7500005 0.3502600833333333 0.017578000000000094 0.035156999999999994
0 0.7910156875 0.5403649166666668 0.038086000000000064 0.029947999999999936
0 0.8261720625 0.5273435 0.019531000000000076 0.04817699999999999
0 0.83496075 0.36718708333333333 0.02343799999999996 0.03515700000000003
0 0.8574221875 0.4453123333333333 0.022461000000000064 0.041667000000000044
0 0.892578 0.4726564166666667 0.03125 0.044271000000000026
0 0.8955075 0.37500025 0.016602000000000006 0.04036399999999999
0 0.9394528125 0.5494795 0.04199299999999995 0.07942699999999998
0 0.953125125 0.4804690833333334 0.03613299999999997 0.03515599999999989
0 0.95117175 0.3736979166666667 0.024414000000000047 0.029947999999999936
0 0.97167975 0.4075525 0.024414000000000047 0.046875
