0 0.0107421875 0.5718383499267935 0.023125 0.07879899999999995
0 0.1160546875 0.7308313806734993 0.10125 0.10131299999999999
0 0.108203125 0.5512003499267936 0.035625000000000004 0.07879900000000004
0 0.20265625 0.6252133133235726 0.07124999999999998 0.14446499999999993
0 0.1790625 0.5542688038067349 0.016874999999999973 0.042213999999999974
0 0.196015625 0.5220060922401172 0.020625000000000004 0.07129400000000001
0 0.3047265625 0.7013125710102489 0.09625 0.15196999999999988
0 0.2840625 0.5580208038067349 0.01687500000000003 0.042213999999999974
0 0.386328125 0.5299661229868228 0.03562499999999996 0.09380900000000002
0 0.41359375 0.5394873191800879 0.024375000000000036 0.05534700000000003
0 0.50078125 0.5368748960468521 0.07187499999999997 0.11257099999999998
0 0.69828125 0.5960640014641289 0.19562500000000005 0.47748599999999997
0 0.9055078125 0.655302411420205 0.041874999999999996 0.12382700000000002
0 0.9749609375 0.4977293499267935 0.04500000000000004 0.076923
