0 0.1107685625 0.7845485 0.034166 0.0477780000000001
0 0.166536125 0.8003645833333334 0.066667 0.08111099999999993
0 0.1735546875 0.6604856666666666 0.037500000000000006 0.052223000000000054
0 0.26401074999999996 0.6644964166666666 0.05500000000000002 0.10888900000000008
0 0.3183466875 0.7062151666666666 0.07 0.1311109999999999
0 0.402317375 0.6028476666666668 0.04416700000000001 0.11666599999999994
0 0.4419795 0.5602955833333333 0.015832999999999986 0.04999999999999997
0 0.605754875 0.7013024166666666 0.09083399999999997 0.1711110000000001
0 0.782890625 0.6716321666666666 0.05083300000000002 0.06999999999999999
0 0.896328125 0.43517316666666667 0.099167 0.163334
