0 0.0905078125 0.29317675 0.041249999999999995 0.05666700000000002
0 0.3501953125 0.25619758333333337 0.026874999999999982 0.08250000000000002
0 0.4126171875 0.3752083333333333 0.085625 0.13583299999999998
0 0.4343359375 0.2558336666666667 0.04562500000000003 0.08416600000000003
0 0.5244140625 0.2383333333333333 0.01937500000000003 0.04166700000000001
0 0.6405078125 0.4619270833333333 0.07374999999999998 0.15916700000000006
0 0.7917578125 0.33499966666666664 0.04125000000000001 0.08583399999999997
0 0.8698046875 0.31973958333333335 0.03875000000000006 0.051666999999999984
0 0.96234375 0.3466663333333333 0.02499999999999991 0.04333400000000006
0 0.98734375 0.3472395833333333 0.02375000000000005 0.04999999999999997
