0 0.0437890625 0.5263538333333334 0.019374999999999996 0.02749999999999993
0 0.1125390625 0.25458366666666665 0.019375000000000003 0.022500000000000003
0 0.1745703125 0.47463541666666664 0.02687500000000001 0.04666700000000009
0 0.2319921875 0.4642705 0.023125000000000007 0.04833400000000002
0 0.3684375 0.29083333333333333 0.01687500000000003 0.043332999999999955
0 0.3889453125 0.2865621666666667 0.026875000000000038 0.038334000000000014
0 0.3901953125 0.24572916666666667 0.02562500000000001 0.03750000000000001
0 0.4175 0.30239616666666663 0.03125 0.03750000000000001
0 0.419453125 0.19203125 0.036250000000000004 0.04083300000000001
0 0.42625 0.22713541666666667 0.03249999999999997 0.045000000000000005
0 0.4369921875 0.29218783333333337 0.021874999999999978 0.027500000000000007
0 0.4438671875 0.25500033333333333 0.023125000000000007 0.04333300000000003
0 0.5079296875 0.24833333333333332 0.03749999999999998 0.04416699999999999
0 0.5116015625 0.1851045 0.03500000000000003 0.048332999999999994
0 0.7516015625 0.2066663333333333 0.03500000000000003 0.04333400000000002
0 0.8084765625 0.12156216666666665 0.03375000000000006 0.03750000000000003
