0 0.328515625 0.07177116666666666 0.08250000000000002 0.130833
0 0.4301171875 0.5855208333333334 0.08500000000000002 0.15333299999999994
0 0.41921875 0.40458299999999997 0.024375000000000036 0.06416700000000002
0 0.495625 0.19692708333333334 0.125625 0.16
0 0.465390625 0.4549996666666667 0.05125000000000002 0.08583400000000004
0 0.5148828125 0.59244825 0.073125 0.22666599999999995
0 0.5140234375 0.4105729166666667 0.030625000000000013 0.09166700000000001
0 0.5591796875 0.3135934166666667 0.03874999999999995 0.07583400000000003
0 0.9520703125 0.1151045 0.026249999999999996 0.04916600000000002
0 0.9833203125 0.25666633333333333 0.026875000000000093 0.04333400000000002
