0 0.0947648125 0.3318267209302326 0.041255 0.06986899999999997
0 0.162793125 0.2773317726098191 0.036303 0.058952000000000046
0 0.1664634375 0.5542237932816537 0.029703000000000007 0.05240200000000007
0 0.2146215625 0.44763777260981913 0.03465299999999999 0.058952000000000004
0 0.217248125 0.14730983462532302 0.036304 0.043668
0 0.2836254375 0.2362477519379845 0.02970299999999998 0.063319
0 0.2894848125 0.5336817829457364 0.04125399999999996 0.054585000000000126
0 0.3502376875 0.14414477260981912 0.03795399999999999 0.058950999999999976
0 0.360509 0.4340467416020672 0.03300399999999998 0.06550200000000002
0 0.410014 0.2480567622739018 0.03300400000000003 0.061134999999999995
0 0.4175915625 0.5398318036175711 0.03465399999999996 0.05021799999999996
0 0.4594518125 0.11446778294573642 0.042904 0.056769000000000014
0 0.4802975625 0.42629480361757105 0.03465400000000002 0.050218000000000027
0 0.5245494375 0.23406475193798448 0.029702999999999924 0.06331900000000003
0 0.5397035625 0.5458907726098191 0.034654000000000074 0.058952000000000004
0 0.5980658125 0.39871176227390176 0.04125400000000001 0.061134999999999995
0 0.59873925 0.11665178294573644 0.039604000000000084 0.054585
0 0.6585155625 0.2423977726098191 0.03465399999999996 0.058952000000000004
0 0.6618155625 0.5388497416020671 0.034654000000000074 0.0655020000000001
0 0.7086268125 0.4223277829457365 0.04125400000000001 0.05458600000000002
0 0.737050125 0.12845979328165374 0.036304 0.05240199999999999
0 0.7845338125 0.5476737932816538 0.04125500000000004 0.05240199999999999
0 0.797803 0.24716475193798446 0.033003000000000005 0.06331900000000003
0 0.8367335625 0.4410877726098191 0.034654000000000074 0.058952000000000004
0 0.8532355625 0.1423617519379845 0.034653000000000045 0.06331799999999999
0 0.908364 0.5366667416020672 0.031353000000000075 0.06550199999999995
0 0.918568125 0.27782280361757106 0.036304 0.050218000000000027
