0 0.05515625 0.19645833333333332 0.04 0.07444400000000002
0 0.1040234375 0.47444477777777777 0.029375 0.05666599999999998
0 0.1148828125 0.22375022222222224 0.042499999999999996 0.13444399999999995
0 0.25886718750000004 0.23111155555555551 0.05437499999999998 0.11222199999999997
0 0.27546875 0.4536112222222223 0.024375000000000036 0.071111
0 0.2873046875 0.55125 0.03875000000000001 0.06555600000000004
0 0.41 0.202361 0.03187500000000004 0.06555599999999998
0 0.4435546875 0.20826366666666665 0.03750000000000003 0.054445
0 0.4401953125 0.5180552222222222 0.02562500000000001 0.06999999999999999
0 0.5935546875 0.509097 0.03750000000000009 0.095556
