0 0.141796875 0.4615779590643275 0.12125000000000001 0.26217199999999996
0 0.1656640625 0.14330722807017543 0.08125000000000002 0.193821
0 0.25171875 0.418309380116959 0.05625000000000002 0.155431
0 0.3596875 0.19758152046783625 0.046875 0.12265999999999998
0 0.40703125 0.2046126140350877 0.03937499999999999 0.09831500000000003
0 0.511484375 0.2161274619883041 0.07437499999999997 0.13576799999999997
0 0.63015625 0.3361261461988304 0.10250000000000004 0.21535600000000005
0 0.81609375 0.5294862397660819 0.15000000000000002 0.19007500000000002
0 0.9092578125 0.23201308771929827 0.07250000000000001 0.22846400000000003
0 0.9780078125 0.2401275321637427 0.041874999999999996 0.118914
