0 0.0126953125 0.7525638604992658 0.02625 0.04891799999999998
0 0.0748828125 0.7844340029368576 0.041875 0.04233299999999993
0 0.5380859375 0.47430249632892807 0.858125 0.951082
0 0.1652734375 0.5378930044052863 0.029374999999999984 0.06396900000000005
0 0.175625 0.7443265756240822 0.03312499999999999 0.06020700000000009
0 0.2525 0.4061900044052863 0.033125000000000016 0.062088000000000074
0 0.4089453125 0.8998680088105727 0.11937500000000001 0.12417699999999995
0 0.3690234375 0.4529972892804699 0.030625000000000013 0.051739999999999994
0 0.458046875 0.23685800440528637 0.028124999999999956 0.06208799999999995
0 0.5070703125 0.0972854317180617 0.02562500000000001 0.044213999999999996
0 0.6055078125 0.15739929368575623 0.04249999999999998 0.11194799999999998
0 0.69328125 0.1311972907488987 0.03937500000000005 0.07149599999999999
0 0.7864453125 0.3108772907488987 0.057499999999999996 0.07337699999999997
0 0.82609375 0.10625572099853157 0.055625000000000036 0.09501399999999999
0 0.8508984375 0.4267480073421439 0.0618749999999999 0.10442100000000001
0 0.9269921875 0.47272914977973574 0.08437499999999998 0.09971800000000001
