0 0.353125 0.3421874999999999 0.03281299999999998 0.04791700000000002
0 0.40390625 0.322917 0.04062499999999997 0.06458300000000002
0 0.40703125 0.5026041666666666 0.04062499999999997 0.06874999999999994
0 0.517187 0.4585934166666667 0.03125 0.077084
0 0.58046925 0.5257809166666667 0.04062399999999999 0.06041700000000002
0 0.591796375 0.358333 0.043749999999999956 0.06458399999999997
0 0.6375 0.38359375 0.03281300000000009 0.05624999999999991
0 0.6943359375 0.4114583333333333 0.04531300000000005 0.07500000000000002
0 0.7060546875 0.3260416666666666 0.03906200000000004 0.054167000000000076
0 0.7337895625 0.41666700000000007 0.034373999999999905 0.06458299999999999
0 0.90390575 0.28489583333333335 0.05468800000000007 0.12083299999999997
