0 0.015625 0.75744825 0.03125 0.10333299999999997
0 0.4990234375 0.5681253333333333 0.999375 0.20000000000000004
0 0.5020703125 0.7346878333333334 0.994375 0.5275000000000001
0 0.1558984375 0.8696875 0.06187500000000001 0.11000000000000017
0 0.160859375 0.6920315833333334 0.044375 0.08249999999999995
0 0.2466015625 0.6994274166666666 0.06499999999999997 0.07749999999999997
0 0.421015625 0.9522399166666666 0.08374999999999999 0.0925000000000001
0 0.4530859375 0.7106246666666668 0.07750000000000001 0.11499999999999992
0 0.6011328125 0.9370309166666666 0.1043750000000001 0.12333400000000012
0 0.6237890625 0.6669274166666668 0.05062500000000003 0.07750000000000005
0 0.672734375 0.6916149166666666 0.043749999999999956 0.06083299999999999
0 0.7315234375 0.79296875 0.061249999999999916 0.08750000000000006
0 0.8991796875 0.42583333333333334 0.19500000000000006 0.041666999999999975
0 0.8267578125 0.6651038333333333 0.04125000000000001 0.089167
0 0.905625 0.7083854166666667 0.06374999999999997 0.10833299999999994
0 0.9590625 0.9317711666666666 0.07937499999999997 0.13250000000000015
