0 0.168125 0.2717781111111111 0.0625 0.12355500000000003
0 0.242890625 0.22788877777777777 0.05124999999999999 0.10577800000000002
0 0.317265625 0.23516633333333334 0.05125000000000002 0.09244499999999999
0 0.3371484375 0.47472244444444445 0.060624999999999984 0.11644399999999998
0 0.3723828125 0.27833322222222223 0.04125000000000001 0.09599999999999996
0 0.4571875 0.24466700000000002 0.04749999999999999 0.10133299999999995
0 0.464140625 0.4701666666666666 0.05125000000000002 0.11111100000000004
0 0.5240625 0.27022244444444443 0.04749999999999999 0.088889
0 0.610234375 0.22577744444444442 0.043749999999999956 0.08977800000000001
0 0.6983984375 0.4870556666666667 0.06062500000000004 0.11111099999999996
0 0.6898828125 0.32027777777777783 0.04249999999999998 0.08177799999999999
0 0.772109375 0.2830555555555555 0.04312499999999997 0.08711100000000001
0 0.835859375 0.2735558888888889 0.04375000000000007 0.07822199999999996
0 0.859140625 0.38699977777777783 0.05249999999999999 0.10577799999999998
0 0.888671875 0.49616622222222223 0.06000000000000005 0.121778
