0 0.094375 0.5581532825768668 0.06374999999999999 0.12288899999999997
0 0.167890625 0.4881649941434846 0.05125000000000002 0.09193200000000008
0 0.2514453125 0.6614123806734992 0.05750000000000002 0.10037600000000006
0 0.2769140625 0.5195338653001464 0.04999999999999999 0.08818000000000002
0 0.391015625 0.6166829941434846 0.05125000000000002 0.09287000000000006
0 0.4159375 0.47409299414348466 0.04812499999999997 0.09287100000000004
0 0.4982421875 0.6954819941434845 0.05375000000000002 0.09286999999999998
0 0.5362109375 0.4998338653001464 0.04499999999999993 0.08817999999999994
0 0.5982421875 0.6952976383601757 0.053749999999999964 0.10788000000000005
0 0.6409375 0.5023060922401171 0.04874999999999996 0.07317100000000001
0 0.6784375 0.6763081229868229 0.04874999999999996 0.09568500000000005
0 0.7565625 0.52223360761347 0.04874999999999996 0.08442799999999995
0 0.814765625 0.6100017364568082 0.05124999999999991 0.08630399999999998
