0 0.0546875 0.49182867496339683 0.016875 0.040337999999999936
0 0.14046875 0.6429489941434846 0.024375000000000008 0.09099400000000003
0 0.185078125 0.6360402210834554 0.03562499999999999 0.07504699999999996
0 0.3218359375 0.5649996749633968 0.015000000000000013 0.03846199999999999
0 0.494921875 0.5790015768667642 0.02812500000000001 0.060037000000000076
0 0.5250390625 0.564360288433382 0.018750000000000044 0.03095600000000015
0 0.5344921875 0.5233819019033674 0.02312499999999995 0.021576000000000057
0 0.5887890625 0.525898288433382 0.018125000000000058 0.03095700000000004
0 0.6403125 0.5127652884333822 0.015625 0.030956999999999957
0 0.804453125 0.3244560248901903 0.03687499999999999 0.11538399999999997
0 0.8907421875 0.40325502489019033 0.053749999999999964 0.11538399999999997
