0 0.0106260625 0.3735170256410257 0.019283 0.052812999999999936
0 0.24038275 0.31786105494505495 0.05601500000000001 0.110218
0 0.44288425 0.3176241086691087 0.10284599999999999 0.21813999999999997
0 0.4621828125 0.04191500976800978 0.01102000000000003 0.021814
0 0.4660890625 0.09594901098901099 0.018365999999999993 0.024109999999999993
0 0.494381375 0.02354500976800977 0.011936999999999975 0.020666000000000004
0 0.4923696875 0.08239001465201466 0.007346000000000019 0.02985099999999998
0 0.4981119375 0.1373540122100122 0.013774000000000008 0.02640599999999998
0 0.5173959375 0.07298701098901099 0.013773999999999953 0.022962
0 0.520092375 0.014652014652014652 0.012855999999999979 0.030999
0 0.5229059375 0.18220301343101342 0.013773999999999953 0.02755400000000002
0 0.5237078125 0.13024600854700855 0.011019000000000001 0.019518000000000018
0 0.545351875 0.35729802319902315 0.027548999999999935 0.04707199999999998
0 0.6376308125 0.26402811477411475 0.13498600000000005 0.23191699999999996
0 0.6072698125 0.08984400488400489 0.010101999999999944 0.010333000000000002
0 0.6118618125 0.03876201465201465 0.011019000000000001 0.030999
0 0.6487089375 0.026352018315018315 0.014692999999999956 0.03673900000000001
0 0.6506045 0.08454101221001221 0.016527999999999987 0.026406
0 0.683545375 0.01098901098901099 0.012855999999999979 0.02411
0 0.69169325 0.07442601587301587 0.009182999999999941 0.033295
0 0.7520224375 0.32041302075702077 0.029384999999999994 0.04362799999999998
0 0.8135464375 0.33311502197802195 0.029384999999999994 0.045924000000000055
0 0.8383394375 0.34581702319902324 0.031222000000000083 0.04707199999999998
