0 0.107890625 0.2765688653001464 0.052500000000000005 0.088181
0 0.144921875 0.44345282869692537 0.09 0.15572200000000003
0 0.2163671875 0.3404990614934114 0.022499999999999992 0.048781000000000026
0 0.3408984375 0.6213028960468521 0.06125000000000003 0.11350800000000007
0 0.345078125 0.4097077672035139 0.0675 0.10975599999999999
0 0.3947265625 0.5574687364568083 0.03375 0.08536599999999993
0 0.627578125 0.2807337364568082 0.036250000000000004 0.08630399999999998
0 0.7091015625 0.30917434992679355 0.034375000000000044 0.076923
0 0.7996875 0.37685654612005853 0.015625 0.03658500000000002
0 0.951953125 0.45716383455344073 0.03562500000000002 0.06566599999999999
