0 0.05109375 0.785860642228739 0.08625 0.18873199999999996
0 0.06890625 0.5089947829912023 0.070625 0.14835699999999996
0 0.1074609375 0.25688857771261 0.045 0.12488299999999997
0 0.1153125 0.5013021612903226 0.04875 0.16150299999999998
0 0.14359375000000002 0.7667854692082111 0.086875 0.19812199999999996
0 0.266953125 0.4483220263929619 0.06687499999999996 0.11737099999999996
0 0.3769921875 0.3885241994134898 0.053749999999999964 0.11079800000000004
0 0.518359375 0.5198500586510264 0.075625 0.152113
0 0.5786328125 0.42008895601173024 0.04125000000000001 0.138967
0 0.654140625 0.7764055718475074 0.05249999999999999 0.20845100000000003
0 0.702578125 0.5667854692082112 0.0668749999999999 0.19812200000000005
0 0.8759375 0.5045959560117301 0.04874999999999996 0.13896700000000006
0 0.933203125 0.4640393343108504 0.06812499999999999 0.153991
0 0.977734375 0.3167514750733138 0.04312499999999997 0.11361499999999997
