0 0.01171303074670571 0.5071875 0.026266 0.016874999999999973
0 0.08101777306002929 0.5112109375 0.017822999999999985 0.015000000000000013
0 0.31734467496339674 0.4804296875 0.04033799999999998 0.03875000000000001
0 0.45103564421669107 0.4848828125 0.015009000000000005 0.010624999999999996
0 0.49084751537335286 0.489609375 0.012194999999999994 0.011874999999999969
0 0.5415035153733528 0.4917578125 0.01313399999999994 0.010000000000000009
0 0.6212415153733528 0.4861328125 0.013133000000000053 0.010000000000000009
0 0.6521975153733529 0.487109375 0.012195999999999966 0.011874999999999969
0 0.6878455153733528 0.4948828125 0.013133000000000053 0.010000000000000009
0 0.7188025153733528 0.4923828125 0.013133000000000053 0.010000000000000009
0 0.7409046442166911 0.50390625 0.015009000000000005 0.008750000000000036
0 0.7661183865300147 0.4923828125 0.010318999999999958 0.010000000000000009
0 0.8711843865300147 0.4886328125 0.010318999999999958 0.010624999999999996
