0 0.2808203125 0.7883321600587372 0.12062499999999998 0.2427090000000001
0 0.4351953125 0.4941822936857562 0.05812500000000004 0.11194699999999999
0 0.452578125 0.6975192907488987 0.0675 0.07337700000000001
0 0.508203125 0.4171802907488987 0.03562500000000002 0.07337700000000001
0 0.5701953125 0.2706781453744493 0.02562500000000001 0.03668900000000004
0 0.649375 0.3662664331864905 0.03187499999999999 0.06585099999999998
0 0.6784765625 0.38407043465491925 0.03375000000000006 0.08748899999999998
0 0.730859375 0.4163541483113069 0.04375000000000007 0.07902200000000001
0 0.78421875 0.4749088634361234 0.05500000000000005 0.088429
0 0.8094140625 0.6327448678414097 0.08124999999999993 0.15051800000000004
0 0.961484375 0.7433137371512482 0.07500000000000007 0.32173099999999993
