0 0.498046875 0.37456404992657855 0.997917 0.6990599999999999
0 0.033528312500000004 0.5927575741556533 0.027084 0.04075200000000002
0 0.0399091875 0.5426005741556534 0.022916 0.040751999999999934
0 0.082421875 0.5438708604992657 0.029167 0.04702200000000006
0 0.140625 0.6726784346549193 0.03125 0.08777399999999991
0 0.278515625 0.6355391512481645 0.08333299999999999 0.11912300000000003
0 0.2629560625 0.44689000293685754 0.018750000000000044 0.043886999999999995
0 0.2837890625 0.43415286049926577 0.01874999999999999 0.047021999999999974
0 0.3087890625 0.32943457415565347 0.01874999999999999 0.04075200000000002
0 0.3291015625 0.418281718061674 0.033333 0.053291000000000026
0 0.3607421875 0.31082371659324526 0.02291700000000002 0.034483
0 0.42682325 0.49947286490455217 0.07083300000000003 0.10971799999999993
0 0.42421875 0.36772843318649046 0.025000000000000022 0.06583100000000003
0 0.465625 0.35832443318649043 0.03125 0.06583100000000003
0 0.484375 0.32149800293685754 0.03125 0.04388800000000006
0 0.4856123125 0.2726122892804699 0.027083000000000024 0.05015700000000003
0 0.5393876875 0.33177700440528635 0.03749999999999998 0.06269600000000004
0 0.613151375 0.5144377268722466 0.10624999999999996 0.178684
0 0.6044921875 0.050437574155653454 0.022916999999999965 0.040752
0 0.622265625 0.20364628928046993 0.02083299999999999 0.050156999999999966
0 0.628254875 0.27761100293685753 0.029167000000000054 0.043886999999999995
0 0.6561845625 0.3507841468428781 0.033333999999999975 0.056426000000000004
0 0.7457685625 0.37908057856093974 0.09583299999999995 0.10031299999999996
0 0.7664716875 0.20638600440528637 0.03749999999999998 0.06269599999999999
0 0.79713575 0.11626857415565345 0.025000000000000022 0.040752
0 0.857421875 0.15809271806167402 0.029167000000000054 0.053292000000000006
0 0.9145185625 0.2748400088105727 0.03333300000000006 0.12539200000000006
0 0.9189453125 0.0820661483113069 0.027082999999999968 0.07837000000000001
0 0.95625 0.2476167209985316 0.0625 0.09404399999999999
0 0.93880175 0.07031871806167402 0.025000000000000022 0.053292
