0 0.0801171875 0.7302604166666667 0.023124999999999993 0.07583299999999997
0 0.3653125 0.12041666666666667 0.015625 0.022500000000000003
0 0.40484375 0.11546875 0.08750000000000002 0.08666700000000001
0 0.3743359375 0.08098991666666668 0.014375000000000027 0.03
0 0.388984375 0.11765591666666665 0.013124999999999998 0.029167000000000016
0 0.4348828125 0.14739616666666666 0.010000000000000009 0.03750000000000001
0 0.5663671875 0.4767705 0.021874999999999978 0.04833400000000002
0 0.764765625 0.28526008333333336 0.020625000000000004 0.034999999999999996
0 0.7836328125 0.2902600833333333 0.011249999999999982 0.035000000000000066
0 0.8296875 0.48682291666666666 0.016874999999999973 0.029167000000000016
0 0.8521875 0.4713538333333333 0.016874999999999973 0.02750000000000008
