0 0.0610546875 0.27822416666666666 0.03875 0.06922499999999998
0 0.16257812500000002 0.308929 0.099375 0.18932499999999997
0 0.25199218749999996 0.2996630833333333 0.021875000000000006 0.03502900000000001
0 0.303984375 0.30529675 0.013125000000000053 0.025855
0 0.3211328125 0.2976885833333333 0.010625000000000051 0.02001699999999999
0 0.3459375 0.29445475 0.015625 0.024186000000000003
0 0.3826171875 0.17977483333333333 0.08437499999999998 0.15262700000000004
0 0.3643359375 0.27850558333333336 0.014375000000000027 0.019182999999999988
0 0.3796875 0.3140026666666667 0.016874999999999973 0.020850999999999953
0 0.3978125 0.3032628333333333 0.015625 0.027523000000000002
0 0.4240234375 0.289799 0.030000000000000027 0.06255200000000001
0 0.5140625 0.2677805833333333 0.11125000000000007 0.23769800000000005
0 0.6438671875 0.2996630833333333 0.02312499999999995 0.03502900000000001
0 0.745703125 0.31709075000000003 0.130625 0.242702
