0 0.0909375 0.4581254444444445 0.01625 0.045554999999999984
0 0.1326953125 0.4047222222222222 0.02687500000000001 0.07111099999999995
0 0.210703125 0.3730551111111111 0.03687500000000002 0.09777799999999998
0 0.2273828125 0.44604144444444443 0.04250000000000001 0.10999999999999993
0 0.295234375 0.453403 0.012500000000000011 0.03222199999999997
0 0.3145703125 0.44333377777777777 0.02562500000000001 0.058888
0 0.3765625 0.39999955555555555 0.04874999999999996 0.114445
0 0.4987109375 0.27486099999999997 0.07687499999999997 0.188889
0 0.6621875 0.4376385555555556 0.016874999999999973 0.05000000000000002
0 0.83546875 0.2170832222222222 0.05625000000000002 0.13222199999999998
0 0.987265625 0.4314584444444444 0.020000000000000018 0.04555500000000004
