0 0.05632525 0.03015873015873016 0.039422000000000006 0.06196600000000001
0 0.1315279375 0.22515242857142856 0.045992000000000005 0.05769300000000001
0 0.2345915625 0.14932838095238096 0.06570299999999998 0.16453
0 0.2425123125 0.7057390476190477 0.05781900000000001 0.09615399999999992
0 0.30599625 0.05512844444444444 0.03942199999999996 0.089743
0 0.35710125 0.13980457142857144 0.070959 0.145299
0 0.3653226875 0.6473139682539683 0.06964499999999996 0.13675200000000004
0 0.424154 0.23540887301587302 0.06438900000000003 0.147436
0 0.4556195 0.6427354444444445 0.07884399999999997 0.09187999999999995
0 0.510207125 0.4839441587301587 0.067017 0.117521
0 0.6255066875 0.2643470634920635 0.06964499999999996 0.128205
0 0.6787445625 0.8305252698412698 0.06570299999999996 0.141025
0 0.6722460625 0.8415142380952382 0.049934000000000034 0.07692299999999995
0 0.7437359375 0.26745987301587304 0.07752999999999999 0.14743599999999998
