0 0.0948828125 0.4607809166666667 0.07250000000000001 0.05999999999999998
0 0.12390625 0.59015625 0.101875 0.196667
0 0.167109375 0.3341663333333333 0.04374999999999998 0.04166700000000001
0 0.1940234375 0.2747395833333333 0.030624999999999986 0.04999999999999997
0 0.26968749999999997 0.40020799999999995 0.04687500000000003 0.09500000000000004
0 0.371171875 0.26187466666666664 0.02812500000000001 0.05333400000000003
0 0.384375 0.35557258333333336 0.03249999999999997 0.04999999999999997
0 0.4512109375 0.38234375 0.044999999999999984 0.05666700000000002
0 0.459921875 0.2854684166666666 0.028749999999999998 0.045000000000000075
0 0.5040234375 0.45817708333333335 0.06187500000000001 0.09666699999999999
0 0.51 0.3590621666666667 0.03249999999999997 0.038333999999999945
0 0.5955859375 0.3771871666666667 0.04500000000000004 0.06999999999999999
0 0.6576171875 0.5856774166666666 0.08562500000000006 0.13999999999999999
0 0.6839453125 0.44255208333333335 0.05687500000000001 0.06749999999999996
0 0.9584375 0.8468225833333333 0.07999999999999996 0.23833400000000005
