0 0.0541015625 0.4435256642335766 0.034374999999999996 0.049487
0 0.12890625 0.523484204379562 0.03937499999999999 0.07656400000000003
0 0.1976171875 0.39607739416058396 0.02312499999999998 0.03267899999999998
0 0.210859375 0.42829722627737227 0.013125000000000026 0.05602300000000004
0 0.2971875 0.34676112408759124 0.01687500000000003 0.018673999999999982
0 0.4126953125 0.38791081021897805 0.025624999999999953 0.04481800000000005
0 0.4080859375 0.3461165620437956 0.015000000000000013 0.011204000000000021
0 0.5008203124999999 0.3423295401459854 0.025625000000000064 0.03081200000000001
0 0.5668359375 0.5880279124087591 0.0462499999999999 0.08216600000000014
0 0.5883203125 0.20653439416058397 0.026874999999999982 0.03267999999999999
0 0.6278515625 0.4073480802919708 0.034375000000000044 0.058824000000000015
0 0.6337890625 0.32698239416058394 0.01937500000000003 0.03454800000000004
0 0.6751953125 0.2672253941605839 0.02562500000000001 0.03454700000000008
0 0.6821484375 0.45992451824817515 0.030625000000000013 0.05228800000000006
0 0.690390625 0.33241466423357663 0.020000000000000018 0.049485999999999995
0 0.7362109375 0.3891999343065693 0.015000000000000013 0.061624999999999944
0 0.7952734375 0.6146467445255475 0.06125000000000003 0.10737599999999996
