0 0.042648375 0.46098279737783077 0.04409199999999999 0.05166800000000005
0 0.13681525 0.48969911203814065 0.039681999999999995 0.04413400000000003
0 0.170828 0.4386085876042908 0.03262799999999999 0.05597400000000004
0 0.1917729375 0.3136276924910608 0.04585600000000001 0.052744999999999986
0 0.4298679375 0.26934085339690106 0.046738 0.07212099999999998
0 0.5537041875 0.26588106317044097 0.05379200000000006 0.06889099999999998
0 0.6384836875 0.2590763778307509 0.037919000000000036 0.06027999999999999
0 0.7497848125 0.27330016805721097 0.04232800000000003 0.06458599999999998
0 0.764870375 0.473746958283671 0.04409200000000002 0.07104399999999998
0 0.8377786875 0.31481958760429085 0.037919000000000036 0.055974
0 0.874532 0.3190096924910608 0.03262700000000007 0.05382100000000004
0 0.898341 0.28610227294398094 0.03174600000000005 0.06243299999999998
0 0.9564185 0.46236853873659123 0.0485000000000001 0.08073099999999996
0 0.9454861875 0.29917211203814065 0.02204600000000001 0.04305699999999999
0 0.9734205 0.30766821692491064 0.015873000000000026 0.04197999999999998
