0 0.057105 0.335890853372434 0.06422 0.12766
0 0.0986003125 0.3191179941348974 0.025855000000000003 0.08760899999999999
0 0.2443546875 0.3540200263929619 0.06839 0.12015000000000002
0 0.385712 0.3385724750733138 0.063386 0.11389199999999995
0 0.5192781875 0.3231239237536657 0.053378000000000037 0.10638299999999998
0 0.62617575 0.3210138211143695 0.05587999999999993 0.09511900000000001
0 0.708459625 0.32580454545454546 0.052543999999999924 0.09261600000000003
0 0.8156433125 0.32580454545454546 0.05671400000000004 0.09136500000000002
0 0.9208525 0.31368244281524926 0.047539 0.08009999999999999
0 0.992515375 0.29694523753665686 0.012510000000000021 0.057572000000000005
