0 0.0449216875 0.032210834553440704 0.069336 0.065886
0 0.14941381250000002 0.0688145402635432 0.07226599999999998 0.12884299999999999
0 0.2480466875 0.010248901903367497 0.03808599999999998 0.021962
0 0.339843875 0.07027857686676427 0.02734399999999998 0.061493000000000006
0 0.3818363125 0.6354315036603222 0.027343000000000006 0.1947299999999999
0 0.40136675 0.020497803806734993 0.02441399999999999 0.040996
0 0.414063 0.07759844802342605 0.03320299999999998 0.055637
0 0.482421875 0.4948752459736457 0.08984400000000003 0.18740899999999996
0 0.509765625 0.05710093265007321 0.02050799999999997 0.045388
0 0.5458986875 0.03367496339677892 0.03906199999999993 0.070278
0 0.5927739375 0.05710054612005857 0.015624000000000082 0.036604
0 0.6630855625 0.6764271727672035 0.1279300000000001 0.3221089999999999
0 0.63281275 0.06002931918008784 0.025389999999999913 0.05417299999999999
0 0.67187475 0.06149331918008785 0.024414000000000047 0.052709000000000006
0 0.7480473125 0.029282546120058563 0.027343000000000006 0.038067
0 0.797852 0.03806744802342606 0.03222599999999998 0.058565000000000006
0 0.8525389375 0.08052744802342607 0.04492200000000002 0.057101
0 0.90918 0.013177159590043924 0.03125 0.027817999999999996
0 0.9833984375 0.042459834553440705 0.030272999999999994 0.06588599999999999
