0 0.27824218749999996 0.0546875 0.08562500000000003 0.110833
0 0.3123046875 0.60151075 0.10062499999999996 0.1808330000000001
0 0.323125 0.07000033333333333 0.03125 0.044166000000000004
0 0.3926953125 0.13223991666666665 0.05687500000000001 0.09166600000000001
0 0.4438671875 0.6692187500000001 0.08437500000000003 0.1508329999999999
0 0.4604296875 0.1616149166666667 0.03749999999999998 0.05999999999999998
0 0.5359765625 0.24296841666666666 0.03374999999999995 0.046667000000000014
0 0.6246484375 0.28187466666666666 0.030625000000000013 0.05333400000000007
0 0.6771875 0.34052083333333333 0.015625 0.02749999999999997
0 0.7252734375 0.398542 0.06062500000000004 0.09499999999999997
