0 0.17656515373352855 0.1887060625 0.12000000000000001 0.08200000000000002
0 0.16160322108345535 0.1021796875 0.075 0.068667
0 0.18613909224011713 0.05525 0.07200000000000001 0.063333
0 0.39931625183016095 0.306875 0.09800000000000007 0.09399999999999997
0 0.44031625183016104 0.123588875 0.09800000000000003 0.09066600000000001
0 0.50799560761347 0.0550810625 0.08400000000000002 0.049333
0 0.6043074670571009 0.4652705 0.26200000000000007 0.17333400000000004
0 0.5658857979502196 0.2422841875 0.133 0.11600000000000002
0 0.5793162518301611 0.15275293750000002 0.09699999999999996 0.076666
0 0.7414934114202051 0.1934765625 0.125 0.128
0 0.7801010248901903 0.0611845625 0.11600000000000009 0.096
0 0.942172767203514 0.214265625 0.11099999999999999 0.14533300000000002
