0 0.2909375 0.1857484383561644 0.04749999999999999 0.07374900000000002
0 0.3296484375 0.22799616438356163 0.030625000000000013 0.079017
0 0.40734375 0.17949671232876713 0.02437499999999998 0.068481
0 0.4071875 0.23950931506849316 0.015625 0.014925999999999972
0 0.455859375 0.22469561643835614 0.04312499999999997 0.08779700000000001
0 0.52015625 0.12962739726027397 0.040000000000000036 0.053554999999999985
0 0.54078125 0.2447828904109589 0.040000000000000036 0.08340700000000001
0 0.588515625 0.15620904109589043 0.020625000000000004 0.01931499999999999
0 0.6325390625 0.18128390410958903 0.018124999999999947 0.022826999999999993
0 0.673359375 0.24752261643835616 0.04375000000000007 0.08867500000000002
