0 0.2005078125 0.4650520833333333 0.041874999999999996 0.06750000000000005
0 0.25992187499999997 0.4607809166666667 0.028124999999999983 0.06083399999999998
0 0.3254296875 0.4254684166666667 0.03749999999999998 0.046667000000000014
0 0.369453125 0.4734892499999999 0.036250000000000004 0.07166700000000008
0 0.423671875 0.4522395833333333 0.028749999999999998 0.04999999999999997
0 0.44625 0.4902086666666667 0.03250000000000003 0.05333299999999993
0 0.491875 0.4164065833333333 0.033125000000000016 0.05166599999999999
0 0.5541796875 0.5089583333333333 0.03874999999999995 0.07416700000000002
0 0.5698046875 0.41625 0.03874999999999995 0.06333300000000001
0 0.6446484375 0.4130725833333333 0.02937500000000004 0.04999999999999997
0 0.66765625 0.4721871666666666 0.03937500000000005 0.06916700000000005
0 0.7561328125 0.4149479166666667 0.04125000000000001 0.06166699999999999
