0 0.06418306451612904 0.5169921875 0.06666699999999999 0.05312499999999998
0 0.25924337243401757 0.546328125 0.10234700000000001 0.06812499999999999
0 0.3153356803519061 0.8102734375 0.13521200000000005 0.12312499999999993
0 0.3828533079178886 0.1788671875 0.03662 0.021875000000000006
0 0.7496795454545455 0.734140625 0.09201899999999999 0.17625000000000002
0 0.7587364809384165 0.4675390625 0.02816899999999998 0.049375
0 0.8401817888563051 0.5837109375 0.06384899999999988 0.07687500000000003
0 0.8933551348973608 0.5061718749999999 0.046009999999999864 0.06
0 0.8981152052785922 0.5080859375 0.025352000000000045 0.04625000000000001
0 0.9395962375366569 0.7246875 0.05727700000000013 0.109375
