0 0.20280770166453266 0.143203125 0.080328 0.068125
0 0.21033965300896287 0.6909375 0.06721299999999998 0.07874999999999999
0 0.3187402919334187 0.4306640625 0.07786899999999995 0.08187499999999998
0 0.3988105211267606 0.6987109375 0.08524599999999996 0.10812500000000003
0 0.4055234724711908 0.1507421875 0.07377099999999996 0.08562499999999999
0 0.6018858822023047 0.142890625 0.07623000000000003 0.08375000000000002
0 0.604399014084507 0.6929296875 0.058196 0.07000000000000006
0 0.685647833546735 0.4233203125 0.062295000000000086 0.057499999999999996
0 0.8088024724711909 0.6878125 0.07376999999999986 0.07999999999999996
0 0.8125418822023048 0.131015625 0.076229 0.08374999999999999
