0 0.055078125 0.4743753333333333 0.0050000000000000044 0.01250000000000003
0 0.06398437500000001 0.5569795 0.011875000000000004 0.01666600000000007
0 0.0736328125 0.4686455 0.009999999999999995 0.017499999999999998
0 0.083359375 0.5690104166666666 0.013124999999999998 0.01416700000000004
0 0.1006640625 0.27406216666666666 0.018125000000000002 0.036667000000000005
0 0.102734375 0.5669795 0.013124999999999998 0.015832999999999986
0 0.116953125 0.11687533333333333 0.0049999999999999906 0.01166599999999999
0 0.1367578125 0.12223924999999998 0.010624999999999996 0.010000000000000009
0 0.1458203125 0.44786425 0.02562500000000001 0.03916700000000003
0 0.202109375 0.12874966666666665 0.013124999999999998 0.02083400000000002
0 0.2035546875 0.3510413333333333 0.007500000000000007 0.01166700000000002
0 0.20453125 0.5669795 0.008750000000000008 0.015832999999999986
0 0.2098046875 0.2127083333333333 0.0062500000000000056 0.010833000000000018
0 0.2162109375 0.1311455 0.014374999999999999 0.015834000000000015
0 0.2184375 0.55973925 0.015625 0.010000000000000009
0 0.21953125 0.22817741666666666 0.009374999999999994 0.015000000000000013
0 0.2286328125 0.12874966666666665 0.011249999999999982 0.02083400000000002
0 0.2315625 0.006510416666666667 0.016875 0.015
0 0.2311328125 0.55640625 0.009999999999999981 0.010000000000000009
0 0.2323828125 0.3536455 0.009999999999999981 0.016666999999999987
0 0.2595703125 0.4517705 0.02562500000000001 0.04833400000000002
0 0.2704296875 0.55057325 0.007500000000000007 0.009166000000000007
0 0.288671875 0.4441663333333334 0.02749999999999997 0.04416699999999999
0 0.293984375 0.24208366666666667 0.013124999999999998 0.022499999999999964
0 0.299140625 0.040468416666666666 0.020625000000000004 0.045000000000000005
0 0.3061328125 0.24958366666666665 0.011249999999999982 0.023333000000000048
0 0.3642578125 0.05161458333333333 0.010000000000000009 0.020833
0 0.397734375 0.4305204999999999 0.07500000000000001 0.1100000000000001
0 0.370703125 0.2910413333333333 0.0050000000000000044 0.011666999999999983
0 0.3784375 0.06651041666666667 0.015625 0.013333000000000003
0 0.3816015625 0.2934371666666667 0.0025000000000000022 0.0066669999999999785
0 0.3941015625 0.29473925 0.0037499999999999756 0.010000000000000009
0 0.4179296875 0.11921875 0.007500000000000007 0.02416700000000001
0 0.420078125 0.28140625 0.004999999999999949 0.009999999999999972
0 0.4323828125 0.0194795 0.010624999999999996 0.016666
0 0.43515625 0.12057325 0.009374999999999967 0.010000000000000009
0 0.4328515625 0.28473925 0.0037499999999999756 0.010000000000000009
0 0.444453125 0.28401041666666665 0.0050000000000000044 0.013333000000000003
0 0.453984375 0.11328158333333332 0.013124999999999998 0.020833000000000008
0 0.4636328125 0.4500517499999999 0.011249999999999982 0.025834000000000062
0 0.4712890625 0.03916633333333333 0.019374999999999976 0.041667
0 0.4798046875 0.4457815833333334 0.007500000000000007 0.019165999999999943
0 0.483984375 0.35552083333333334 0.013124999999999998 0.02749999999999993
0 0.4917578125 0.11458366666666665 0.010624999999999996 0.02250000000000002
0 0.4937109375 0.04942708333333334 0.015624999999999944 0.035833000000000004
0 0.49515625 0.35921875 0.00874999999999998 0.025832999999999995
0 0.4998046875 0.2207815833333333 0.006250000000000033 0.019166000000000016
0 0.525078125 0.10401041666666666 0.0050000000000000044 0.014167000000000004
0 0.55453125 0.25067741666666665 0.008124999999999938 0.014166000000000012
0 0.57078125 0.10104133333333333 0.009375000000000022 0.011667000000000002
0 0.604453125 0.3914586666666667 0.06812499999999999 0.11666599999999994
0 0.5823828125 0.1069795 0.010624999999999996 0.017499999999999998
0 0.5921875 0.27171875 0.016874999999999973 0.025832999999999995
0 0.6285546875 0.26317741666666666 0.0068749999999999645 0.01333300000000004
0 0.65015625 0.2811455 0.008125000000000049 0.017500000000000033
0 0.6580859375 0.14885383333333335 0.014375000000000027 0.027499999999999986
0 0.654453125 0.36270833333333335 0.0050000000000000044 0.010833000000000018
0 0.6616796875 0.3536455 0.0068750000000000755 0.016666999999999987
0 0.66578125 0.2969795 0.008125000000000049 0.017499999999999998
0 0.805703125 0.3318229166666667 0.0675 0.155
0 0.7953515625 0.4278128333333333 0.03499999999999992 0.059165999999999976
