0 0.068359375 0.5241576749633968 0.012694999999999998 0.03806799999999994
0 0.09082 0.6149336076134699 0.03125 0.08345600000000009
0 0.13574193750000002 0.7042459941434847 0.076172 0.09077600000000005
0 0.194335875 0.6002929326500732 0.027344000000000007 0.04392399999999991
0 0.1992184375 0.5212299326500732 0.02929699999999999 0.04685200000000006
0 0.2392581875 0.522693803806735 0.02246100000000001 0.040996000000000005
0 0.2900395 0.5387991903367496 0.015625 0.04978100000000002
0 0.313476375 0.522694159590044 0.012695000000000012 0.027817999999999964
0 0.3789063125 0.544655448023426 0.026366999999999974 0.05563700000000007
0 0.573242375 0.5139089326500732 0.012695000000000012 0.045387999999999984
0 0.5908205625 0.6193263499267935 0.035155999999999965 0.07759900000000007
0 0.6093751875 0.5446564172767203 0.022461000000000064 0.03367399999999993
0 0.695313 0.5578331903367495 0.03222600000000009 0.05124400000000012
0 0.8066403125 0.538799448023426 0.02539099999999994 0.055636999999999985
0 0.8574221875 0.674963411420205 0.053711000000000064 0.12591500000000003
