0 0.0249555 0.4244269296187683 0.016427999999999998 0.022532000000000014
0 0.0947493125 0.5293605454545455 0.05785699999999999 0.09120100000000005
0 0.1216015625 0.46201496187683283 0.033571000000000004 0.05472100000000002
0 0.1125499375 0.41945520527859237 0.014285999999999993 0.02360500000000001
0 0.1302180625 0.37879003225806446 0.017856999999999998 0.034335000000000046
0 0.218671875 0.4064005835777126 0.02785700000000002 0.040773000000000004
0 0.2410319375 0.5169506158357771 0.046429000000000026 0.07081500000000003
0 0.2617024375 0.6444880263929619 0.06214200000000003 0.11909899999999995
0 0.2678125 0.37224520527859234 0.015714000000000006 0.024678000000000096
0 0.2848828125 0.3768236539589443 0.010713999999999946 0.01931299999999993
0 0.335770375 0.468953064516129 0.04357099999999997 0.06545100000000001
0 0.3972156875 0.3517523782991202 0.006427999999999989 0.016093999999999973
0 0.5526953125 0.5579022375366569 0.025714000000000015 0.05794000000000002
0 0.5656695 0.5197413079178885 0.016428999999999916 0.036481000000000006
0 0.599430375 0.3340114809384165 0.012858000000000036 0.026823999999999928
0 0.6046929375 0.4678460322580645 0.015000000000000013 0.03326200000000001
0 0.6191688125 0.36902620527859237 0.010714000000000001 0.02360499999999997
0 0.648716375 0.33390465395894425 0.012857000000000007 0.02038700000000003
0 0.7091688125 0.3361574809384164 0.010714000000000001 0.02897000000000001
0 0.7268359375 0.3347990322580645 0.015000000000000013 0.03326099999999999
0 0.8753624375 0.48064923753665695 0.030715000000000048 0.057939999999999936
