0 0.009765625 0.38759742274052483 0.02125 0.07089500000000001
0 0.2048046875 0.4264934460641399 0.1 0.22014900000000004
0 0.2674609375 0.39628947521865887 0.04625000000000001 0.15485099999999996
0 0.3362890625 0.3747170233236152 0.08124999999999999 0.15112
0 0.4148828125 0.3046971049562682 0.07250000000000001 0.169776
0 0.5018359375 0.3477814752186589 0.07625000000000004 0.15671699999999994
0 0.5696484375 0.25274731195335276 0.029999999999999916 0.11567100000000002
0 0.6511328125 0.21677720116618077 0.07250000000000001 0.15858200000000003
0 0.7975390625 0.33536365306122445 0.08125000000000004 0.16604500000000003
0 0.8066015625 0.039766874635568515 0.03499999999999992 0.076492
