0 0.2431639375 0.3674959765739385 0.14062499999999997 0.36456800000000006
0 0.3701166875 0.3777448901903368 0.09961000000000003 0.20351399999999997
0 0.4550785 0.28696938067349925 0.04882799999999998 0.09956099999999998
0 0.4960934375 0.27086431918008785 0.030274000000000023 0.05563600000000005
0 0.5908203125 0.28989785944363106 0.08789100000000005 0.18008700000000002
0 0.6972655 0.23279665739385064 0.140625 0.313323
0 0.817382875 0.22840395754026357 0.058594000000000035 0.15959
0 0.8398433125 0.3089310922401171 0.026368000000000058 0.071742
0 0.8759768125 0.2679357057101025 0.04199199999999992 0.06295700000000003
0 0.9785156875 0.2855047920937043 0.03906200000000004 0.22254799999999994
