0 0.026171875 0.20308217647058824 0.02875 0.05649700000000003
0 0.040781250000000005 0.45296070588235293 0.039999999999999994 0.07532899999999994
0 0.1001953125 0.28906641176470593 0.02625000000000001 0.04708099999999998
0 0.130234375 0.3900411764705882 0.04375 0.10734400000000001
0 0.262421875 0.14658517647058825 0.027499999999999997 0.05837999999999999
0 0.3473046875 0.32095364705882357 0.03875000000000001 0.09039599999999995
0 0.4203515625 0.1336355294117647 0.034999999999999976 0.06779600000000002
0 0.4905078125 0.3446187647058823 0.16625 0.310735
0 0.6505859375 0.3426834705882353 0.13874999999999993 0.282485
0 0.5969921875 0.1291704705882353 0.022499999999999964 0.033898999999999985
0 0.891875 0.25687135294117647 0.03249999999999997 0.06403000000000005
