0 0.134765625 0.8766816939970717 0.27125 0.24390299999999995
0 0.1670703125 0.5484564480234262 0.026874999999999982 0.05816099999999987
0 0.2484375 0.6437727364568082 0.04874999999999999 0.08724200000000004
0 0.403828125 0.7466381844802342 0.036250000000000004 0.14071300000000012
0 0.4184765625 0.6532679941434846 0.034375000000000044 0.091932
0 0.4880859375 0.5562590614934114 0.014374999999999971 0.04784200000000008
0 0.516640625 0.6924836383601757 0.05124999999999996 0.10787999999999996
0 0.52515625 0.6035058345534406 0.03937500000000005 0.06472800000000001
0 0.5557421875 0.5646319633967789 0.02312499999999995 0.06848
0 0.687109375 0.674818055636896 0.043749999999999956 0.13977499999999998
0 0.9135546875 0.8694052093704246 0.16249999999999998 0.257036
0 0.8733203125 0.3294436383601757 0.057499999999999996 0.10600399999999996
