0 0.0508203125 0.3399551176470588 0.08875 0.12335199999999999
0 0.2126171875 0.3370245294117647 0.021875000000000006 0.06968000000000003
0 0.2709375 0.3204356470588235 0.015625 0.04049000000000003
0 0.3167578125 0.48771464705882356 0.10375000000000001 0.189265
0 0.32515625 0.2905892941176471 0.040000000000000036 0.079096
0 0.4403125 0.30747441176470586 0.048750000000000016 0.09981200000000001
0 0.522265625 0.34318194117647055 0.08312499999999995 0.165725
0 0.6007421875 0.34409282352941173 0.023125000000000062 0.046138999999999986
0 0.6521875 0.4450570000000001 0.07937499999999997 0.15254199999999998
0 0.6989453125 0.3380827058823529 0.02562500000000001 0.07533000000000001
0 0.7274609375 0.3269104705882353 0.014375000000000027 0.03483999999999997
0 0.934453125 0.4585468235294118 0.03562500000000002 0.09604499999999995
