0 0.0707890625 0.34545552380952377 0.019000000000000003 0.048781000000000005
0 0.285765625 0.44886019047619047 0.019999999999999962 0.06859799999999996
0 0.317625 0.8314093809523809 0.03200000000000003 0.07621999999999997
0 0.34671875 0.4412750952380952 0.024999999999999967 0.06707300000000001
0 0.399578125 0.398628 0.035999999999999976 0.06402400000000003
0 0.4996015625 0.4212396666666667 0.03400000000000003 0.08384200000000004
0 0.55353125 0.6579924285714286 0.040999999999999925 0.047256000000000006
0 0.61671875 0.8819328095238094 0.02400000000000002 0.05792600000000006
0 0.8346015625 0.7740997619047618 0.03500000000000003 0.024390000000000016
0 0.960625 0.7720670952380951 0.03200000000000003 0.06554899999999998
