0 0.1253251875 0.7671055 0.084968 0.11111099999999996
0 0.1221339375 0.175360125 0.045752 0.066993
0 0.1192618125 0.0221801875 0.011438000000000018 0.022875999999999997
0 0.1689200625 0.039177625 0.017974000000000018 0.019608
0 0.2051861875 0.060062125 0.022876000000000007 0.035947
0 0.3878165 0.14626725000000002 0.047385999999999984 0.071896
0 0.420815625 0.6737453125 0.05228699999999997 0.057188999999999934
0 0.4391663125 0.59632825 0.026143000000000027 0.04084999999999994
0 0.45943075 0.5548218125 0.024509999999999976 0.04248300000000005
0 0.4832833125 0.536867 0.026144 0.03268000000000004
0 0.604179125 0.160373375 0.03594799999999998 0.04411799999999999
0 0.6286699375 0.6593584375 0.045752000000000015 0.06209100000000001
0 0.6499503125 0.105174875 0.026143999999999945 0.027777999999999997
0 0.7727416875 0.7994471875 0.06862799999999991 0.11601300000000003
0 0.84632825 0.1649370625 0.03921600000000003 0.04901899999999998
0 0.8382158125 0.0666365 0.01143800000000006 0.016338999999999992
