0 0.0603125 0.5542688038067349 0.016250000000000007 0.042213999999999974
0 0.075625 0.763278448023426 0.033125 0.058160999999999956
0 0.0778515625 0.6725820614934114 0.034375 0.04971800000000003
0 0.1226953125 0.704547159590044 0.025624999999999995 0.029080000000000033
0 0.1568359375 0.6761065461200586 0.015000000000000013 0.03658499999999998
0 0.1637890625 0.6962615768667643 0.01874999999999999 0.06097600000000002
0 0.1878515625 0.7010668345534407 0.033749999999999974 0.06472800000000001
0 0.2166796875 0.6742996442166911 0.0062500000000000056 0.016886000000000012
0 0.2544140625 0.7125071903367497 0.018124999999999974 0.05159499999999995
0 0.2748046875 0.694087963396779 0.03812500000000002 0.06941799999999997
0 0.273359375 0.6422913865300147 0.011874999999999969 0.009380999999999981
0 0.30328125 0.675466159590044 0.009375000000000022 0.029081000000000006
0 0.3303125 0.6704775461200586 0.015625 0.03658499999999998
0 0.3513671875 0.6519440614934114 0.023125000000000007 0.04784199999999991
0 0.3814453125 0.750372963396779 0.026874999999999982 0.0675420000000001
0 0.383671875 0.6968578038067349 0.02812500000000001 0.04221400000000006
0 0.4033203125 0.6523559326500732 0.02562500000000001 0.04596599999999996
0 0.42890625 0.6633854172767204 0.009375000000000022 0.03470899999999994
0 0.4833984375 0.7173114480234261 0.029374999999999984 0.056285999999999975
0 0.484921875 0.6644366749633966 0.02812500000000001 0.0403380000000001
0 0.5125 0.697839963396779 0.033125000000000016 0.06754199999999994
0 0.540078125 0.6500239019033675 0.0050000000000000044 0.020638000000000083
0 0.5652734375 0.7120953191800878 0.030625000000000013 0.05347099999999999
0 0.5953515625 0.7811014480234261 0.03375000000000006 0.05722399999999995
0 0.6013671875 0.666085159590044 0.02187500000000009 0.02720499999999997
0 0.6278515625 0.7374233191800879 0.034375000000000044 0.053471000000000074
0 0.6401953125 0.6477360307467057 0.026875000000000093 0.02439000000000007
0 0.6994140625 0.7656364172767203 0.018749999999999933 0.03470900000000011
0 0.7108203125 0.6657174480234261 0.026874999999999982 0.05722299999999998
0 0.74328125 0.9673685768667641 0.07062500000000005 0.06097600000000002
0 0.748984375 0.6514880307467057 0.012499999999999956 0.02439000000000007
0 0.7701171875 0.6901775461200585 0.021874999999999978 0.03658499999999998
0 0.7898046875 0.8348441229868229 0.038124999999999964 0.09568500000000013
0 0.801875 0.7223000614934114 0.03125 0.046904999999999995
0 0.8145703125 0.9018609941434848 0.05687500000000001 0.09099399999999987
0 0.7962890625 0.6424488038067351 0.018125000000000058 0.042213999999999974
0 0.8121875 0.6627450307467058 0.016875000000000084 0.023451999999999928
0 0.8560546875 0.6725379019033675 0.007499999999999951 0.021575999999999974
0 0.8704296875 0.746761159590044 0.007499999999999951 0.02907999999999995
0 0.9258203125 0.6838390614934114 0.026874999999999982 0.04690399999999994
0 0.9688671875 0.712051159590044 0.02312499999999995 0.027205000000000052
0 0.9694140625 0.6644366749633966 0.018125000000000058 0.03846200000000007
0 0.9869921875 0.7568257057101025 0.023125000000000062 0.06191299999999994
