0 0.05566375 0.527166436123348 0.054688 0.10866300000000001
0 0.1503901875 0.4522760073421439 0.05371100000000001 0.1042590000000001
0 0.1630855 0.6284880102790015 0.079102 0.14537399999999998
0 0.2490235 0.5535975814977974 0.078125 0.14243799999999998
0 0.3320311875 0.42143943759177677 0.05371100000000001 0.127753
0 0.4814455 0.6270191703377387 0.20507799999999993 0.386197
0 0.6230466875 0.6696037268722467 0.10058599999999995 0.1791480000000001
0 0.5986325 0.4361238604992658 0.017577999999999983 0.049925999999999957
0 0.74023475 0.5301028649045522 0.05663999999999991 0.10866400000000007
0 0.77734325 0.41115971953010283 0.03906299999999996 0.07342200000000004
0 0.864257375 0.3729807209985315 0.04394600000000004 0.095448
0 0.95507775 0.3201178678414097 0.08593800000000007 0.152716
0 0.99316425 0.4845811527165933 0.009765000000000024 0.138033
