0 0.009765625 0.524231810218978 0.020625 0.04575200000000002
0 0.053593749999999996 0.8487693284671534 0.05500000000000001 0.09430499999999985
0 0.0813671875 0.46610539416058394 0.023125000000000007 0.03267899999999998
0 0.2201171875 0.966757788321168 0.05374999999999999 0.064425
0 0.228671875 0.5986393722627738 0.02812500000000001 0.05415500000000002
0 0.299140625 0.5054391021897809 0.020625000000000004 0.038281999999999976
0 0.3458203125 0.6087916642335767 0.02562500000000001 0.04855299999999999
0 0.3778125 0.48477939416058397 0.01687500000000003 0.032679999999999945
0 0.4371875 0.4758495401459854 0.016249999999999987 0.03081200000000001
0 0.508984375 0.5029275401459854 0.013124999999999942 0.03174600000000002
0 0.5308203125 0.577335102189781 0.02562500000000001 0.03828200000000006
0 0.5509375 0.4854759781021898 0.015625 0.021474999999999998
0 0.54828125 0.5131975401459854 0.008124999999999938 0.030812999999999976
0 0.6294140625 0.6831992262773723 0.018750000000000044 0.056956
0 0.65109375 0.5943785182481751 0.024374999999999925 0.05042000000000004
0 0.7433203125 0.5807806642335765 0.02562500000000001 0.04948600000000004
0 0.811484375 0.7978078102189781 0.011874999999999969 0.04388500000000005
