0 0.07649706249999999 0.5543398333333333 0.080209 0.12222299999999997
0 0.1133466875 0.6828125000000002 0.007290999999999992 0.018055999999999923
0 0.3163408125 0.50946225 0.073959 0.133333
0 0.335286125 0.7148434166666666 0.004167000000000032 0.013889000000000115
0 0.5018232499999999 0.3557288333333333 0.07083299999999998 0.12222299999999997
0 0.50078125 0.5050344999999999 0.009374999999999967 0.018056000000000072
0 0.6998046875 0.4525172499999999 0.06874999999999998 0.134722
0 0.6736328125 0.5383685 0.01041700000000001 0.018054999999999932
0 0.8451171875 0.5111979166666667 0.08541700000000008 0.12361099999999992
0 0.876432625 0.6199648333333334 0.019791000000000003 0.02777799999999993
