0 0.0466796875 0.2816666666666667 0.03875000000000001 0.08583299999999998
0 0.278203125 0.2528128333333333 0.03562500000000002 0.059165999999999976
0 0.336875 0.20281283333333333 0.03187500000000004 0.05916600000000002
0 0.36421875 0.6331253333333332 0.08750000000000002 0.20000000000000004
0 0.413515625 0.33927083333333335 0.051875000000000004 0.09000000000000001
0 0.50953125 0.34499966666666665 0.040000000000000036 0.08333399999999995
0 0.5597265625 0.27307258333333334 0.03500000000000003 0.051666999999999984
0 0.6058984375 0.19333333333333333 0.02937499999999993 0.04166700000000001
0 0.685625 0.36218749999999994 0.06437499999999996 0.111667
0 0.6998046875 0.2103128333333333 0.03749999999999998 0.058333
