0 0.06828125 0.2976888345534407 0.039999999999999994 0.06566599999999999
0 0.128515625 0.26741638067349927 0.05125000000000002 0.10131299999999999
0 0.1987890625 0.27949712298682283 0.04999999999999999 0.09662300000000003
0 0.29796875 0.29308715373352856 0.05499999999999999 0.11913699999999998
0 0.3362890625 0.25837715373352854 0.04999999999999999 0.11913699999999998
0 0.393515625 0.33157409224011714 0.05250000000000005 0.07129500000000003
0 0.47171875 0.3062460922401171 0.02437499999999998 0.07129499999999998
0 0.5126953125 0.2623576691068814 0.05812499999999998 0.131332
0 0.6334375 0.3365367672035139 0.04874999999999996 0.10975600000000003
0 0.6806640625 0.37563815373352855 0.050000000000000044 0.11726100000000002
0 0.7662890625 0.3714301229868228 0.050000000000000044 0.09474700000000003
0 0.8003125 0.43833173645680823 0.04875000000000007 0.08536600000000001
0 0.8809375 0.33402038067349926 0.04874999999999996 0.10225200000000002
0 0.92984375 0.3180032825768667 0.05625000000000002 0.12101300000000001
