0 0.2156640625 0.6441487254038178 0.08125000000000002 0.15616200000000005
0 0.3167578125 0.5959651497797357 0.04125000000000001 0.09783600000000005
0 0.3320703125 0.7703688619676945 0.025624999999999953 0.06961399999999998
0 0.4197265625 0.8010220102790014 0.06624999999999998 0.14581300000000016
0 0.4209375 0.6198967209985317 0.04749999999999999 0.09595499999999989
0 0.51328125 0.7496255829662261 0.07062499999999994 0.16368700000000008
0 0.513515625 0.5578318604992657 0.020625000000000004 0.04985900000000009
0 0.5849609375 0.7609377224669603 0.04500000000000004 0.11570999999999995
0 0.585 0.5944508619676946 0.03187499999999999 0.06773300000000007
0 0.6555859375 0.7634161497797357 0.0462499999999999 0.09877700000000007
0 0.6576953125 0.5886230058737151 0.026874999999999982 0.08278499999999997
0 0.72296875 0.5571205756240822 0.024374999999999925 0.060207000000000004
0 0.73359375 0.7053430044052864 0.024374999999999925 0.06208899999999997
0 0.785 0.5713912922173274 0.03187499999999999 0.09125100000000008
0 0.8001171875 0.7208534346549192 0.02312499999999995 0.08560700000000006
0 0.850703125 0.5765078634361234 0.03562500000000002 0.09031100000000004
0 0.8538671875 0.7406084346549192 0.021874999999999978 0.08654800000000008
0 0.90609375 0.6489448634361233 0.024374999999999925 0.0893700000000001
