0 0.082421875 0.42651075 0.028124999999999997 0.055000000000000014
0 0.1335546875 0.5417190833333333 0.03749999999999999 0.06750000000000005
0 0.1472265625 0.43151075 0.035 0.055000000000000014
0 0.1791015625 0.3775520833333333 0.03375 0.06749999999999996
0 0.23125 0.44317674999999995 0.0325 0.055834000000000016
0 0.2683203125 0.38817675 0.026249999999999996 0.05499999999999994
0 0.276171875 0.5183850833333333 0.02812500000000001 0.06583399999999995
0 0.3233984375 0.40005208333333336 0.029374999999999984 0.06666700000000003
0 0.368125 0.39317675 0.03125 0.05666700000000002
0 0.4103515625 0.4182809166666666 0.03375 0.06000000000000005
0 0.4116015625 0.5506253333333334 0.03375 0.07499999999999996
0 0.4625 0.39984375 0.03249999999999997 0.05666700000000002
0 0.495 0.4111458333333333 0.03187499999999999 0.05750000000000003
0 0.564375 0.3892190833333333 0.032500000000000084 0.06750000000000005
0 0.5741796875 0.53401075 0.03749999999999998 0.055000000000000084
0 0.599921875 0.4232809166666667 0.02749999999999997 0.05999999999999998
0 0.6778515625 0.4312500000000001 0.03374999999999995 0.0625
0 0.708125 0.56875 0.03312499999999996 0.0625
0 0.7426953125 0.43567675 0.026874999999999982 0.055834000000000016
0 0.7935546875 0.48312533333333335 0.03874999999999995 0.07416599999999995
0 0.861328125 0.57098925 0.03562500000000002 0.070834
0 0.8696484375 0.432917 0.030000000000000027 0.0625
