0 0.2357421875 0.5215564317180617 0.021875000000000006 0.04421400000000009
0 0.2728125 0.5676524317180618 0.016874999999999973 0.04609599999999989
0 0.3275390625 0.5411965741556535 0.018125000000000002 0.03856999999999998
0 0.38046875 0.5380758604992657 0.02437499999999998 0.047978000000000104
0 0.4484375 0.5003320029368575 0.01687500000000003 0.042333000000000016
0 0.53546875 0.5868800029368576 0.024374999999999925 0.04327299999999998
0 0.5608203125 0.5055634317180617 0.02562500000000001 0.044214999999999983
0 0.641015625 0.5337854317180617 0.020625000000000004 0.04609599999999997
0 0.74671875 0.5280265741556535 0.024375000000000036 0.04045200000000003
0 0.866796875 0.49721128928046987 0.028124999999999956 0.05174100000000006
0 0.8890625 0.5026265741556535 0.016874999999999973 0.03856999999999998
0 0.9195703125 0.529724718061674 0.02562500000000001 0.055503000000000025
