0 0.0048828125 0.6594270833333332 0.01 0.03583300000000008
0 0.4990234375 0.7174479166666666 0.999375 0.561667
0 0.0621484375 0.6841663333333333 0.030625 0.04416700000000007
0 0.0823828125 0.917917 0.042499999999999996 0.0625
0 0.0776171875 0.6018229166666668 0.02187499999999999 0.03083299999999996
0 0.1089453125 0.6116145833333334 0.026249999999999996 0.020832999999999952
0 0.120703125 0.6757809166666666 0.036250000000000004 0.06000000000000005
0 0.122890625 0.5557291666666666 0.020625000000000004 0.03750000000000001
0 0.200390625 0.5644270833333334 0.020625000000000004 0.03416700000000006
0 0.20796875 0.6583333333333333 0.02437499999999998 0.04250000000000006
0 0.2998046875 0.74401075 0.03875000000000001 0.05666600000000003
0 0.3371484375 0.6480725833333333 0.02999999999999997 0.04999999999999997
0 0.3340625 0.5919270833333333 0.015625 0.03416700000000006
0 0.3701953125 0.6869270833333334 0.026875000000000038 0.03583299999999993
0 0.40296875 0.5601559166666666 0.024375000000000036 0.030834000000000028
0 0.415625 0.7324479166666666 0.03249999999999997 0.05999999999999991
0 0.4231640625 0.597292 0.018125000000000002 0.03333299999999991
0 0.456171875 0.6054684166666666 0.02749999999999997 0.04666700000000009
0 0.4588671875 0.6733333333333333 0.023125000000000007 0.0416669999999999
0 0.486875 0.7339065833333334 0.033125000000000016 0.04999999999999997
0 0.5077734375 0.6914065833333334 0.03062500000000007 0.05166599999999999
0 0.51515625 0.8108850833333334 0.040000000000000036 0.0674999999999999
0 0.55 0.63567675 0.03125 0.05583399999999994
0 0.5628125 0.8624996666666668 0.046875 0.08499999999999996
0 0.621796875 0.74401075 0.028124999999999956 0.055000000000000014
0 0.6301171875 0.5941663333333334 0.022499999999999964 0.04333399999999991
0 0.651875 0.65703125 0.03125 0.04083300000000004
0 0.6565234375 0.7404684166666667 0.02937500000000004 0.04583400000000001
0 0.7316015625 0.7069788333333333 0.03500000000000003 0.05833400000000003
0 0.7326171875 0.6315621666666668 0.02312499999999995 0.03749999999999994
0 0.7480859375 0.8343232500000001 0.04625000000000001 0.07083299999999992
0 0.7465625 0.592292 0.01749999999999996 0.03249999999999997
0 0.78625 0.7997395833333334 0.03249999999999997 0.04999999999999982
0 0.7897265625 0.6770312500000001 0.03375000000000006 0.04000000000000011
0 0.8163671875 0.6348961666666666 0.021874999999999978 0.03750000000000009
0 0.843125 0.7696354166666667 0.03249999999999997 0.04666699999999994
0 0.8494140625 0.5783333333333333 0.01937500000000003 0.041667000000000044
0 0.9069921875 0.5740621666666667 0.021874999999999978 0.036667000000000005
0 0.9153515625 0.82125 0.03499999999999992 0.06416700000000002
0 0.9557421875 0.72536425 0.02187500000000009 0.03999999999999989
