0 0.1755078125 0.77526075 0.07375000000000001 0.11833299999999995
0 0.1678125 0.5622399166666666 0.04749999999999999 0.09166600000000003
0 0.29609375 0.8895309166666667 0.08750000000000002 0.12416699999999992
0 0.2818359375 0.5830729166666666 0.044999999999999984 0.0925000000000001
0 0.2783203125 0.3205725833333333 0.026249999999999996 0.04999999999999997
0 0.385703125 0.7904690833333333 0.06687500000000002 0.12916599999999998
0 0.4186328125 0.5242190833333333 0.04125000000000001 0.06583299999999996
0 0.4570703125 0.70494825 0.05687499999999995 0.10333299999999997
0 0.5275390625 0.38098991666666665 0.018124999999999947 0.029165999999999952
0 0.5486328125 0.5928645833333334 0.04125000000000001 0.081667
0 0.6142578125 0.49348924999999993 0.04249999999999998 0.07250000000000008
0 0.7192578125 0.4895315833333333 0.04249999999999998 0.08333300000000003
0 0.73625 0.6865628333333333 0.06437500000000007 0.12083300000000004
0 0.837421875 0.3744788333333333 0.028750000000000053 0.05750000000000003
0 0.9061328125 0.6577604166666666 0.04125000000000001 0.07583300000000011
0 0.9687109375 0.56932325 0.045624999999999916 0.07166600000000001
