0 0.0146484375 0.37037878885630504 0.03 0.061914
0 0.0935546875 0.36761985923753665 0.037500000000000006 0.041275999999999945
0 0.28984375 0.35081416129032256 0.05624999999999997 0.16135100000000005
0 0.4167578125 0.22239789149560119 0.04125000000000001 0.07504700000000002
0 0.49625 0.7915881994134898 0.06375000000000003 0.10881799999999987
0 0.5305078125 0.6036706158357771 0.04249999999999998 0.07317100000000001
0 0.5892578125 0.6741461671554253 0.04249999999999998 0.07692299999999996
0 0.5898046875 0.47902416715542523 0.03874999999999995 0.07692299999999996
0 0.6047265625 0.9267356803519061 0.06499999999999995 0.13508400000000004
0 0.6135546875 0.1646466158357771 0.03875000000000006 0.07129400000000004
0 0.62625 0.8321538914956012 0.06374999999999997 0.07504699999999999
0 0.641484375 0.6903843401759531 0.043749999999999956 0.06754299999999999
0 0.665390625 0.7732359237536657 0.05125000000000002 0.10694199999999998
0 0.68984375 0.6667046480938417 0.05500000000000005 0.10506500000000002
0 0.6885546875 0.547795340175953 0.03874999999999995 0.06941899999999997
0 0.726640625 0.5974592697947215 0.05124999999999991 0.0881799999999999
0 0.7458203125 0.7369420967741935 0.057499999999999996 0.09943700000000008
0 0.743671875 0.24191585923753664 0.028750000000000053 0.04127600000000003
0 0.785234375 0.497549064516129 0.043749999999999956 0.06566600000000003
0 0.824765625 0.29386551319648097 0.020000000000000018 0.06003799999999997
0 0.836484375 0.6404376480938416 0.04375000000000007 0.10319000000000002
0 0.8577734375 0.77077657771261 0.06125000000000003 0.12570400000000007
0 0.8790234375 0.6289445454545454 0.06125000000000003 0.093808
0 0.905 0.8846402316715541 0.06374999999999997 0.14258900000000008
0 0.9353515625 0.09147561583577712 0.03500000000000003 0.071295
0 0.9460546875 0.4858823401759531 0.03875000000000006 0.069418
0 0.9659765625 0.6500557507331378 0.06500000000000006 0.11444599999999998
0 0.969296875 0.9367000263929619 0.05875000000000008 0.12007499999999989
