0 0.009765625 0.3008196691068814 0.020625 0.131332
0 0.03125 0.6330159267935578 0.064375 0.13602299999999998
0 0.0784765625 0.13695228257686676 0.065625 0.12288900000000001
0 0.08785156250000001 0.46697492679355784 0.065 0.13508400000000004
0 0.195625 0.359804411420205 0.06375 0.12476600000000002
0 0.2355859375 0.5884698960468521 0.07687499999999997 0.11350800000000007
0 0.271953125 0.13237554026354317 0.06750000000000003 0.12664200000000003
0 0.260078125 0.5150713806734992 0.03562500000000002 0.100375
0 0.3833203125 0.3338360248901903 0.05812500000000004 0.11538500000000003
0 0.42984375 0.636356055636896 0.05624999999999997 0.13977499999999998
0 0.463984375 0.47852954026354316 0.07562499999999994 0.126642
0 0.5032421874999999 0.20756273645680823 0.05375000000000002 0.08724199999999999
0 0.5966796875 0.35875315373352856 0.06937499999999996 0.11913700000000002
0 0.6254296875 0.6242311537335286 0.06999999999999995 0.11726099999999993
0 0.6671484375 0.47582979795021957 0.06187500000000001 0.134146
0 0.711171875 0.21904825183016108 0.05874999999999997 0.098499
0 0.773046875 0.4735409267935578 0.05999999999999994 0.13602299999999998
0 0.864921875 0.2541691229868228 0.05875000000000008 0.09662299999999999
0 0.8925390625 0.6436325402635432 0.08062499999999995 0.12664199999999992
0 0.9436328125 0.4315112825768667 0.073125 0.12101300000000009
0 0.987890625 0.3874212825768668 0.02124999999999999 0.12101299999999993
