0 0.0164453125 0.48140658333333336 0.02625 0.04999999999999997
0 0.07054687500000001 0.4679170000000001 0.028750000000000005 0.06499999999999995
0 0.2348828125 0.40682291666666665 0.07375000000000001 0.15500000000000003
0 0.220390625 0.5025003333333333 0.020625000000000004 0.043333000000000066
0 0.3610546875 0.4213541666666667 0.03874999999999995 0.06833299999999998
0 0.4687890625 0.41552116666666666 0.018125000000000002 0.06916599999999999
0 0.5075390625 0.4984374999999999 0.01937499999999992 0.048333000000000105
0 0.520390625 0.49307258333333337 0.020625000000000004 0.051666999999999984
0 0.5886328125 0.4082815833333333 0.010624999999999996 0.019166000000000016
0 0.656640625 0.936667 0.11499999999999999 0.125
0 0.65796875 0.43895833333333334 0.024375000000000036 0.07416700000000002
0 0.7040625 0.5815100833333333 0.04812499999999997 0.09666700000000006
0 0.71078125 0.3820836666666667 0.008749999999999925 0.022499999999999964
0 0.762734375 0.43578158333333333 0.01187500000000008 0.02083300000000003
0 0.7828125 0.55567675 0.04812499999999997 0.05499999999999986
0 0.8086328125 0.4354166666666666 0.011249999999999982 0.022500000000000037
0 0.86015625 0.5058333333333334 0.008125000000000049 0.043333000000000066
0 0.926953125 0.5663024166666667 0.036250000000000004 0.046666000000000096
