0 0.1392578125 0.37911425 0.135625 0.22833400000000004
0 0.2779296875 0.2877604166666667 0.03749999999999998 0.07750000000000001
0 0.324375 0.3345833333333333 0.06437499999999996 0.106667
0 0.457109375 0.5334378333333333 0.13687500000000002 0.215
0 0.4180078125 0.26859341666666664 0.04249999999999998 0.07750000000000005
0 0.4722265625 0.3141666666666667 0.06624999999999998 0.08416699999999995
0 0.5471875 0.29515625 0.046875 0.07250000000000001
0 0.6503125 0.6417190833333334 0.11125000000000007 0.1908330000000001
0 0.6623828125 0.32265625 0.04249999999999998 0.07083300000000003
0 0.707265625 0.38994825 0.05125000000000002 0.10166599999999996
0 0.7987890625 0.7195315833333332 0.11312499999999992 0.20833299999999996
0 0.8358984375 0.3938545 0.06062499999999993 0.10999999999999995
0 0.9349609375 0.5460413333333333 0.07750000000000001 0.13750000000000004
0 0.9228125 0.4006770833333333 0.046875 0.098333
