0 0.05468725 0.3748168345534407 0.040039 0.06588600000000003
0 0.0791014375 0.31185934992679354 0.03027400000000001 0.07759900000000003
0 0.087891 0.487554803806735 0.033202999999999996 0.040996000000000005
0 0.3291010625 0.3718884480234261 0.018554999999999988 0.05856500000000001
0 0.363281625 0.47730596339677894 0.051757 0.07027799999999997
0 0.4169925 0.45095138067349927 0.046875 0.10248899999999997
0 0.4443358125 0.38067309224011714 0.04199200000000003 0.07027899999999998
0 0.505859125 0.5095167364568082 0.03515699999999994 0.08492000000000008
0 0.560547125 0.30161044802342607 0.03613299999999997 0.05856500000000001
0 0.5703128125 0.37188896339677896 0.04199200000000003 0.06881400000000001
0 0.6005860625 0.44948712298682286 0.04980499999999999 0.09370500000000001
0 0.6591798125 0.24890209224011714 0.04101599999999994 0.071742
0 0.6748051875 0.4992674787701318 0.053710000000000035 0.07906300000000006
0 0.6923825 0.44655973645680824 0.046875 0.08638299999999993
0 0.7001956875 0.3660324480234261 0.03808599999999995 0.05856499999999993
0 0.764648625 0.4992679633967789 0.05175800000000008 0.06881399999999997
0 0.79101525 0.2693999633967789 0.03906300000000007 0.07027800000000005
0 0.819336125 0.3865300922401171 0.03710900000000006 0.073206
0 0.942382875 0.4333822210834553 0.028320000000000012 0.07467000000000003
0 0.983398 0.4685207364568082 0.03125 0.08492
