0 0.120765625 0.137952 0.021000000000000005 0.051205
0 0.1618125 0.10201947058823531 0.017000000000000015 0.034639
0 0.1786953125 0.14408223529411765 0.026999999999999996 0.04367500000000002
0 0.2228125 0.15336611764705882 0.016000000000000014 0.021085000000000003
0 0.2308828125 0.1863574705882353 0.009999999999999981 0.03463799999999999
0 0.2648125 0.1772860588235294 0.016000000000000014 0.03614400000000001
0 0.3006015625 0.22351170588235292 0.03500000000000003 0.07530100000000002
0 0.3386953125 0.22806511764705883 0.02699999999999997 0.070783
0 0.373765625 0.15767164705882356 0.020000000000000018 0.040662999999999984
0 0.4134375 0.23692405882352943 0.04799999999999999 0.08584299999999997
0 0.520390625 0.34679323529411765 0.052000000000000046 0.09186699999999996
0 0.6722265625 0.36268641176470584 0.06499999999999995 0.14909600000000003
0 0.844875 0.4629165882352941 0.09499999999999997 0.20481900000000003
