0 0.1298698144329897 0.369200625 0.07130800000000002 0.08365499999999998
0 0.16769179381443297 0.59628925 0.07809899999999999 0.07078499999999999
0 0.23560379381443297 0.2221269375 0.07979599999999999 0.07722000000000001
0 0.3621807525773196 0.51401075 0.09507700000000004 0.08751700000000001
0 0.5085394536082475 0.465635125 0.08149400000000002 0.06821099999999997
0 0.7520198556701031 0.338176875 0.05432899999999988 0.05920200000000003
0 0.8377275360824743 0.2972128125 0.05093399999999994 0.042471000000000037
0 0.8725012164948452 0.59619875 0.0441430000000001 0.05662800000000001
0 0.9366695154639175 0.3815339375 0.05772499999999993 0.045045
0 0.9319242164948454 0.3075088125 0.0441430000000001 0.041184
