0 0.4280970344108446 0.6166920625 0.025973999999999997 0.01899700000000004
0 0.4311132815432742 0.579674625 0.023539000000000036 0.02127599999999996
0 0.4311132815432742 0.6567485 0.023539000000000036 0.015958000000000028
0 0.43018927007299274 0.5820639375 0.016232999999999956 0.014438000000000062
0 0.5708420229405631 0.6151720625 0.017857000000000005 0.01899700000000004
0 0.5720035172054223 0.5800005 0.012986999999999967 0.017477999999999994
0 0.712076022940563 0.616148625 0.017857000000000005 0.020517000000000007
0 0.7179887758081335 0.580434625 0.020291999999999963 0.02051599999999998
0 0.8273235630865484 0.08433475 0.04789000000000001 0.056231
0 0.8574810344108447 0.6171251875 0.025973999999999935 0.022035999999999945
0 0.8577175172054223 0.5790239375 0.012986999999999967 0.013677999999999968
