0 0.4990234375 0.449705174743025 0.999375 0.446428
0 0.025859375 0.6292851497797357 0.044375 0.09868399999999998
0 0.0340625 0.5362991483113069 0.0475 0.07706800000000004
0 0.07515625000000001 0.5279001468428781 0.040625 0.05827099999999998
0 0.13374999999999998 0.3823955844346549 0.094375 0.18327100000000007
0 0.320625 0.5128621468428781 0.03125 0.05733100000000002
0 0.369921875 0.283950718061674 0.028749999999999998 0.055451000000000014
0 0.491484375 0.3908545844346549 0.07437500000000008 0.18421099999999999
0 0.5115234375 0.9515362922173275 0.06187499999999996 0.09304499999999986
0 0.5878515625 0.3655987209985316 0.03437499999999993 0.094925
0 0.6720703125 0.945720436123348 0.02562500000000001 0.10620299999999987
0 0.756015625 0.6202977209985316 0.05125000000000002 0.09586499999999999
0 0.844453125 0.5785931483113069 0.03687499999999999 0.07706699999999997
0 0.847265625 0.8971421497797357 0.020625000000000004 0.09962400000000012
0 0.87484375 0.5928080058737151 0.05499999999999994 0.08364599999999997
0 0.8965234375 0.47432914684287814 0.030625000000000013 0.05732999999999996
0 0.9201953125 0.5279001468428781 0.026874999999999982 0.05827099999999998
0 0.9277734375 0.7287344331864904 0.02937500000000004 0.06578899999999989
0 0.94734375 0.46334486049926576 0.024374999999999925 0.046992000000000006
