0 0.090390625 0.5782246652110625 0.020625000000000004 0.04748600000000001
0 0.1001171875 0.7898200815138282 0.023125000000000007 0.05958999999999993
0 0.1241015625 0.6296710815138282 0.034375 0.05865900000000004
0 0.146484375 0.447635248908297 0.013124999999999998 0.03631200000000002
0 0.200546875 0.5636158529839883 0.028124999999999983 0.038175000000000084
0 0.23953125 0.9846428326055312 0.04000000000000001 0.026071000000000077
0 0.2502734375 0.8093203100436681 0.030624999999999986 0.08007399999999988
0 0.28796875 0.6603970815138283 0.02437499999999998 0.05865900000000004
0 0.3380078125 0.5719958529839884 0.010000000000000009 0.03817499999999992
0 0.3568359375 0.507225248908297 0.015000000000000013 0.037243999999999944
0 0.3794921875 0.6161632489082969 0.021874999999999978 0.036313000000000054
0 0.4168359375 0.4945966448326055 0.01375000000000004 0.03445000000000007
0 0.4337890625 0.8244410611353711 0.018125000000000002 0.04562400000000006
0 0.4414453125 0.5505798529839885 0.025624999999999953 0.03817499999999992
0 0.4824609375 0.701654269286754 0.04562499999999997 0.05120999999999998
0 0.473359375 0.4609584366812227 0.012499999999999956 0.028865000000000033
0 0.5046875 0.48022324890829693 0.01687500000000003 0.03631299999999997
0 0.549140625 0.6105772489082969 0.020625000000000004 0.03631299999999997
0 0.5937109375 0.5898040611353711 0.015000000000000013 0.04562399999999998
0 0.601796875 0.8184476652110626 0.028124999999999956 0.04934900000000007
0 0.618203125 0.7400002489082969 0.036250000000000004 0.03631200000000002
0 0.6563671875 0.6453818733624453 0.021874999999999978 0.05400300000000006
0 0.6989453125 0.5421470815138283 0.02562500000000001 0.058659999999999914
0 0.7323828125 0.885841289665211 0.04249999999999998 0.0651760000000001
0 0.7581640625 0.6391520611353712 0.018124999999999947 0.04562400000000006
0 0.7718359375 0.5509872489082969 0.01375000000000004 0.03631200000000002
0 0.85359375 0.6020262692867541 0.023749999999999938 0.05027899999999992
0 0.88515625 0.7833548529839884 0.008750000000000036 0.04003699999999994
0 0.9507421875 0.5878766244541485 0.02187500000000009 0.019552999999999987
0 0.9868359375 0.5598908529839883 0.01375000000000004 0.04003800000000007
