0 0.033710937499999996 0.6367190833333334 0.04625 0.0674999999999999
0 0.0543359375 0.06802116666666667 0.04625 0.06916599999999999
0 0.09640625 0.3107809166666667 0.04000000000000001 0.06000000000000002
0 0.1807421875 0.4752604166666667 0.05437499999999998 0.07583300000000004
0 0.1839453125 0.09494791666666667 0.05812499999999998 0.060833000000000005
0 0.2907421875 0.6625520833333334 0.05312499999999998 0.06750000000000005
0 0.384296875 0.6945312500000002 0.05937500000000001 0.03999999999999989
0 0.4359765625 0.3016663333333333 0.034999999999999976 0.04416700000000003
0 0.57234375 0.7350520833333333 0.05499999999999994 0.06583300000000003
0 0.5983203125 0.09197916666666667 0.05812500000000009 0.10083299999999999
0 0.69625 0.8642190833333334 0.06437499999999996 0.0674999999999999
0 0.764921875 0.6768746666666666 0.05937500000000007 0.05333399999999999
0 0.8403515625 0.5914065833333334 0.03500000000000003 0.0499999999999999
0 0.8655859375 0.77484375 0.04625000000000001 0.05666699999999988
0 0.905 0.11723958333333333 0.03125 0.05000000000000001
0 0.9696875 0.51869825 0.016874999999999973 0.041665999999999905
