0 0.0685546875 0.4487488795888399 0.09999999999999999 0.31608699999999995
0 0.213125 0.3348981600587372 0.12687500000000002 0.24270999999999998
0 0.3978515625 0.4165380044052864 0.03375 0.06396999999999996
0 0.4289453125 0.37503114684287814 0.02562500000000001 0.05644400000000001
0 0.5111328125 0.33760772246696036 0.041874999999999996 0.11570999999999995
0 0.53796875 0.3759021483113069 0.024375000000000036 0.07714099999999999
0 0.6202734375 0.3241621483113069 0.030625000000000013 0.07902200000000001
0 0.693125 0.3826020058737151 0.03312499999999996 0.08466599999999991
0 0.77859375 0.4039644317180617 0.024375000000000036 0.04421399999999992
0 0.891015625 0.16299559471365638 0.05125000000000002 0.326435
