0 0.017578125 0.3609236521739131 0.036875 0.15739199999999998
0 0.026640625 0.11516256521739131 0.05125 0.084348
0 0.0884765625 0.2486953913043478 0.06625 0.130435
0 0.0909765625 0.08999969565217392 0.034375 0.067826
0 0.214375 0.5520109999999999 0.095 0.18869600000000003
0 0.27132812500000003 0.4792939130434783 0.06687499999999999 0.11739099999999997
0 0.281328125 0.22929334782608696 0.03687499999999999 0.09652199999999998
0 0.386328125 0.3358700434782609 0.06812499999999999 0.09825999999999994
0 0.4944140625 0.6475003478260869 0.08125000000000004 0.15913000000000002
0 0.663984375 0.3392931739130435 0.10625000000000007 0.20521799999999998
0 0.796484375 0.33706508695652176 0.043749999999999956 0.07130400000000005
