0 0.09796015959004394 0.86373425 0.02826000000000001 0.03913
0 0.14980141727672036 0.80229875 0.03369500000000002 0.02463700000000002
0 0.23178931918008785 0.088875375 0.054347999999999966 0.04420299999999999
0 0.29729467496339673 0.7970365625 0.040216999999999996 0.03478199999999998
0 0.34587493265007324 0.098737125 0.046738999999999975 0.03550800000000001
0 0.4022627730600293 0.7936344375 0.018478999999999975 0.030434000000000072
0 0.6059452884333821 0.7832685625 0.03152199999999997 0.03478199999999998
0 0.6728503499267935 0.0987350625 0.07717399999999996 0.080434
0 0.7280624172767203 0.79070475 0.03369500000000002 0.023913000000000073
0 0.9211189019033674 0.7767465625 0.020652000000000025 0.03405800000000003
0 0.9269300307467057 0.7734068125 0.026086999999999954 0.04130400000000001
