0 0.25007812500000004 0.5774479166666667 0.03624999999999998 0.06083299999999999
0 0.2926953125 0.09333333333333332 0.026874999999999982 0.04416700000000001
0 0.4173046875 0.6597395833333334 0.03750000000000003 0.05166700000000005
0 0.47375 0.9304169999999999 0.03249999999999997 0.06333300000000008
0 0.5248828125 0.6375003333333332 0.041874999999999996 0.04416600000000007
0 0.6259375 0.11359408333333333 0.016874999999999973 0.03416600000000001
0 0.6421484375 0.28046841666666666 0.02937500000000004 0.045000000000000005
0 0.68828125 0.6796871666666666 0.040000000000000036 0.06916700000000005
0 0.7919921875 0.8080725833333333 0.021874999999999978 0.051666999999999984
0 0.8483203125 0.34182291666666664 0.026875000000000093 0.02916699999999998
0 0.9695703125 0.73151075 0.026874999999999982 0.055000000000000014
