0 0.01953125 0.9094792518301611 0.040625 0.09756099999999991
0 0.032890625 0.4748735768667643 0.021249999999999998 0.06097599999999994
0 0.05359375 0.2721333191800878 0.024375 0.05347100000000003
0 0.178984375 0.8788909633967789 0.04375000000000001 0.0675420000000001
0 0.27164062499999997 0.9155383440702781 0.08312499999999998 0.16697899999999996
0 0.2909765625 0.539873251830161 0.065 0.09849900000000006
0 0.55515625 0.8814245710102488 0.07062499999999994 0.15197000000000005
0 0.54578125 0.12658912298682284 0.040000000000000036 0.09662299999999999
0 0.6234765625 0.13832809224011713 0.03374999999999995 0.073171
0 0.710703125 0.017569546120058566 0.03687499999999999 0.037523
0 0.7604296875 0.7422640190336749 0.10000000000000009 0.20731699999999992
0 0.9677734375 0.44745928257686673 0.06187500000000001 0.12288899999999997
