0 0.0071301247771836 0.668671875 0.014823 0.028749999999999942
0 0.035859967914438504 0.8783203125 0.05587199999999999 0.11937500000000001
0 0.039843718360071306 0.6668359375 0.025085999999999997 0.013749999999999929
0 0.06855906238859179 0.6600390625 0.009122000000000007 0.018750000000000044
0 0.1863366844919786 0.860546875 0.19270199999999998 0.15374999999999994
0 0.16207456149732619 0.7011328125 0.066134 0.04249999999999998
0 0.1833063743315508 0.65328125 0.043329 0.008749999999999925
0 0.26447271836007136 0.6678125 0.02508599999999997 0.016874999999999973
0 0.3200565935828877 0.6608203125 0.012542999999999985 0.02562500000000001
0 0.383124 0.6385546875 0.003421000000000016 0.0068749999999999645
0 0.401368 0.6354296875 0.003421000000000016 0.0068750000000000755
0 0.4497709679144385 0.749296875 0.0535920000000001 0.09062500000000007
0 0.457241 0.5525 0.003419999999999957 0.0012499999999999734
0 0.4907411871657753 0.7523828125 0.023945000000000043 0.073125
0 0.5417630623885917 0.555703125 0.010263000000000098 0.0050000000000000044
0 0.5645680623885918 0.5525 0.009121999999999969 0.0006249999999999867
0 0.563284 0.554453125 0.0034210000000000663 0.0050000000000000044
0 0.7699581247771836 0.662109375 0.01596299999999999 0.011874999999999969
0 0.8453591871657753 0.6735546875 0.021664000000000096 0.03749999999999998
0 0.9692274991087344 0.7170703125 0.05815299999999998 0.05812499999999998
0 0.9785588431372548 0.797734375 0.03990900000000004 0.07499999999999996
