0 0.1432071875 0.04543533333333333 0.021715000000000012 0.043415
0 0.1662270625 0.2648256666666667 0.018458000000000002 0.052099000000000006
0 0.1793655 0.07973575 0.017372 0.024602000000000013
0 0.2159541875 0.2704739166666667 0.022800999999999988 0.03038999999999999
0 0.282726 0.24528708333333335 0.03148700000000004 0.06657000000000002
0 0.3025973125 0.08031225 0.02714500000000003 0.03907399999999999
0 0.36242475 0.2889929166666667 0.02388699999999999 0.062228999999999944
0 0.4320231875 0.07886525 0.02280199999999999 0.040520999999999995
0 0.4676289375 0.2982524166666667 0.04668899999999998 0.07669999999999999
0 0.5239805 0.3794393333333333 0.047774000000000094 0.07380600000000004
0 0.622792875 0.0827715 0.028229999999999977 0.04920399999999999
0 0.7966263125 0.04934158333333333 0.027143999999999946 0.050651
