0 0.4990234375 0.349679270863836 0.999375 0.302064
0 0.4885546875 0.561039953147877 0.9762500000000001 0.728893
0 0.016835937500000002 0.5580208038067349 0.015624999999999998 0.042213999999999974
0 0.1451171875 0.5651139326500731 0.023125000000000007 0.044090000000000094
0 0.2158984375 0.5598978038067349 0.029374999999999984 0.042213000000000084
0 0.219765625 0.4750579326500732 0.020625000000000004 0.04409000000000001
0 0.27921875 0.5003859326500733 0.02437499999999998 0.04409000000000001
0 0.3168359375 0.8036336691068814 0.04625000000000001 0.12945600000000002
0 0.3438671875 0.488602803806735 0.023125000000000007 0.042213999999999974
0 0.3862890625 0.442821159590044 0.018125000000000002 0.02907999999999995
0 0.4456640625 0.460459803806735 0.01874999999999999 0.042213999999999974
0 0.4594140625 0.41737790190336754 0.018125000000000002 0.022515000000000007
0 0.49609375 0.41573041727672033 0.024375000000000036 0.03377100000000005
0 0.504453125 0.6256069633967789 0.03562499999999996 0.06848100000000006
0 0.5693359375 0.39310215959004396 0.015000000000000013 0.027204
0 0.605546875 0.5135189326500732 0.028124999999999956 0.04596599999999996
0 0.65859375 0.44428528843338216 0.024375000000000036 0.030955999999999984
0 0.7146484375 0.8429635710102489 0.06187500000000001 0.15197000000000005
0 0.765390625 0.4468006749633968 0.020625000000000004 0.03846199999999999
0 0.78578125 0.6673389941434847 0.04062500000000002 0.09287099999999987
0 0.8681640625 0.40710306149341136 0.018124999999999947 0.04784300000000005
0 0.9008203125 0.7101933806734994 0.057499999999999996 0.10037499999999992
0 0.9609765625 0.4564101903367496 0.034375000000000044 0.05065600000000001
