0 0.3779292864983534 0.452956375 0.04850199999999998 0.04314699999999999
0 0.39076828649835343 0.509964125 0.049929 0.036802
0 0.402949676180022 0.5885501875 0.054208 0.05456800000000006
0 0.42061450713501647 0.400827125 0.03994299999999996 0.03553299999999998
0 0.45496228649835346 0.3445035 0.04850199999999998 0.046953999999999996
0 0.5145479813391877 0.6005560625 0.05135500000000005 0.04949199999999998
0 0.5350658122941823 0.3169761875 0.03851700000000004 0.05456899999999998
0 0.6018952864983534 0.558772 0.049929 0.032995
0 0.611111896816685 0.3480180625 0.04422299999999999 0.050761
0 0.6483136761800219 0.402681 0.05278099999999998 0.031725999999999976
0 0.6775012864983534 0.4710158125 0.049929 0.04187799999999997
