0 0.0537109375 0.5897805401459854 0.014648000000000001 0.030657000000000083
0 0.0878904375 0.5941609343065694 0.029297000000000004 0.06277299999999991
0 0.1308596875 0.6000003503649636 0.039062 0.07591199999999995
0 0.189453375 0.5605843941605839 0.012694999999999984 0.03357600000000004
0 0.207031375 0.5605838321167883 0.011719000000000007 0.023357999999999983
0 0.23242225 0.5518249781021898 0.009764999999999996 0.021898000000000018
0 0.25195337500000003 0.5591236861313869 0.012694999999999984 0.02627799999999991
0 0.259765625 0.6102186642335766 0.020508000000000026 0.046715999999999966
0 0.272460625 0.5518249562043797 0.02050799999999997 0.040875999999999864
0 0.3017575 0.6890510364963504 0.046875 0.10072999999999999
0 0.3027348125 0.5751828321167883 0.011718000000000006 0.026276999999999943
0 0.3691405625 0.5956207883211679 0.03515600000000002 0.06715299999999998
0 0.3798831875 0.5489052481751825 0.023436999999999986 0.03795600000000002
0 0.42285125 0.5503648321167883 0.008788999999999991 0.024818000000000028
0 0.44433625 0.5532849781021898 0.008788999999999991 0.020437999999999974
0 0.4843753125 0.5766422262773722 0.02636700000000003 0.05693400000000011
0 0.5458981875 0.5810216642335766 0.022461000000000064 0.04671600000000005
0 0.57714875 0.5868612262773722 0.025390000000000024 0.056934000000000026
0 0.638671625 0.5868612481751826 0.019531999999999994 0.03649599999999997
