0 0.15917918749999999 0.2099604375 0.11562499999999999 0.15624999999999997
0 0.13984375 0.685547375 0.05625000000000001 0.07499900000000004
0 0.2388671875 0.6810546875 0.053125000000000006 0.06874999999999998
0 0.2908203125 0.2218745 0.12031199999999997 0.140626
0 0.3 0.6783203125 0.06406200000000001 0.057811999999999975
0 0.501563 0.1880864375 0.09531200000000006 0.12343699999999999
0 0.569921875 0.5765625 0.09062499999999996 0.109375
0 0.64296925 0.1353510625 0.04062399999999999 0.050001000000000004
0 0.6876953125 0.605859375 0.089063 0.10625000000000007
0 0.7083989375 0.13378856249999999 0.04531199999999991 0.065625
0 0.8685546875 0.18066456250000001 0.09999999999999998 0.12812400000000002
0 0.839453125 0.634375 0.035938000000000025 0.03281299999999998
