0 0.044296875 0.25817675 0.028124999999999997 0.055000000000000014
0 0.1326953125 0.3622395833333334 0.02562500000000001 0.04999999999999997
0 0.2344140625 0.6280729166666666 0.08062500000000003 0.21833300000000003
0 0.2928125 0.3173961666666667 0.015625 0.03666599999999994
0 0.4199609375 0.23171875 0.013749999999999984 0.025832999999999995
0 0.4320703125 0.3778128333333333 0.026874999999999982 0.059165999999999976
0 0.4473828125 0.5048440833333333 0.041874999999999996 0.09749999999999992
0 0.4584375 0.3296878333333333 0.01687500000000003 0.027500000000000007
0 0.6718359375 0.29218783333333337 0.013749999999999929 0.027500000000000007
0 0.8703125 0.40791700000000003 0.046875 0.06416599999999995
0 0.928984375 0.34807258333333335 0.013125000000000053 0.05166700000000002
0 0.9837890625 0.2988538333333333 0.018125000000000058 0.02749999999999997
