0 0.017460937500000002 0.4466145833333333 0.01375 0.020832999999999952
0 0.0226171875 0.443958 0.021875000000000002 0.033333999999999975
0 0.025234375 0.4257815833333334 0.011875 0.020832999999999952
0 0.038359375 0.43838574999999996 0.013124999999999998 0.025832999999999995
0 0.06496093750000001 0.43604133333333334 0.014374999999999992 0.01166700000000002
0 0.1023046875 0.46614549999999993 0.006874999999999992 0.016666999999999987
0 0.2423046875 0.3563024166666667 0.03749999999999998 0.04666599999999995
0 0.3050390625 0.35484374999999996 0.04999999999999999 0.05499999999999997
0 0.6266796875 0.21520833333333333 0.0068749999999999645 0.011666999999999983
0 0.647890625 0.2915621666666666 0.020624999999999893 0.036667000000000005
0 0.7130078125 0.308125 0.011249999999999982 0.03250000000000005
