0 0.0929296875 0.30282386196769456 0.037500000000000006 0.068673
0 0.1610546875 0.40694714831130685 0.03875000000000001 0.079021
0 0.197578125 0.27324829074889867 0.03687500000000002 0.071495
0 0.2384765625 0.2231595756240822 0.03500000000000003 0.05926599999999998
0 0.2727734375 0.4031382892804699 0.029374999999999984 0.05268100000000002
0 0.299375 0.2726060044052863 0.03187499999999999 0.06302900000000002
0 0.35953125 0.18835257562408222 0.03937499999999999 0.05926600000000002
0 0.3834765625 0.39813657562408217 0.03437499999999999 0.060207000000000045
0 0.40953125 0.29330200440528637 0.03937499999999999 0.06208799999999999
0 0.4411328125 0.19670471806167403 0.04124999999999995 0.053621999999999996
0 0.49125 0.3964842907488987 0.033125000000000016 0.07149600000000003
0 0.5081249999999999 0.28995157562408225 0.03187500000000004 0.060207000000000045
0 0.5847265625 0.4108930044052863 0.034375000000000044 0.062089000000000054
0 0.58875 0.2925448604992658 0.03312499999999996 0.04985900000000001
0 0.70921875 0.8060927224669604 0.05625000000000002 0.11570999999999995
0 0.8483984375 0.7661218722466959 0.09312500000000001 0.21166500000000002
