0 0.0268876875 0.5589414166666667 0.0375 0.10833300000000001
0 0.05130175 0.4732636666666667 0.025 0.05277799999999999
0 0.1841796875 0.5014755833333333 0.06875 0.0833330000000001
0 0.1929033125 0.6109378333333334 0.058334 0.088889
0 0.19661425 0.48958299999999993 0.03958400000000001 0.06388900000000002
0 0.2637373125 0.7019094999999999 0.058333000000000024 0.11111100000000011
0 0.3134765625 0.5092880833333333 0.064583 0.09722199999999999
0 0.5227216875 0.62248275 0.03749999999999998 0.11944399999999995
0 0.658333 0.5435765 0.0625 0.11111099999999989
0 0.6675126875 0.78220475 0.06874999999999998 0.2444450000000001
0 0.745963875 0.6039935 0.060415999999999914 0.04722200000000002
0 0.8392578125 0.5792535833333333 0.04166700000000001 0.0833330000000001
0 0.86953125 0.6616318333333334 0.10208300000000003 0.152778
0 0.9309248125 0.5355039166666667 0.04166599999999998 0.06111099999999999
0 0.9734375 0.7967018333333332 0.0479170000000001 0.1833330000000002
