0 0.08125 0.4334481537335286 0.063125 0.11715100000000002
0 0.175390625 0.3994756383601757 0.05250000000000002 0.10684099999999998
0 0.2312890625 0.4351497364568082 0.05000000000000002 0.08622300000000001
0 0.3062109375 0.4769138653001464 0.04562499999999997 0.08997200000000008
0 0.364140625 0.3622802518301611 0.05249999999999999 0.09934399999999993
0 0.436015625 0.36708350951683744 0.05124999999999996 0.10309300000000005
0 0.5224609375 0.4017033499267935 0.04500000000000004 0.07685099999999997
0 0.584296875 0.4066829633967789 0.028124999999999956 0.067479
0 0.6171875 0.4357931229868228 0.04749999999999999 0.09559499999999999
0 0.6450390625 0.47796712298682287 0.050000000000000044 0.09559499999999999
0 0.6799609375 0.3582386383601757 0.04500000000000004 0.10590400000000001
0 0.7530859375 0.4219686383601756 0.04625000000000001 0.10777800000000003
0 0.800625 0.4458085095168375 0.06374999999999997 0.10309300000000005
0 0.87578125 0.37018418448023427 0.07187500000000002 0.14058099999999998
