0 0.0345703125 0.35552083333333334 0.026250000000000002 0.02749999999999993
0 0.0533984375 0.40796841666666667 0.030000000000000006 0.04583400000000001
0 0.07347656250000001 0.64046875 0.06625 0.08750000000000006
0 0.11 0.42666633333333337 0.03249999999999999 0.041666999999999975
0 0.11375 0.57651075 0.03249999999999999 0.055000000000000084
0 0.1305078125 0.29067741666666663 0.010000000000000009 0.01500000000000005
0 0.1898828125 0.2903125 0.010000000000000009 0.01583300000000006
0 0.207734375 0.3688538333333333 0.012500000000000011 0.02833400000000001
0 0.3324609375 0.5574479166666667 0.04562500000000003 0.06000000000000005
0 0.3455859375 0.3166145833333333 0.013749999999999984 0.020000000000000018
0 0.4315625 0.7768753333333334 0.07937499999999997 0.135833
0 0.4211328125 0.3323434166666666 0.011249999999999982 0.01416700000000004
0 0.4339453125 0.4061982499999999 0.026874999999999982 0.03916600000000011
0 0.446484375 0.3444795 0.013124999999999998 0.016665999999999997
0 0.485234375 0.4465104166666667 0.011875000000000024 0.014999999999999977
0 0.5005859375 0.24411458333333333 0.013749999999999929 0.02083299999999999
0 0.5428125 0.3428125 0.016874999999999973 0.016666999999999987
0 0.554375 0.5208333333333334 0.032500000000000084 0.041667000000000044
0 0.5768359375 0.35078158333333337 0.01375000000000004 0.020832999999999952
0 0.60984375 0.5069270833333334 0.024375000000000036 0.03416700000000006
0 0.6246484375 0.40869825 0.02937500000000004 0.04083300000000004
0 0.65765625 0.24317741666666667 0.008749999999999925 0.013333000000000003
0 0.7368359375 0.4753125 0.014375000000000027 0.016666999999999987
0 0.7673828125 0.5175520833333334 0.04250000000000009 0.06583300000000003
0 0.78296875 0.4559899166666666 0.024375000000000036 0.029166000000000025
0 0.8809375 0.4216145833333333 0.016874999999999973 0.020000000000000018
0 0.9505078125 0.6609378333333332 0.0724999999999999 0.0908330000000001
0 0.9415625 0.29052083333333334 0.016875000000000084 0.027500000000000007
