0 0.4999995880398671 0.2333985 0.245848 0.11132799999999998
0 0.06976733222591361 0.50097675 0.059801 0.05566399999999999
0 0.1312292757475083 0.3808593125 0.11129600000000002 0.05761700000000003
0 0.10132881395348838 0.4130858125 0.04817299999999999 0.04199200000000003
0 0.10465081395348837 0.5791015 0.04817299999999999 0.046875
0 0.31893685049833886 0.2802729375 0.07309000000000004 0.04492200000000002
0 0.32890346179401997 0.6171875 0.06644499999999999 0.047852000000000006
0 0.4767444983388704 0.25585912499999997 0.09136200000000012 0.067383
0 0.59302346179402 0.59570325 0.06478399999999994 0.040038999999999936
0 0.7691024983388705 0.293945125 0.09136299999999997 0.06738300000000003
0 0.8936873687707643 0.600586 0.08803999999999995 0.0644530000000001
0 0.9169433687707641 0.3955074375 0.0863790000000001 0.06054700000000002
0 0.9451823322259136 0.5048828125 0.05980099999999991 0.04199200000000003
