0 0.029296875 0.3642708333333333 0.05875 0.09000000000000001
0 0.1297265625 0.2449996666666667 0.06625 0.08416699999999995
0 0.1401953125 0.03328091666666667 0.05687500000000001 0.061667
0 0.142265625 0.08776041666666667 0.051875000000000004 0.0775
0 0.1686328125 0.16562533333333332 0.04249999999999998 0.07416600000000002
0 0.1940234375 0.27583366666666664 0.061874999999999986 0.085833
0 0.18953125 0.061719083333333334 0.03999999999999998 0.0675
0 0.23109375 0.051666666666666666 0.055625000000000036 0.085
0 0.26187499999999997 0.26296875000000003 0.06250000000000003 0.08666700000000001
0 0.3401171875 0.33880175 0.05375000000000002 0.08833399999999998
0 0.364765625 0.25427083333333333 0.051875000000000004 0.08916700000000004
0 0.3953125 0.44625033333333336 0.08000000000000002 0.10666599999999993
0 0.431640625 0.30869758333333336 0.051875000000000004 0.080834
0 0.4882421875 0.58765625 0.08437500000000003 0.070833
0 0.4814453125 0.22197916666666664 0.05812499999999998 0.099167
0 0.50515625 0.4230211666666666 0.07187500000000002 0.06916599999999999
0 0.539453125 0.14536458333333332 0.06812499999999999 0.08083299999999999
0 0.5541796875 0.2645315833333333 0.06874999999999998 0.08250000000000002
0 0.579453125 0.6827083333333333 0.09937499999999999 0.13749999999999996
0 0.63828125 0.4571875 0.07187500000000002 0.11083300000000003
0 0.6489453125 0.27749966666666664 0.05687500000000001 0.08583400000000001
0 0.69453125 0.17494825 0.07124999999999992 0.10166600000000003
0 0.7048828125 0.31078125 0.0737500000000001 0.10166700000000002
0 0.7826953125 0.8085416666666667 0.12 0.17916699999999994
0 0.864609375 0.30630208333333336 0.07499999999999996 0.12916700000000003
0 0.9053125 0.022135416666666668 0.04749999999999999 0.045000000000000005
0 0.9455859375 0.5767705 0.10750000000000004 0.17416700000000004
0 0.930546875 0.3328649166666667 0.059374999999999956 0.12416599999999996
0 0.969296875 0.39067741666666667 0.05937500000000007 0.13999999999999999
