0 0.0334375 0.36651075 0.048749999999999995 0.05666599999999996
0 0.0278515625 0.6555205 0.03375 0.11166700000000011
0 0.037617187499999996 0.9357809166666667 0.021875000000000002 0.061666999999999916
0 0.04984375 0.6367184166666666 0.02375 0.10916700000000008
0 0.177578125 0.96182325 0.036250000000000004 0.07250000000000008
0 0.1926171875 0.6438538333333333 0.02312499999999998 0.15333399999999994
0 0.2112890625 0.41687499999999994 0.050624999999999976 0.09500000000000004
0 0.2761328125 0.38901008333333337 0.04125000000000001 0.09666699999999999
0 0.3470703125 0.3032809166666666 0.026875000000000038 0.060834000000000055
0 0.39140625 0.8568225833333334 0.070625 0.1133339999999999
0 0.3780078125 0.4842184166666667 0.04125000000000001 0.10833399999999993
0 0.4306640625 0.3003645833333333 0.049375 0.080833
0 0.4846484375 0.30484375 0.030625000000000013 0.05666700000000002
0 0.5065234375000001 0.8882809166666666 0.06187499999999996 0.18583399999999997
0 0.5310546875 0.20984375 0.03875000000000006 0.05499999999999997
0 0.5420703125 0.3325524166666667 0.05812499999999998 0.10833300000000001
0 0.574375 0.49307324999999996 0.03125 0.13333300000000006
0 0.6851953125 0.30875 0.02562500000000001 0.06333300000000001
0 0.72546875 0.5007288333333333 0.055625000000000036 0.12083400000000011
0 0.7200390625 0.3877086666666667 0.018124999999999947 0.05333299999999993
0 0.7478125 0.2907295 0.04749999999999999 0.07916600000000003
0 0.779296875 0.9722395833333334 0.028124999999999956 0.051666999999999984
0 0.8058984375 0.9582295 0.030000000000000027 0.08000000000000007
0 0.8775390625 0.28640591666666665 0.01937500000000003 0.09166700000000001
0 0.979453125 0.6385934166666666 0.036250000000000004 0.07750000000000005
0 0.9900390625 0.765 0.018125000000000058 0.12583300000000008
