0 0.0263671875 0.25695718448023425 0.053125 0.141651
0 0.244765625 0.17561585944363103 0.08374999999999999 0.181051
0 0.4094921875 0.1868987979502196 0.05437500000000001 0.13227
0 0.4405859375 0.331382019033675 0.04624999999999996 0.20731699999999995
0 0.5296484375 0.2711347247437775 0.12437500000000001 0.26923
0 0.622890625 0.14798176720351391 0.05249999999999999 0.10975600000000002
0 0.71484375 0.25249469985358713 0.08687500000000004 0.153846
0 0.804765625 0.21474318448023427 0.08374999999999999 0.141651
0 0.9029296875 0.14550954026354318 0.06937499999999996 0.12851700000000002
0 0.9305859375 0.28852863250366034 0.10750000000000004 0.19793599999999997
0 0.9683984375 0.1403365710102489 0.06125000000000003 0.15103200000000003
