0 0.1598046875 0.30140311764705885 0.03812500000000002 0.07280299999999998
0 0.2775 0.24000298039215684 0.03249999999999997 0.05690400000000002
0 0.361953125 0.3034429281045751 0.03562500000000002 0.06945599999999999
0 0.463671875 0.5288043921568628 0.05937500000000001 0.10292899999999991
0 0.454453125 0.23571560130718955 0.036250000000000004 0.05020899999999997
0 0.5836328125 0.27739754901960784 0.04125000000000001 0.06527199999999998
0 0.6998046875 0.31934292810457515 0.03874999999999995 0.07029300000000001
0 0.7508203125 0.20250503267973854 0.02562500000000001 0.041840999999999996
0 0.823984375 0.23220954901960783 0.043749999999999956 0.06359799999999999
0 0.9327734375 0.4322035816993464 0.06187500000000001 0.10460300000000002
