0 0.504140625 0.39775466910688134 0.988889 0.12999999999999998
0 0.020168937499999998 0.43883080380673506 0.015556000000000002 0.043333999999999935
0 0.3533685 0.42858190190336753 0.016666000000000014 0.021666999999999926
0 0.5032330625 0.40903367496339677 0.018889000000000045 0.03833300000000002
0 0.5500345 0.4044384172767203 0.016666999999999987 0.035000000000000045
0 0.5704733125 0.4798901903367496 0.025554999999999994 0.051667000000000025
0 0.6632330625 0.4246412884333821 0.01777799999999996 0.03166699999999999
0 0.6987890625 0.42383080380673493 0.01777800000000007 0.04333400000000002
0 0.866432625 0.41277241727672037 0.020000000000000018 0.03333299999999999
0 0.8989235 0.4375695461200586 0.016666999999999987 0.036666999999999936
0 0.9254560625 0.40570067496339673 0.018889000000000045 0.03833300000000002
0 0.9543450625 0.40570067496339673 0.018888000000000016 0.03833300000000002
0 0.9901689375 0.41756954612005853 0.014445000000000041 0.03666700000000002
