0 0.070390625 0.41687816531165306 0.083125 0.23611100000000002
0 0.1983203125 0.2959010840108401 0.05687499999999998 0.22048600000000004
0 0.3017578125 0.17433140650406503 0.010000000000000009 0.08159699999999999
0 0.381328125 0.18830465040650404 0.03562499999999996 0.131944
0 0.41796875 0.12516948780487805 0.02437499999999998 0.09895800000000003
0 0.5001171875 0.12169748780487806 0.021874999999999978 0.10243000000000002
0 0.6380859375 0.14545256910569104 0.01375000000000004 0.11458300000000002
0 0.6570703125 0.16615875880758807 0.02562500000000001 0.15624999999999997
0 0.688828125 0.2834517859078591 0.03562500000000002 0.15972200000000003
0 0.8455859375 0.3523459783197832 0.10750000000000004 0.395833
