0 0.106171875 0.5053642500000001 0.027499999999999997 0.03916700000000003
0 0.2077734375 0.51036425 0.03 0.03916700000000003
0 0.291796875 0.4591663333333333 0.02749999999999997 0.04333400000000006
0 0.34484375 0.45609408333333334 0.02437499999999998 0.034165999999999995
0 0.4090625 0.4544270833333333 0.01687500000000003 0.03416699999999998
0 0.460390625 0.446458 0.020625000000000004 0.03249999999999997
0 0.5303125 0.4451559166666667 0.016875000000000084 0.030833999999999955
0 0.55234375 0.413125 0.023749999999999938 0.03333299999999998
0 0.6026953125 0.5600003333333333 0.026874999999999982 0.04250000000000013
0 0.6112109375 0.41838574999999995 0.01375000000000004 0.025832999999999995
0 0.6946875 0.4196878333333333 0.015625 0.02750000000000008
0 0.7087890625 0.4716663333333333 0.01937500000000003 0.04333400000000006
0 0.7212890625 0.44385383333333334 0.018124999999999947 0.02749999999999993
0 0.7688671875 0.4821354166666667 0.02312499999999995 0.045832999999999936
0 0.8697265625 0.5004684166666666 0.03500000000000003 0.045000000000000075
0 0.927890625 0.39385416666666667 0.051875000000000004 0.06833299999999998
