0 0.4458663125 0.4492324041450777 0.7454660000000001 0.305141
0 0.090672 0.38603372538860103 0.03251999999999999 0.044775999999999996
0 0.095752125 0.571821756476684 0.036273 0.06882199999999992
0 0.165093 0.40453571502590674 0.03252100000000002 0.03648499999999995
0 0.2174286875 0.48128344041450777 0.037524 0.08125999999999996
0 0.2373645625 0.3536420829015544 0.033770999999999995 0.062188999999999994
0 0.282042 0.38955707253886007 0.03126899999999999 0.054726000000000066
0 0.3174916875 0.4837214093264249 0.03752299999999997 0.05721399999999996
0 0.389609 0.36939608290155435 0.03251999999999999 0.06384800000000002
0 0.4782166875 0.5725470829015544 0.038775000000000004 0.062188999999999994
0 0.5087845625 0.36644274611398964 0.03502200000000005 0.06135999999999997
0 0.5686673125 0.3325494196891192 0.025641000000000025 0.06550600000000002
0 0.6163515625 0.37141774611398964 0.033770999999999995 0.06053099999999995
0 0.622485375 0.4865184300518135 0.04315199999999997 0.07379699999999996
0 0.7407274375 0.37178140932642484 0.030019000000000018 0.058872
0 0.7965406875 0.41733276683937826 0.038774000000000086 0.07545599999999998
