0 0.07863281250000001 0.4091854331864905 0.041875 0.064849
0 0.1318359375 0.4043674361233481 0.04500000000000001 0.10808200000000003
0 0.1761328125 0.4850175800293686 0.073125 0.12311999999999991
0 0.2409765625 0.3006330029368576 0.03375 0.04229299999999997
0 0.298125 0.49094801468428784 0.09500000000000003 0.20582699999999998
0 0.29640625 0.29728557415565343 0.040000000000000036 0.038533
0 0.3737890625 0.5441095829662261 0.08187500000000003 0.16353400000000007
0 0.526640625 0.5003481541850221 0.08374999999999999 0.15977399999999997
0 0.5944921875 0.39966515712187956 0.08562500000000006 0.202068
0 0.8416796875 0.326534013215859 0.09999999999999998 0.18703000000000003
