0 0.005859375 0.43536458333333333 0.013125 0.08249999999999995
0 0.03515625 0.6094791666666667 0.07125 0.09999999999999994
0 0.0400390625 0.46937466666666666 0.019375000000000003 0.05333400000000007
0 0.1508203125 0.7005729166666667 0.026249999999999996 0.09333299999999996
0 0.1932421875 0.45895833333333336 0.021875000000000006 0.07416700000000002
0 0.2673828125 0.4546871666666667 0.04249999999999998 0.06916699999999998
0 0.308515625 0.4608333333333334 0.020625000000000004 0.04416699999999999
0 0.4398046875 0.5221350833333332 0.06874999999999998 0.12916700000000012
0 0.4787109375 0.5067190833333334 0.015000000000000013 0.06583300000000003
0 0.5669140625 0.4858850833333333 0.01937500000000003 0.06749999999999996
0 0.65765625 0.4864583333333334 0.039999999999999925 0.07416700000000002
0 0.7552734375 0.6240621666666666 0.09312500000000001 0.16333400000000017
0 0.771796875 0.42901075 0.028749999999999942 0.055000000000000014
0 0.880546875 0.44151075 0.028125000000000067 0.05666599999999996
0 0.892265625 0.45875 0.020625000000000004 0.0625
0 0.9444921875 0.4680725833333333 0.022500000000000075 0.050000000000000044
