0 0.04532467892503536 0.468984375 0.07155800000000001 0.044375
0 0.2031138910891089 0.8986328125 0.220109 0.16749999999999998
0 0.13132683451202262 0.2683203125 0.04710099999999999 0.026874999999999982
0 0.19433526166902404 0.3956640625 0.049819000000000016 0.04999999999999999
0 0.2063329702970297 0.531484375 0.061594999999999976 0.04437499999999994
0 0.2382108345120226 0.4798828125 0.04710100000000001 0.04249999999999998
0 0.23849655304101838 0.2754296875 0.03713699999999998 0.03749999999999998
0 0.2671958345120226 0.3345703125 0.04528999999999999 0.025624999999999953
0 0.29527583451202266 0.2092578125 0.04619599999999996 0.04125000000000001
0 0.306828125884017 0.46265625 0.034419999999999985 0.03937499999999999
0 0.4467665431400283 0.491171875 0.057064999999999956 0.05937500000000001
0 0.47824683451202266 0.324609375 0.04710099999999993 0.044375
0 0.4650085629420085 0.031171875 0.017209999999999972 0.028749999999999998
0 0.48849655304101836 0.250625 0.03713699999999998 0.03250000000000003
0 0.523982251768034 0.5577734375 0.06974699999999999 0.06187500000000001
0 0.5314031159830268 0.4302734375 0.05525400000000006 0.06187499999999996
0 0.5697318345120226 0.2180078125 0.04710200000000014 0.04249999999999998
0 0.6012609702970296 0.4165234375 0.059783000000000044 0.02937500000000004
0 0.6056302715700141 0.181953125 0.02989100000000004 0.03562500000000002
0 0.6254454172560112 0.2155078125 0.024457000000000124 0.009999999999999981
0 0.6355212715700141 0.24390625 0.029890999999999956 0.03937499999999999
0 0.7041243974540311 0.4855859375 0.06431200000000004 0.04625000000000001
0 0.7179341060820368 0.6142578125 0.07608700000000004 0.04125000000000001
0 0.725244115983027 0.338359375 0.05434699999999995 0.044375
0 0.7456306987270157 0.1947265625 0.03260899999999988 0.03375
0 0.7640812616690241 0.46671875 0.049818999999999856 0.05624999999999997
0 0.7897299801980197 0.2654296875 0.039855000000000064 0.038124999999999964
0 0.8110083974540311 0.390625 0.0643120000000001 0.06312499999999999
0 0.8156004073550213 0.17421875 0.044383999999999896 0.023749999999999993
0 0.82149499009901 0.2175 0.019927999999999897 0.0325
0 0.8638169504950496 0.7019921875 0.10144899999999993 0.05437499999999995
0 0.9205820664780765 0.9690234375 0.15489099999999995 0.06062500000000004
0 0.8870465530410183 0.2370703125 0.03713800000000003 0.026874999999999982
0 0.9010799702970297 0.5646875 0.061594000000000024 0.04749999999999999
0 0.9254251159830268 0.3965625 0.05434800000000016 0.04812500000000003
0 0.9241845530410183 0.159296875 0.03713800000000003 0.028749999999999998
0 0.9270134073550211 0.27921875 0.04257300000000015 0.02437499999999998
0 0.9453521159830269 0.3462109375 0.05434799999999984 0.04625000000000001
0 0.9413945530410185 0.1897265625 0.03713800000000003 0.03375
0 0.9442234073550213 0.2590625 0.04257299999999999 0.017500000000000016
0 0.9541243974540312 0.4820703125 0.0625 0.05812499999999998
0 0.9495465530410183 0.3045703125 0.03895000000000014 0.02562500000000001
