0 0.0439453125 0.49124295168374815 0.088125 0.2514070000000001
0 0.09300781250000001 0.39981885944363105 0.073125 0.17917399999999997
0 0.2240625 0.29676905563689604 0.078125 0.138837
0 0.269296875 0.2514252210834554 0.02812500000000001 0.07504699999999996
0 0.37015625 0.24662096339677891 0.04062499999999997 0.06941800000000001
0 0.4339453125 0.10005144802342605 0.02562500000000001 0.058161000000000004
0 0.5872265625 0.24350834992679357 0.03499999999999992 0.076923
0 0.755078125 0.31187409224011714 0.03687499999999999 0.07223299999999999
0 0.8270703125 0.33068025183016103 0.05812500000000009 0.09756100000000004
0 0.93890625 0.3463737979502196 0.07062499999999994 0.13227000000000003
