0 0.0068359375 0.07722266666666666 0.01375 0.086666
0 0.1280859375 0.41173566666666667 0.04500000000000001 0.11555599999999996
0 0.1580078125 0.06611088888888889 0.010624999999999996 0.03000000000000001
0 0.1853125 0.05374966666666667 0.015625 0.022222999999999993
0 0.25675781249999996 0.4151388888888889 0.04125000000000004 0.09333300000000004
0 0.32921875 0.29312533333333335 0.023749999999999993 0.07444399999999998
0 0.3526171875 0.04909722222222222 0.021875000000000033 0.038889
0 0.609453125 0.25340277777777775 0.03687499999999999 0.08888900000000002
0 0.6460546875 0.4076393333333333 0.038125000000000075 0.106666
0 0.6580078125 0.3006248888888889 0.011250000000000093 0.06111100000000001
0 0.7433984375 0.381458 0.06187500000000001 0.15666700000000006
0 0.8600390625 0.09131922222222222 0.018125000000000058 0.04111100000000001
0 0.8697265625 0.3009023333333334 0.03437499999999993 0.07444499999999997
0 0.8796875 0.09034744444444445 0.015625 0.045555
0 0.894921875 0.20694422222222222 0.028125000000000067 0.07222200000000001
0 0.956875 0.6643751111111111 0.06437499999999996 0.19111099999999995
0 0.980703125 0.40062466666666663 0.036250000000000004 0.11555600000000002
