0 0.0185546875 0.38070619941348977 0.03875 0.10881799999999996
0 0.0916015625 0.28776430791788854 0.035 0.035646999999999984
0 0.2509765625 0.3567259237536657 0.065 0.10694200000000006
0 0.3533203125 0.30360957771261 0.057499999999999996 0.123828
0 0.3645703125 0.8947940205278594 0.057499999999999996 0.20450299999999982
0 0.4817578125 0.2711788914956012 0.04124999999999995 0.07504600000000002
0 0.55171875 0.5464728475073314 0.14875 0.21200700000000008
0 0.59546875 0.24344561583577712 0.025000000000000022 0.07129500000000004
0 0.65140625 0.6151180586510264 0.07125000000000004 0.15197000000000005
0 0.774921875 0.7825562463343109 0.21625000000000005 0.42964399999999997
0 0.718359375 0.3717984046920821 0.07499999999999996 0.13320800000000005
0 0.800078125 0.2582185131964809 0.036250000000000004 0.06003799999999997
0 0.8951953125 0.19900096187683286 0.026249999999999996 0.05440899999999998
0 0.954921875 0.19647813489736068 0.02749999999999997 0.045028000000000026
