0 0.054542125 0.5712594750733139 0.097857 0.11146899999999993
0 0.077823375 0.0469208211143695 0.075715 0.095391
0 0.0980414375 0.7544198856304986 0.092857 0.16077200000000008
0 0.13125 0.45820560997067455 0.062857 0.15648399999999998
0 0.184586625 0.2887998152492669 0.082143 0.18113600000000005
0 0.188492875 0.11506275073313783 0.09 0.11575500000000001
0 0.314207875 0.4161299237536657 0.09142799999999995 0.10825299999999995
0 0.3274718125 0.8828740263929619 0.10428599999999999 0.120043
0 0.4024164375 0.7604045777126099 0.06071399999999999 0.12540199999999999
0 0.4033203125 0.04252199413489736 0.05785699999999999 0.085745
0 0.4974609375 0.2074016099706745 0.046429000000000054 0.15648499999999999
0 0.658304 0.6465611612903226 0.09499999999999997 0.16184400000000002
0 0.7073274375 0.8212073665689149 0.09357099999999996 0.18756699999999996
0 0.722064875 0.3054427126099707 0.09142799999999995 0.16827399999999995
0 0.7523719375 0.045454545454545456 0.07714300000000007 0.091104
0 0.79587025 0.24108168035190616 0.07071499999999997 0.135049
0 0.9189008125 0.637935129032258 0.10428599999999999 0.12968900000000003
0 0.91658525 0.30533088563049854 0.07214199999999993 0.15969999999999995
0 0.9269195 0.8640273343108503 0.07999999999999996 0.15434100000000006
