0 0.055390625 0.6707815833333334 0.020625000000000004 0.020000000000000018
0 0.090625 0.7027600833333333 0.03125 0.03416700000000006
0 0.19546875 0.7040621666666667 0.024375000000000008 0.03749999999999994
0 0.197265625 0.5787496666666666 0.020625000000000004 0.02083400000000002
0 0.34375 0.6683333333333333 0.03125 0.043333000000000066
0 0.5637109375 0.4674479166666667 0.04500000000000004 0.05999999999999998
0 0.738671875 0.45666633333333334 0.028125000000000067 0.04333400000000006
0 0.7791015625 0.5544270833333332 0.034375000000000044 0.03583300000000008
0 0.9223828125 0.29479133333333335 0.04249999999999998 0.07416700000000002
0 0.9864453125 0.5146354166666667 0.02562500000000001 0.04666699999999994
