0 0.092734375 0.18984070558375635 0.04375000000000001 0.12459399999999997
0 0.123515625 0.1866643739424704 0.02062499999999999 0.09967500000000001
0 0.146640625 0.31851375803722504 0.05249999999999999 0.057421
0 0.2435546875 0.2195082318104907 0.03874999999999998 0.08884000000000003
0 0.282578125 0.22045713705583755 0.03687499999999999 0.08450700000000001
0 0.3598828125 0.1974983739424704 0.041874999999999996 0.09859199999999997
0 0.3732421875 0.4406603265651438 0.05375000000000002 0.097508
0 0.7104296875 0.184010179357022 0.44375 0.15601299999999999
0 0.6398046875 0.43022761082910316 0.038125000000000075 0.11809300000000003
0 0.92 0.8252016582064298 0.06437499999999996 0.12026099999999991
