0 0.0690234375 0.4325453191800878 0.030625000000000006 0.05534700000000003
0 0.1116015625 0.4159579326500732 0.035 0.04596600000000004
0 0.3445703125 0.3949080614934114 0.02562500000000001 0.04784300000000005
0 0.414921875 0.44883509224011714 0.02812500000000001 0.07317100000000001
0 0.4447265625 0.4101455768667643 0.03375 0.05909900000000001
0 0.5135546875 0.4805457364568082 0.038124999999999964 0.08724200000000004
0 0.52484375 0.404929448023426 0.023749999999999938 0.057223000000000065
0 0.651953125 0.4143104480234261 0.036250000000000004 0.05628499999999992
0 0.951953125 0.530168699853587 0.06812499999999999 0.15290800000000002
0 0.9429296875 0.22307192679355783 0.038125000000000075 0.13696100000000005
