0 0.0599609375 0.5774996666666666 0.07750000000000001 0.08583399999999997
0 0.077734375 0.10703124999999998 0.044375000000000005 0.040000000000000015
0 0.0819140625 0.2578128333333333 0.049374999999999995 0.05833299999999997
0 0.2027734375 0.18046841666666666 0.030000000000000027 0.04666699999999999
0 0.260390625 0.40578158333333336 0.08250000000000002 0.14416599999999993
0 0.256328125 0.27932324999999997 0.06687499999999999 0.07249999999999997
0 0.261484375 0.18682325 0.04375000000000001 0.07250000000000001
0 0.3008984375 0.18046841666666666 0.02999999999999997 0.04666699999999999
0 0.40265625 0.25817675 0.03999999999999998 0.05666699999999999
0 0.4514453125 0.028072583333333335 0.026875000000000038 0.049999999999999996
0 0.4775 0.1751045 0.03250000000000003 0.048333000000000036
0 0.58796875 0.35078158333333337 0.08624999999999994 0.14416600000000002
0 0.57171875 0.06859408333333333 0.023749999999999938 0.03416600000000001
0 0.6544140625 0.10541666666666667 0.018124999999999947 0.023332999999999975
0 0.7663671875 0.24609375 0.053749999999999964 0.11750000000000001
0 0.8362890625 0.07005175000000001 0.018124999999999947 0.025834000000000006
0 0.9221875 0.3286455 0.07874999999999999 0.140834
0 0.9207421875 0.05572916666666666 0.022499999999999964 0.038333000000000006
0 0.9503125 0.07395800000000001 0.016874999999999973 0.032499999999999994
