0 0.27578075 0.5185541874999999 0.05468799999999999 0.08437600000000006
0 0.2705078125 0.24140575 0.042188 0.05468799999999999
0 0.3193359375 0.2443359375 0.04531200000000002 0.04531299999999999
0 0.3287109375 0.518359375 0.04531199999999996 0.07500000000000001
0 0.38515575 0.518358875 0.05624999999999997 0.059374999999999956
0 0.401953625 0.2091791875 0.051562 0.05312600000000001
0 0.4357426875 0.8814448125 0.10156199999999999 0.104688
0 0.4859375 0.9369145625 0.07968799999999998 0.0968739999999999
0 0.4781255 0.2255859375 0.04843700000000006 0.04531199999999999
0 0.561327625 0.898438 0.051563000000000025 0.06406200000000006
0 0.620703125 0.892577625 0.06718800000000003 0.08281299999999991
