0 0.2333984375 0.26185228257686677 0.060763999999999985 0.12239599999999998
0 0.3177085 0.31474592679355784 0.07899299999999998 0.13671899999999998
0 0.4122174375 0.25013328257686673 0.060763999999999985 0.121094
0 0.46875 0.3739874421669107 0.06423599999999996 0.148438
0 0.573133625 0.4512968286969253 0.08246500000000001 0.15625
0 0.6969404375 0.4555151478770132 0.09201400000000004 0.209636
0 0.6901045 0.25762799414348464 0.04774299999999998 0.09244800000000002
0 0.6893445625 0.06899309224011713 0.03385400000000005 0.071615
0 0.7796225625 0.3098790922401171 0.06510400000000005 0.07291600000000004
0 0.7911236875 0.027818448023426062 0.03819500000000009 0.057292
0 0.9048396875 0.5858803074670571 0.13194400000000006 0.23567700000000003
0 0.8970266875 0.24769738067349928 0.068577 0.10156199999999997
0 0.91623225 0.33803870571010247 0.07118100000000005 0.06380199999999998
