0 0.004651162790697674 0.68671875 0.010924 0.023749999999999938
0 0.010852713178294573 0.644375 0.023833 0.03125
0 0.06571326356589148 0.674921875 0.03575 0.02749999999999997
0 0.08097458914728682 0.811796875 0.053624 0.028750000000000053
0 0.08278832558139534 0.717265625 0.01886800000000001 0.020625000000000004
0 0.11083687596899225 0.6638671875 0.03177700000000001 0.02187500000000009
0 0.15775342635658915 0.7859765625 0.04568 0.03374999999999995
0 0.20827665116279068 0.7063671875 0.03773599999999998 0.022499999999999964
0 0.22404387596899222 0.7358984375 0.032770999999999995 0.030625000000000013
0 0.2471987131782946 0.700390625 0.023832999999999965 0.020625000000000004
0 0.2690457131782946 0.686796875 0.023832999999999965 0.02750000000000008
0 0.30205926356589147 0.750546875 0.03475699999999999 0.028750000000000053
0 0.3304216511627907 0.833515625 0.03773599999999996 0.020625000000000004
0 0.3630708759689923 0.7340625 0.032770999999999995 0.01750000000000007
0 0.3708941007751938 0.7673046875 0.026811999999999978 0.03749999999999998
0 0.37598087596899227 0.6678515625 0.03277000000000001 0.034375000000000044
0 0.39925648837209304 0.7683203125 0.029791000000000036 0.02562500000000001
0 0.4086291007751939 0.73796875 0.02482699999999997 0.02375000000000005
0 0.4536616279069768 0.2719140625 0.09433999999999995 0.08124999999999999
0 0.49955448837209304 0.6806640625 0.02979099999999999 0.018750000000000044
0 0.5043977131782945 0.7802734375 0.021847000000000012 0.02937500000000004
0 0.507498488372093 0.7044921875 0.029792000000000023 0.022500000000000075
0 0.5042759379844962 0.746875 0.015888999999999986 0.03125
0 0.5434405503875969 0.7426953125 0.013903000000000035 0.02562500000000001
0 0.5809844883720929 0.7683203125 0.02979099999999999 0.02562500000000001
0 0.5997307131782946 0.6828125 0.021846999999999926 0.01749999999999996
0 0.6374667131782945 0.7783984375 0.021847000000000012 0.02937499999999993
0 0.6387735503875969 0.693515625 0.012910000000000017 0.020625000000000004
0 0.6498183255813953 0.6687890625 0.018867999999999954 0.018749999999999933
0 0.6876761007751938 0.7232421875 0.024825999999999983 0.022499999999999964
0 0.6874325503875969 0.774296875 0.013903000000000035 0.02749999999999997
0 0.7138099379844961 0.7793359375 0.015888000000000044 0.01375000000000004
0 0.7188967131782945 0.7201171875 0.021846999999999926 0.021874999999999978
0 0.7502381007751938 0.6956640625 0.02780500000000004 0.018749999999999933
0 0.7624689379844961 0.7219921875 0.015888999999999986 0.021874999999999978
0 0.8064064883720929 0.7764453125 0.029790999999999904 0.02562500000000001
0 0.8191947131782945 0.7034375 0.021847000000000012 0.016874999999999973
0 0.8599097131782946 0.753515625 0.021847000000000012 0.020000000000000018
0 0.8628887131782946 0.7231640625 0.021847000000000012 0.018750000000000044
0 0.9273149379844962 0.72109375 0.016881999999999918 0.02375000000000005
0 0.9864623255813953 0.7271875 0.01886800000000013 0.015625
0 0.9880127131782945 0.784140625 0.021847000000000012 0.020625000000000004
