0 0.076328125 0.3605725833333333 0.036250000000000004 0.05166700000000005
0 0.178125 0.3408333333333333 0.03187499999999999 0.043333000000000066
0 0.1878515625 0.40854166666666664 0.034999999999999976 0.053333
0 0.24875 0.3639065833333333 0.0325 0.05166599999999999
0 0.291171875 0.40401075000000003 0.028124999999999956 0.055832999999999945
0 0.3195703125 0.38213541666666667 0.026249999999999996 0.04666699999999994
0 0.3798046875 0.36557258333333337 0.03749999999999998 0.051666999999999984
0 0.3835546875 0.627083 0.03875000000000001 0.06333399999999993
0 0.4476953125 0.3546354166666667 0.02562500000000001 0.04666699999999994
0 0.484921875 0.40854166666666664 0.02812500000000001 0.053333
0 0.5035546875 0.6207809166666668 0.03749999999999998 0.061666999999999916
0 0.511640625 0.38953124999999994 0.020625000000000004 0.040000000000000036
0 0.578046875 0.3668746666666667 0.028125000000000067 0.05333399999999999
0 0.593203125 0.6344788333333332 0.03624999999999989 0.05750000000000003
0 0.599609375 0.37286424999999995 0.013125000000000053 0.03916700000000003
0 0.6619140625 0.39906216666666666 0.018125000000000058 0.03750000000000001
0 0.731171875 0.3797395833333333 0.02749999999999997 0.051666999999999984
0 0.798671875 0.36796841666666663 0.028124999999999956 0.046667000000000014
0 0.8184765625 0.4174479166666667 0.03374999999999995 0.05999999999999998
0 0.8675 0.3702600833333333 0.03125 0.03416700000000006
0 0.8778515625 0.4139065833333333 0.03375000000000006 0.05166599999999999
0 0.965546875 0.3579684166666666 0.028124999999999956 0.045000000000000005
0 0.97984375 0.4216663333333333 0.025000000000000022 0.043333999999999984
