0 0.0150390625 0.8156767500000001 0.019374999999999996 0.05583399999999994
0 0.130859375 0.8982294999999999 0.04375000000000001 0.079166
0 0.1726953125 0.8004684166666668 0.02562500000000001 0.04499999999999993
0 0.248515625 0.7773961666666667 0.020625000000000032 0.03666600000000001
0 0.2614453125 0.83651075 0.026250000000000023 0.055000000000000014
0 0.3475 0.88078125 0.06312500000000004 0.1016670000000001
0 0.3961328125 0.7610940833333334 0.010000000000000009 0.034166000000000064
0 0.4206640625 0.7309899166666667 0.01937500000000003 0.030833000000000037
0 0.4380859375 0.7369270833333333 0.013749999999999984 0.03583299999999993
0 0.448359375 0.7082815833333332 0.011874999999999969 0.0208330000000001
0 0.461640625 0.7290621666666667 0.02062499999999995 0.036667000000000005
0 0.4811328125 0.6982815833333333 0.010624999999999996 0.020000000000000018
0 0.5334375 0.8900520833333334 0.04874999999999996 0.06750000000000005
0 0.5721875 0.7522920000000001 0.016249999999999987 0.03166599999999997
0 0.5859375 0.7882291666666666 0.015625 0.03749999999999994
0 0.59390625 0.6943753333333333 0.008750000000000036 0.011665999999999954
0 0.59640625 0.73838575 0.008749999999999925 0.024165999999999983
0 0.6291796875 0.7894788333333334 0.03875000000000006 0.05916699999999997
0 0.6192578125 0.6954166666666667 0.010624999999999996 0.022499999999999964
0 0.6341796875 0.7255208333333334 0.006249999999999978 0.02833299999999994
0 0.6411328125 0.6774475833333332 0.010624999999999996 0.018334000000000145
0 0.66984375 0.7571354166666667 0.02375000000000005 0.04666699999999994
0 0.6729296875 0.7002600833333332 0.006249999999999978 0.03500000000000014
0 0.6885546875 0.6619795 0.007499999999999951 0.017499999999999922
0 0.69328125 0.6891145833333333 0.008750000000000036 0.019166999999999934
0 0.719609375 0.7367190833333334 0.04312499999999997 0.06583300000000003
0 0.7487890625 0.7359899166666666 0.018125000000000058 0.030833000000000037
0 0.860859375 0.8213024166666667 0.04375000000000007 0.04499999999999993
0 0.9066796875 0.9382288333333334 0.06874999999999998 0.12083400000000004
0 0.8851171875 0.668125 0.021874999999999978 0.03250000000000005
