0 0.08 0.6610940833333334 0.033125 0.03416599999999992
0 0.1375390625 0.7034899166666667 0.018125000000000002 0.030833000000000037
0 0.176171875 0.5410416666666666 0.028124999999999983 0.053333
0 0.20234375 0.5696871666666666 0.025000000000000022 0.06999999999999991
0 0.237109375 0.607917 0.04375000000000001 0.06416599999999995
0 0.2605078125 0.5298955 0.04249999999999998 0.07916699999999999
0 0.3028515625 0.5474996666666666 0.034999999999999976 0.08333400000000002
0 0.3073046875 0.5133336666666667 0.03749999999999998 0.08583299999999998
0 0.37578125 0.5261975833333333 0.03999999999999998 0.08249999999999995
0 0.419375 0.4995833333333333 0.0625 0.10666699999999991
0 0.4880859375 0.5689059166666667 0.04562499999999997 0.09333399999999988
0 0.5868359375 0.5196871666666667 0.04625000000000001 0.06999999999999999
0 0.640859375 0.5072399166666667 0.04312499999999997 0.09249999999999996
0 0.71421875 0.4689059166666667 0.055625000000000036 0.09333399999999996
0 0.7587890625 0.4401038333333333 0.04937499999999995 0.09000000000000008
0 0.8475 0.491042 0.06312499999999999 0.09499999999999997
0 0.9726171875 0.5335934166666667 0.05312499999999998 0.07583399999999996
