0 0.09084300000000001 0.6712236224648985 0.063227 0.08246200000000006
0 0.1121685625 0.5219686209048362 0.06468 0.13124300000000005
0 0.143123625 0.10149243369734788 0.05232499999999998 0.12311300000000001
0 0.2790019375 0.159461872074883 0.04505799999999999 0.094076
0 0.3102973125 0.5718412464898596 0.056686000000000014 0.11498299999999996
0 0.3722745 0.1451941840873635 0.04869200000000001 0.110337
0 0.384402625 0.7056333728549142 0.05159799999999998 0.07084800000000009
0 0.4563269375 0.1624784352574103 0.04505800000000004 0.07200900000000003
0 0.5139895 0.6584134352574103 0.04723900000000003 0.0743320000000001
0 0.540379375 0.1125706224648986 0.043605000000000005 0.081301
0 0.5924785 0.201933248049922 0.04869199999999996 0.06504
0 0.6270665625 0.2274158736349454 0.03342999999999996 0.04645800000000002
0 0.6700806875 0.5412109968798752 0.06904099999999991 0.10220700000000006
0 0.743595125 0.1710416848673947 0.037063999999999986 0.087108
0 0.832622125 0.5571413088923557 0.06831399999999999 0.11730599999999994
0 0.84438625 0.2283849344773791 0.03997099999999998 0.09872300000000002
0 0.948355625 0.167591872074883 0.05087199999999992 0.09639899999999997
