0 0.06962057686676427 0.3010546875 0.05909899999999999 0.06875000000000003
0 0.08938967496339678 0.1346484375 0.038461999999999996 0.030625000000000013
0 0.18493447877013178 0.3030078125 0.08161399999999998 0.07375000000000004
0 0.19539367496339677 0.2341796875 0.03846200000000003 0.03749999999999998
0 0.2724309326500732 0.24390625 0.045966 0.04062500000000002
0 0.28121570571010246 0.296171875 0.06379000000000003 0.06000000000000005
0 0.3746819326500732 0.2784375 0.04409100000000007 0.04812499999999997
0 0.45460328843338216 0.2734375 0.030956999999999957 0.04749999999999999
0 0.617024767203514 0.09300781250000001 0.11069399999999989 0.104375
0 0.8688254172767205 0.181796875 0.03377199999999986 0.028749999999999998
0 0.8746819326500733 0.212578125 0.04596699999999993 0.036250000000000004
