0 0.03125 0.5758854166666667 0.063125 0.2325
0 0.0309375 0.39088575 0.015625 0.025833000000000068
0 0.0681640625 0.38015591666666665 0.019375000000000003 0.030834000000000028
0 0.174765625 0.5410416666666666 0.083125 0.17750000000000007
0 0.1831640625 0.43942708333333336 0.050625 0.03583299999999993
0 0.25480468749999996 0.4780725833333333 0.038750000000000034 0.05166700000000005
0 0.278359375 0.4007815833333333 0.011874999999999969 0.019166000000000016
0 0.2891015625 0.3101045 0.034999999999999976 0.048333000000000036
0 0.3979296875 0.4427604166666667 0.03749999999999998 0.07749999999999997
0 0.4802734375 0.39270866666666665 0.02999999999999997 0.053333
0 0.6654296875 0.4454690833333333 0.07000000000000006 0.12999999999999998
0 0.796875 0.28640591666666665 0.06312499999999999 0.09333400000000003
0 0.9539453125 0.4582295 0.08937499999999998 0.20500000000000007
