0 0.0146484375 0.4146560044052863 0.030625 0.06302999999999999
0 0.0533203125 0.5552844346549193 0.026875000000000003 0.08654699999999994
0 0.13984375 0.5739604375917767 0.05625000000000001 0.12700000000000003
0 0.2353515625 0.4188325756240822 0.034999999999999976 0.061146999999999965
0 0.25359375 0.39132186049926576 0.02437499999999998 0.04891799999999994
0 0.3136328125 0.48250386196769457 0.04124999999999995 0.06961400000000006
0 0.3214453125 0.5747417209985316 0.025624999999999953 0.09501400000000003
0 0.360546875 0.41318757562408226 0.02812500000000001 0.06114800000000003
0 0.4358984375 0.3844381468428781 0.029374999999999984 0.05738499999999995
0 0.4458203125 0.46368886196769454 0.02562500000000001 0.06773299999999999
0 0.459296875 0.3635124317180617 0.02812500000000001 0.044215000000000025
0 0.4758984375 0.5512917195301027 0.030625000000000013 0.07525900000000006
0 0.5202734375 0.42865314684287814 0.030000000000000027 0.05832499999999995
0 0.5606640625 0.3701674302496329 0.018124999999999947 0.025398999999999994
0 0.6081640625 0.4376465756240822 0.018125000000000058 0.060207000000000004
0 0.6120703125 0.37897800293685757 0.02562500000000001 0.042333000000000016
0 0.6584375 0.49432029074889866 0.016874999999999973 0.070555
0 0.7321484375 0.27542800440528636 0.02937499999999993 0.06396999999999996
0 0.7933984375 0.4528134331864905 0.030624999999999902 0.06679199999999996
0 0.8658203125 0.4152534317180616 0.026874999999999982 0.04421400000000009
0 0.9017578125 0.4653411468428782 0.04125000000000001 0.056443999999999966
0 0.90484375 0.38985343171806164 0.02375000000000005 0.04609599999999993
0 0.953125 0.4280108604992658 0.03249999999999997 0.04797699999999996
