0 0.191171875 0.40437511111111113 0.09 0.19111099999999995
0 0.331171875 0.48159699999999994 0.09062500000000001 0.21888900000000003
0 0.5224609375 0.41937522222222223 0.07687500000000003 0.166666
0 0.5216015625 0.24708344444444444 0.03374999999999995 0.07666699999999999
0 0.6281640625 0.3663888888888889 0.050000000000000044 0.15555600000000006
0 0.6284765625 0.3708331111111111 0.03375000000000006 0.09999999999999999
0 0.664375 0.3677083333333333 0.06437499999999996 0.13666700000000004
0 0.73578125 0.40819422222222224 0.07187499999999991 0.13444500000000004
0 0.8158984375 0.3518056666666667 0.06187500000000001 0.14777800000000005
0 0.95125 0.3191667777777778 0.09499999999999997 0.182222
