0 0.0205078125 0.13645257709251102 0.041875 0.08082700000000001
0 0.034140625 0.2260901497797357 0.0525 0.099624
0 0.0939453125 0.4499488663729809 0.088125 0.13157899999999992
0 0.1105859375 0.16529386343612334 0.045 0.08928499999999998
0 0.19609375 0.15971272246696036 0.056249999999999994 0.11560099999999998
0 0.28625 0.2252658678414097 0.06374999999999997 0.150376
0 0.3082421875 0.08552372099853156 0.05375000000000002 0.094925
0 0.4307421875 0.15483800587371513 0.05312500000000003 0.08458600000000002
0 0.631875 0.45558786637298093 0.06437500000000007 0.131579
0 0.6449609375 0.14250214831130692 0.0462499999999999 0.077068
0 0.8502734375 0.5354737268722467 0.06125000000000003 0.17857200000000006
0 0.9137109375 0.21040586343612336 0.04625000000000001 0.088346
0 0.9325390625 0.3615450073421439 0.050000000000000044 0.10432400000000006
0 0.9393359375 0.1414452907488987 0.04500000000000004 0.07142899999999999
