0 0.0078125 0.3208234347826087 0.01625 0.12138100000000003
0 0.0870703125 0.4227984782608696 0.02562500000000001 0.06792899999999998
0 0.2737890625 0.47019460869565216 0.018125000000000002 0.07238299999999996
0 0.3694921875 0.46671634782608695 0.023125000000000007 0.06347399999999993
0 0.458203125 0.3969731304347826 0.03562500000000002 0.08686
0 0.4725390625 0.7711381304347826 0.01937500000000003 0.08685900000000006
0 0.5293749999999999 0.27126147826086955 0.06312500000000004 0.148107
0 0.67625 0.5951911304347827 0.03125 0.08685999999999991
0 0.7181640625 0.4358869565217391 0.018125000000000058 0.05233800000000004
0 0.74484375 0.6808620434782608 0.05625000000000002 0.10913099999999995
0 0.76109375 0.45397847826086957 0.024375000000000036 0.06904300000000001
0 0.8120703125 0.457807347826087 0.02562500000000001 0.06347499999999998
0 0.82125 0.584756347826087 0.03187499999999999 0.06458800000000002
0 0.9268359375 0.666949 0.04499999999999993 0.0801779999999999
0 0.9619140625 0.45579369565217387 0.01937500000000003 0.04565700000000007
