0 0.09015625 0.28723991666666665 0.070625 0.09333300000000004
0 0.09140625 0.6448440833333332 0.071875 0.09666600000000007
0 0.298828125 0.11890591666666667 0.06812499999999999 0.09250000000000001
0 0.4118359375 0.5744788333333334 0.07749999999999996 0.18416699999999997
0 0.5000781249999999 0.29223991666666665 0.06687499999999996 0.09166599999999998
0 0.5023046875 0.6392708333333333 0.06874999999999998 0.09083300000000001
0 0.61859375 0.6064065833333334 0.08749999999999991 0.1758329999999999
0 0.7010546875 0.11333366666666667 0.06874999999999998 0.084166
0 0.7059765625 0.464375 0.06562500000000004 0.09499999999999997
0 0.9075 0.28296875 0.06437500000000007 0.088333
0 0.91390625 0.63630175 0.07124999999999992 0.08750000000000006
