0 0.123046875 0.3136841666666667 0.02840899999999999 0.03787799999999997
0 0.2492895 0.2933238333333334 0.015625 0.028408999999999945
0 0.342151625 0.25094666666666665 0.021306999999999965 0.02272800000000001
0 0.4325285 0.24277975 0.017045000000000032 0.024621000000000042
0 0.5246801249999999 0.2851559166666667 0.09943200000000002 0.155303
0 0.5711116875 0.4107485 0.06960200000000005 0.10984800000000002
0 0.6044035 0.23911000000000002 0.017044999999999977 0.03219700000000003
0 0.6597128125 0.2687028333333334 0.011363000000000012 0.026514999999999917
0 0.7223015 0.24786883333333334 0.015625 0.028409999999999973
0 0.8146305 0.295928 0.015625 0.032196999999999955
0 0.880504625 0.32611275 0.021305999999999936 0.024621000000000004
0 0.9697265625 0.6078364166666667 0.03409099999999998 0.202651
