0 0.2091015625 0.1895315833333333 0.06625 0.20833300000000002
0 0.283671875 0.33078158333333335 0.059374999999999956 0.14583300000000002
0 0.3187890625 0.37994825 0.050624999999999976 0.10333299999999997
0 0.3566015625 0.35588508333333335 0.034999999999999976 0.06583399999999999
0 0.477890625 0.25927083333333334 0.05125000000000002 0.09000000000000001
0 0.5393359375 0.42880175000000004 0.07625000000000004 0.08749999999999998
0 0.52625 0.3027600833333333 0.03187499999999999 0.03416699999999998
0 0.6125 0.35093749999999996 0.03125 0.048332999999999925
0 0.659921875 0.3523954999999999 0.028124999999999956 0.07916700000000003
0 0.69671875 0.3719791666666667 0.055624999999999925 0.099167
0 0.7542578125 0.3200520833333333 0.04125000000000001 0.06583299999999999
0 0.8973046875 0.402917 0.03874999999999995 0.06416599999999995
0 0.93984375 0.4295833333333334 0.05500000000000005 0.10499999999999998
