0 0.2287890625 0.46786425000000004 0.019375000000000003 0.040000000000000036
0 0.2714453125 0.15932291666666665 0.026875000000000038 0.029167000000000016
0 0.29984375 0.3959375 0.024999999999999967 0.048333000000000036
0 0.4876171875 0.39000033333333334 0.021875000000000033 0.04333299999999992
0 0.5062890625 0.37713541666666667 0.019374999999999976 0.046667000000000014
0 0.577421875 0.5288024166666666 0.028125000000000067 0.045000000000000005
0 0.6009375 0.331458 0.015625 0.03250000000000005
0 0.6808203125 0.39000033333333334 0.026874999999999982 0.04333299999999992
0 0.7346484375 0.3436982499999999 0.02937500000000004 0.04
0 0.8273046875 0.5652604166666667 0.03875000000000006 0.07583299999999997
0 0.8187890625 0.3929684166666667 0.018124999999999947 0.04499999999999993
0 0.8889453125 0.33203125 0.02562500000000001 0.040832999999999973
