0 0.1421484375 0.29823890108191653 0.029374999999999984 0.063366
0 0.238515625 0.3182339258114374 0.020625000000000004 0.046534000000000034
0 0.32375 0.5719403060278208 0.03125 0.060396
0 0.32921875 0.33364052086553325 0.02437499999999998 0.050495
0 0.42796875 0.31494971097372493 0.02437499999999998 0.05841599999999996
0 0.458046875 0.5254063060278207 0.028124999999999956 0.060396
0 0.52796875 0.2968134961360124 0.02375000000000005 0.06534700000000003
0 0.5725 0.5692835208655332 0.03187499999999999 0.05247599999999993
0 0.61984375 0.31265549613601235 0.024374999999999925 0.06534699999999999
0 0.681796875 0.550037115919629 0.028750000000000053 0.05544599999999999
0 0.7258203125 0.3191520911901082 0.02562500000000001 0.06831599999999997
0 0.791875 0.5476227109737248 0.03312499999999996 0.05742599999999994
