0 0.015625 0.2436488125 0.03268 0.07353000000000001
0 0.150211875 0.427351625 0.058824000000000015 0.05228699999999997
0 0.232906625 0.4221113125 0.05228799999999997 0.05718899999999999
0 0.3632873125 0.493348875 0.05718999999999996 0.05882399999999999
0 0.4358215625 0.457401875 0.065359 0.06045699999999998
0 0.5776594375 0.47406 0.06209100000000001 0.063726
0 0.6623073125 0.4982316875 0.057189000000000045 0.07026199999999994
0 0.6668901875 0.3005005 0.053921 0.07843099999999997
0 0.7688354375 0.5260096875 0.062091999999999925 0.06862800000000002
0 0.9096775625 0.3968863125 0.06535900000000006 0.08823500000000001
