0 0.0619921875 0.17901008333333335 0.054375 0.09666699999999999
0 0.2709375 0.1724996666666667 0.04749999999999999 0.08583400000000001
0 0.3629296875 0.5038020833333333 0.06875000000000003 0.12916699999999995
0 0.3666796875 0.3432288333333333 0.06874999999999998 0.12166700000000004
0 0.4093359375 0.11619758333333334 0.044999999999999984 0.0825
0 0.537265625 0.10052116666666666 0.051875000000000004 0.06916600000000002
0 0.5595703125 0.2946875 0.05812499999999998 0.11166700000000003
0 0.570625 0.5290628333333333 0.06312499999999999 0.12000000000000004
0 0.6525390625 0.0648955 0.04937499999999995 0.079167
0 0.7191796875 0.44078158333333334 0.06999999999999995 0.14500000000000002
0 0.802109375 0.03515625 0.04312499999999997 0.070833
0 0.8626171875 0.46734375 0.05437499999999995 0.05499999999999994
