0 0.045234375 0.35651715959004393 0.011874999999999997 0.02907999999999999
0 0.0650390625 0.3523522884333821 0.019374999999999996 0.030957
0 0.1201953125 0.36905393265007325 0.026874999999999996 0.04408999999999997
0 0.1814453125 0.39021806149341143 0.026874999999999982 0.047841999999999996
0 0.2062109375 0.3644330307467057 0.014374999999999999 0.025329000000000018
0 0.2433203125 0.35944541727672036 0.02562499999999998 0.032832999999999994
0 0.3223828125 0.4545773499267936 0.04249999999999998 0.07879999999999993
0 0.326015625 0.3629689019033675 0.020625000000000004 0.021576000000000015
0 0.3471875 0.35651715959004393 0.015625 0.02907999999999999
0 0.4357421875 0.3885254172767203 0.021875000000000033 0.034709000000000066
0 0.524375 0.3468817057101025 0.03312499999999996 0.06379000000000003
0 0.563359375 0.39810799414348463 0.043749999999999956 0.09287100000000004
0 0.6382421875 0.35340454612005856 0.02187500000000009 0.03658499999999998
0 0.7369921875 0.3790743191800878 0.02187500000000009 0.05440900000000005
0 0.7744921875 0.4014922825768668 0.053749999999999964 0.12288999999999997
