0 0.05273475 0.526366875 0.02539000000000001 0.027344000000000035
0 0.179687125 0.55078125 0.036133 0.04003900000000005
0 0.2255855 0.602538875 0.110352 0.12109399999999992
0 0.301757625 0.5527341875 0.020508000000000026 0.022460999999999953
0 0.40136725 0.4863278125 0.04003899999999999 0.04101599999999994
0 0.4960940625 0.6357419375 0.050780999999999965 0.07617200000000002
0 0.5644533125 0.578125125 0.02636700000000003 0.03710899999999995
0 0.581054875 0.6015621875 0.027344000000000035 0.052734999999999976
0 0.738281625 0.651367 0.08300699999999994 0.125977
0 0.8369135625 0.4560545 0.03417999999999999 0.046875
