0 0.0244140625 0.4068175036603221 0.049383 0.19560200000000003
0 0.12595243750000001 0.5566267979502196 0.06172799999999999 0.13310200000000005
0 0.2087315625 0.6419676691068814 0.03395000000000001 0.12963000000000005
0 0.2340855 0.6113309267935579 0.048611000000000015 0.13541699999999987
0 0.2372323125 0.5113778345534408 0.02623500000000001 0.06712899999999992
0 0.2740039375 0.4858857672035139 0.046296000000000004 0.11111099999999996
0 0.338662625 0.49170183455344074 0.05169699999999999 0.065972
0 0.3700448125 0.6162961229868228 0.04166700000000001 0.09606500000000007
0 0.459708125 0.5287388345534407 0.035493 0.06481500000000007
0 0.495924875 0.5447052210834554 0.02854899999999999 0.0752309999999999
0 0.5180963125 0.5167186749633967 0.02623500000000001 0.0405089999999999
0 0.534144 0.5663890922401171 0.032407000000000075 0.07291700000000005
0 0.5890843125 0.5263543191800878 0.027005999999999974 0.05555600000000009
0 0.6661960625 0.5451099326500731 0.019291000000000058 0.04398200000000012
0 0.6899115 0.5601559326500731 0.016974999999999962 0.04629700000000011
0 0.7286478125 0.5566144172767203 0.011575000000000002 0.03240800000000006
