0 0.0244140625 0.12369791666666667 0.050781 0.24739600000000003
0 0.11035125 0.30729125 0.070313 0.07161499999999998
0 0.18457025 0.11067758333333333 0.07128900000000002 0.11458300000000003
0 0.2324218125 0.3997395000000001 0.134766 0.20442700000000003
0 0.2763675 0.10677066666666667 0.140625 0.208334
0 0.487304375 0.31510391666666665 0.13671900000000003 0.24739600000000006
0 0.5351566249999999 0.0625 0.083984 0.126302
0 0.6503904375 0.2812495 0.12402400000000002 0.17317799999999997
0 0.8330074375 0.3450519166666666 0.12402400000000002 0.21614600000000003
0 0.9228514375 0.1250005 0.09179700000000002 0.14322900000000002
0 0.9707031875 0.138021 0.05468700000000004 0.21875000000000003
