0 0.4990234375 0.6385412033898304 0.999375 0.715838
0 0.049765625 0.7593434552058111 0.05125 0.16614899999999996
0 0.1187109375 0.7005210702179177 0.046249999999999986 0.17857100000000006
0 0.15578125 0.6926252227602906 0.040624999999999994 0.2096280000000001
0 0.2818359375 0.7938726852300242 0.04562499999999997 0.18478300000000003
0 0.4309375 0.7267344552058113 0.04750000000000004 0.16925499999999982
0 0.54796875 0.6732547627118644 0.05500000000000005 0.17080800000000004
0 0.6901171875 0.7907676852300243 0.05437500000000006 0.18478199999999992
0 0.7370703125 0.608116842615012 0.02562500000000001 0.09627300000000008
0 0.7780078125 0.6807823801452784 0.04250000000000009 0.11801200000000008
