0 0.166015625 0.141431 0.083125 0.200565
0 0.2915625 0.8215577058823529 0.016874999999999973 0.025424
0 0.2928125 0.9816327058823529 0.015625 0.023541
0 0.2942578125 0.736811705882353 0.010000000000000009 0.025424
0 0.29578125 0.904419705882353 0.00874999999999998 0.025424
0 0.48765625 0.9843415294117648 0.008124999999999993 0.017890999999999855
0 0.489609375 0.7372241176470588 0.011874999999999969 0.021658000000000087
0 0.51890625 0.32234976470588234 0.07187500000000002 0.161017
0 0.4918359375 0.8222024705882353 0.014375000000000027 0.03295700000000014
0 0.493359375 0.9002412941176471 0.013124999999999998 0.029189999999999994
0 0.725859375 0.2517810588235294 0.07562500000000005 0.18549900000000002
