0 0.013177159590043924 0.3739345625 0.027999999999999997 0.034667
0 0.150497803806735 0.3192685625 0.04199999999999997 0.033333
0 0.24406734992679352 0.387963875 0.078 0.06
0 0.42474670571010253 0.2248466875 0.062000000000000006 0.069333
0 0.41610541727672035 0.2892216875 0.03400000000000005 0.037333000000000005
0 0.49299560761347 0.6403203125 0.08400000000000002 0.05733299999999997
0 0.6450336749633968 0.332245125 0.04000000000000007 0.03600000000000003
0 0.7015695461200586 0.3985546875 0.03799999999999993 0.037333000000000005
0 0.7471390922401171 0.3809404375 0.07199999999999998 0.06133299999999997
0 0.878497803806735 0.3938408125 0.04200000000000005 0.04133399999999998
0 0.9370336749633968 0.30486425 0.039999999999999904 0.03999999999999998
