0 0.0551171875 0.53630175 0.053750000000000006 0.0866669999999999
0 0.137421875 0.51625 0.028749999999999998 0.06500000000000002
0 0.20234375 0.5187503333333333 0.05625000000000002 0.106666
0 0.286875 0.5827086666666667 0.03125 0.053333
0 0.3482421875 0.439583 0.022499999999999964 0.063334
0 0.3915625 0.3893229166666667 0.016250000000000042 0.030000000000000027
0 0.461875 0.4367705 0.03250000000000003 0.04833399999999995
0 0.504765625 0.6638538333333334 0.08374999999999999 0.15333399999999994
0 0.5076171875 0.5079170000000001 0.05375000000000002 0.06333300000000001
0 0.7380859375 0.5833854166666667 0.07625000000000004 0.10833300000000001
0 0.72984375 0.4449996666666667 0.05625000000000002 0.08333400000000002
0 0.8489453125 0.4291663333333333 0.026249999999999996 0.043333999999999984
0 0.9887890625 0.5046875000000001 0.018750000000000044 0.11166700000000003
