0 0.001953125 0.452311102189781 0.004643 0.040278000000000036
0 0.036836312499999996 0.4830796642335767 0.025998000000000004 0.04861100000000002
0 0.036692625 0.5803735182481753 0.020427 0.05138799999999993
0 0.060096875 0.6039845182481752 0.028783999999999997 0.05
0 0.176159875 0.6027372262773721 0.02785600000000002 0.05833300000000015
0 0.2834348125 0.42424968613138686 0.011141999999999985 0.027777999999999956
0 0.3006284375 0.4525955182481751 0.02971199999999996 0.05138900000000006
0 0.3276505625 0.5297649124087591 0.03435499999999997 0.08194400000000009
0 0.318765375 0.46050239416058397 0.012070999999999998 0.03472300000000001
0 0.3930939375 0.4201545401459854 0.013927999999999996 0.03194400000000001
0 0.4367815 0.443978102189781 0.016713000000000033 0.03888899999999998
0 0.45740075 0.4593978102189781 0.024141999999999997 0.045832999999999985
0 0.4513976875 0.4253552700729927 0.007428000000000046 0.01527699999999999
0 0.4592101875 0.5162709562043796 0.02321300000000004 0.041667000000000017
0 0.4788053125 0.031904226277372265 0.025997999999999966 0.05694400000000001
0 0.4792526875 0.4156322700729927 0.006500000000000006 0.015278000000000038
0 0.4869215 0.43244097810218973 0.016712999999999978 0.020834000000000033
0 0.5053468125 0.41869468613138683 0.011141999999999985 0.026388000000000012
0 0.5270873125 0.5079379562043795 0.025998000000000077 0.04305599999999999
0 0.5284636875 0.41702127007299267 0.0064990000000000325 0.015278000000000038
0 0.552748375 0.4184811240875912 0.013000000000000012 0.019445000000000053
0 0.567060875 0.47057966423357667 0.027854999999999963 0.04861099999999994
0 0.59037 0.5210057883211678 0.03156900000000007 0.0666670000000001
0 0.698076 0.4430152262773722 0.032497999999999916 0.058333000000000065
0 0.7061921875 0.4004969781021898 0.02321300000000004 0.020832999999999983
0 0.7860441875 0.5055152262773722 0.0232119999999999 0.05555500000000003
0 0.815996 0.4544096423357664 0.03156999999999999 0.06805599999999999
0 0.9105593125 0.5193333722627738 0.026927000000000034 0.05277699999999999
0 0.9292264375 0.4400955182481751 0.02971199999999996 0.050000000000000086
0 0.9554166875 0.44080505839416056 0.03806799999999999 0.07916700000000002
0 0.949412625 0.8237837883211678 0.020426999999999973 0.06666600000000013
0 0.9873855 0.7246758102189781 0.01578400000000002 0.044444000000000004
