0 0.1065625 0.8399479166666667 0.016875 0.061666999999999916
0 0.1389453125 0.8445833333333334 0.05812500000000001 0.106667
0 0.2603125 0.756458 0.016874999999999973 0.031666999999999966
0 0.2883203125 0.9228649166666667 0.05812499999999998 0.1224999999999999
0 0.277421875 0.8897395833333333 0.027500000000000024 0.05166700000000013
0 0.5098828125 0.7273434166666667 0.010624999999999996 0.013333999999999957
0 0.5778125 0.8414065833333334 0.015625 0.05166599999999999
0 0.592734375 0.8005208333333332 0.011874999999999969 0.027500000000000007
0 0.6274609375 0.7916145833333333 0.014375000000000027 0.020832999999999952
0 0.7684375 0.7924475833333333 0.016874999999999973 0.020000000000000018
0 0.84078125 0.7544795 0.009374999999999911 0.015832999999999913
0 0.8575390625 0.7769795 0.018124999999999947 0.016665999999999848
