0 0.018671875 0.37322916666666667 0.02875 0.03750000000000001
0 0.2456640625 0.400625 0.019374999999999976 0.03333299999999998
0 0.2762109375 0.5845315833333333 0.04500000000000004 0.080833
0 0.2971875 0.25505174999999997 0.015625 0.025834000000000024
0 0.3109375 0.4077600833333333 0.01687500000000003 0.035834
0 0.3633203125 0.4497395833333333 0.025624999999999953 0.04999999999999997
0 0.44328125 0.7141670000000001 0.07124999999999998 0.12750000000000003
0 0.4932421875 0.4841149166666667 0.023125000000000007 0.061666
0 0.5245703125 0.4604684166666666 0.026249999999999996 0.045000000000000075
0 0.5611328125 0.5333850833333332 0.04125000000000001 0.0666670000000001
0 0.5812109375 0.41755175000000005 0.01375000000000004 0.024166999999999977
0 0.61421875 0.4538024166666667 0.024374999999999925 0.04666599999999995
0 0.6334375 0.40515591666666667 0.015625 0.030834000000000028
0 0.65671875 0.7570833333333332 0.055625000000000036 0.10666700000000014
0 0.6853125 0.4307291666666666 0.015625 0.03833300000000003
0 0.6998828125 0.5357295000000001 0.04125000000000001 0.079166
0 0.6878125 0.4742187500000001 0.015625 0.025832999999999995
0 0.7096875 0.43171875 0.016874999999999973 0.025832999999999995
0 0.7481640625 0.42463541666666665 0.01937500000000003 0.04666699999999994
0 0.783984375 0.45624966666666666 0.013125000000000053 0.02083400000000002
0 0.8565625 0.5870315833333334 0.046875 0.08250000000000002
0 0.9909375 0.8408850833333332 0.016249999999999987 0.06750000000000005
