0 0.25328125 0.9556296076134699 0.10249999999999998 0.08442799999999995
0 0.2421875 0.7752189941434846 0.048750000000000016 0.09287100000000004
0 0.361171875 0.8954082518301609 0.06 0.09849900000000014
0 0.3653125 0.7116834480234261 0.04750000000000004 0.05722299999999998
0 0.3848046875 0.5732583191800877 0.038124999999999964 0.05440900000000005
0 0.4078125 0.9525169941434847 0.07937499999999997 0.09193299999999989
0 0.5077343750000001 0.45768996339677886 0.04375000000000001 0.06941800000000005
0 0.6027734375 0.6671815768667643 0.02937500000000004 0.06097499999999997
0 0.842578125 0.5459582825768667 0.06687500000000002 0.12101300000000001
0 0.911640625 0.4307134787701318 0.05249999999999999 0.08067500000000007
0 0.9627734375 0.43769234992679357 0.02937500000000004 0.07879900000000004
