0 0.05859375 0.4748051875 0.117188 0.11718700000000004
0 0.33007862499999996 0.3400390625 0.23906200000000002 0.33125
0 0.3173828125 0.56015575 0.073438 0.08593800000000007
0 0.427734375 0.2298828125 0.012500000000000011 0.042187999999999976
0 0.5146489375000001 0.264062 0.04687400000000003 0.03125000000000003
0 0.5095703125 0.225391125 0.026562999999999948 0.035937
0 0.51640575 0.226171875 0.02343799999999996 0.02812500000000001
0 0.5751953125 0.2091791875 0.026563000000000003 0.05312600000000001
0 0.671875 0.1656255 0.03281199999999995 0.046875
0 0.6943364375 0.2966791875 0.02968700000000002 0.05312600000000001
0 0.7708989375 0.125391125 0.04531199999999991 0.06718699999999998
0 0.8638671875 0.195312 0.05312499999999998 0.0625
