0 0.0078125 0.18192638067349928 0.0175 0.10215599999999998
0 0.17359375 0.3972991478770132 0.08687500000000001 0.20993399999999995
0 0.190546875 0.170450803806735 0.028124999999999983 0.04217399999999997
0 0.21984375 0.29350660175695464 0.08687499999999998 0.173383
0 0.25390625 0.10443199414348464 0.04062500000000002 0.090909
0 0.3210546875 0.21730292679355784 0.06937500000000002 0.135895
0 0.4926171875 0.21830102489019035 0.05375000000000002 0.115276
0 0.57953125 0.18005238067349927 0.03937499999999994 0.10028100000000002
0 0.7393359375 0.13207802489019035 0.04625000000000001 0.114339
0 0.7812890625 0.6568529267935578 0.01937500000000003 0.13683300000000004
0 0.8971875 0.1389316383601757 0.04749999999999999 0.10590399999999997
