0 0.0704296875 0.4067620476190476 0.06937499999999999 0.09637600000000003
0 0.07515625000000001 0.2005740514800515 0.039375 0.10296499999999999
0 0.1706640625 0.33721002831402835 0.019375000000000003 0.05848500000000001
0 0.2430859375 0.38426209266409267 0.10750000000000001 0.186161
0 0.5078125 0.20180710296010299 0.10999999999999999 0.206754
0 0.6679296875 0.3802451158301159 0.13187499999999996 0.233938
0 0.64859375 0.19249104504504505 0.05500000000000005 0.09060999999999998
0 0.785078125 0.3232070283140283 0.03687499999999999 0.05848400000000001
0 0.8084375 0.3833900398970399 0.04812499999999997 0.08072399999999995
0 0.84609375 0.33978403088803094 0.025000000000000022 0.06177900000000001
0 0.94125 0.3543540347490347 0.03312499999999996 0.07001600000000004
0 0.9654296875 0.37808704118404124 0.03749999999999998 0.08237199999999999
0 0.964765625 0.24325501673101674 0.02124999999999999 0.03377299999999998
