0 0.2146484375 0.4447766691729323 0.029374999999999984 0.05678600000000003
0 0.261171875 0.40916566917293234 0.02812500000000001 0.05678600000000003
0 0.3133984375 0.4524766691729323 0.029374999999999984 0.05486000000000008
0 0.3608984375 0.40874442857142856 0.029374999999999984 0.05871100000000003
0 0.39875 0.44970918796992476 0.03125 0.06256000000000007
0 0.4551953125 0.4548229097744361 0.026874999999999982 0.052934999999999996
0 0.4852734375 0.4222194285714285 0.029374999999999984 0.059673000000000004
0 0.5196484375 0.4550629473684211 0.02937500000000004 0.063523
0 0.5815234375 0.40531566917293227 0.030625000000000013 0.05678599999999999
0 0.6208984375 0.44970918796992476 0.030625000000000013 0.06063500000000007
0 0.658125 0.3952704285714285 0.03187499999999999 0.05870999999999994
0 0.6927734375 0.43623518796992483 0.030625000000000013 0.06255999999999998
0 0.74875 0.4704629473684211 0.03187499999999999 0.06352199999999997
0 0.8233984375 0.4186094661654135 0.030625000000000013 0.069298
