0 0.01953125 0.8581040497803807 0.039375 0.23076999999999998
0 0.0390625 0.5002639575402635 0.07875 0.15947400000000012
0 0.1605859375 0.2423158960468521 0.04625000000000001 0.11163199999999997
0 0.2520703125 0.2543534787701318 0.057499999999999996 0.08161299999999996
0 0.34484375 0.2946904787701318 0.05499999999999999 0.07973799999999999
0 0.5128515625000001 0.4732874729136164 0.09687499999999999 0.17260800000000004
0 0.5348828125 0.24662096339677891 0.04249999999999998 0.06754200000000002
0 0.693828125 0.33260041142020497 0.06812499999999999 0.12476500000000004
0 0.81484375 0.29285863836017567 0.05500000000000005 0.10788
0 0.850234375 0.3810827979502196 0.07562500000000005 0.13227
0 0.9623828125 0.6401262767203514 0.073125 0.21106999999999995
