0 0.1481640625 0.3522821903367497 0.11249999999999999 0.05253300000000002
0 0.104140625 0.35152854612005857 0.020625000000000004 0.03658499999999998
0 0.1315625 0.35569241727672035 0.016875 0.03470899999999998
0 0.1962109375 0.3646615461200586 0.015000000000000013 0.03658499999999994
0 0.308046875 0.19898054026354317 0.05937500000000001 0.12851700000000002
0 0.51 0.18291828257686676 0.06312499999999999 0.12101300000000001
0 0.697109375 0.9678505461200586 0.013124999999999942 0.036586000000000035
0 0.8734375 0.29032503074670574 0.015625 0.024389999999999988
0 0.90578125 0.2818820307467057 0.008750000000000036 0.02345200000000001
0 0.9361328125 0.26646015959004393 0.010000000000000009 0.029081000000000006
