0 0.0705859375 0.28604590190336754 0.014374999999999999 0.02063799999999996
0 0.101796875 0.9219287057101025 0.02812500000000001 0.06379000000000003
0 0.098984375 0.2730271595900439 0.013124999999999998 0.029080999999999965
0 0.1317578125 0.2640580307467057 0.010000000000000009 0.023452000000000053
0 0.2521875 0.38401977306002927 0.016874999999999973 0.019698999999999967
0 0.25453125 0.18420677306002928 0.009375000000000022 0.018761999999999984
0 0.259453125 0.35857651537335283 0.0050000000000000044 0.013134000000000024
0 0.2686328125 0.45583990190336754 0.010000000000000009 0.020638
0 0.27734375 0.7692050614934113 0.02437499999999998 0.047841999999999996
0 0.2748828125 0.18795877306002928 0.010624999999999996 0.01969999999999998
0 0.2761328125 0.3463815153733529 0.010624999999999996 0.012194999999999952
0 0.291484375 0.3338889019033675 0.012499999999999956 0.02063799999999996
0 0.2917578125 0.4556113865300146 0.010000000000000009 0.009381000000000065
0 0.306484375 0.33013590190336745 0.011875000000000024 0.020638000000000083
0 0.31140625 0.2002680307467057 0.00874999999999998 0.023453000000000022
0 0.325859375 0.4317475153733529 0.011874999999999969 0.012194999999999994
0 0.3380078125 0.3365886442166911 0.011249999999999982 0.016886000000000012
0 0.3435546875 0.19628851537335285 0.006249999999999978 0.014070999999999986
0 0.35453125 0.4317475153733529 0.009374999999999967 0.014071000000000028
0 0.35703125 0.19212364421669106 0.009374999999999967 0.015947000000000024
0 0.3641796875 0.5130629019033676 0.007500000000000007 0.021575999999999974
0 0.37265625 0.3305487730600293 0.00874999999999998 0.018761000000000035
0 0.39203125 0.42987151537335283 0.00874999999999998 0.014071000000000028
0 0.3980078125 0.6514880307467057 0.010000000000000009 0.02439000000000007
0 0.4055078125 0.18356638653001464 0.010624999999999996 0.011257999999999989
0 0.410234375 0.3234556442166911 0.011875000000000024 0.015008999999999963
0 0.412109375 0.5107750307467057 0.012500000000000011 0.02345200000000001
0 0.4104296875 0.42987151537335283 0.006250000000000033 0.014071000000000028
0 0.423203125 0.3197036442166911 0.0050000000000000044 0.016884999999999997
0 0.429609375 0.5219177730600293 0.013124999999999998 0.018762000000000046
0 0.4398046875 0.19336025768667642 0.007500000000000007 0.008441999999999993
0 0.4521875 0.8571565461200585 0.016874999999999973 0.036586000000000035
0 0.461796875 0.8998265768667643 0.02812500000000001 0.05910000000000007
0 0.4555078125 0.6269837730600294 0.010624999999999996 0.017823999999999906
0 0.4580078125 0.32574351537335283 0.010624999999999996 0.013134000000000066
0 0.4647265625 0.21411151537335288 0.003750000000000031 0.01313299999999997
0 0.4666796875 0.40735751537335285 0.006249999999999978 0.01313299999999997
0 0.4698828125 0.49887764421669106 0.009999999999999953 0.016886000000000012
0 0.4748828125 0.24278064421669104 0.010000000000000009 0.016884999999999997
0 0.48015625 0.3215796442166911 0.009374999999999967 0.015009000000000005
0 0.48140625 0.6052935153733529 0.009375000000000022 0.013132999999999886
0 0.4848828125 0.12082864421669107 0.010624999999999996 0.015947999999999993
0 0.4885546875 0.20139038653001465 0.006250000000000033 0.011257000000000017
0 0.4930078125 0.7494609019033676 0.011250000000000038 0.021575999999999974
0 0.49578125 0.5876980307467057 0.00874999999999998 0.023452000000000094
0 0.5010546874999999 0.08142964421669106 0.007500000000000007 0.015009000000000015
0 0.5020312499999999 0.19587564421669107 0.00874999999999998 0.015947999999999993
0 0.5030078124999999 0.49887764421669106 0.010625000000000051 0.015009999999999976
0 0.51265625 0.3408677730600293 0.008749999999999925 0.018760999999999993
0 0.5236328125 0.2529853865300146 0.010000000000000009 0.011257000000000017
0 0.525859375 0.5810177730600292 0.012499999999999956 0.01969900000000005
0 0.5392578125 0.7099476442166911 0.010000000000000009 0.015946999999999982
0 0.5398046875 0.3951625153733528 0.007500000000000062 0.014071000000000028
0 0.5430078125 0.24278064421669104 0.010000000000000009 0.016884999999999997
0 0.5455078125 0.5618439019033674 0.010000000000000009 0.020638
0 0.546328125 0.20473051537335285 0.004999999999999893 0.013134000000000024
0 0.558828125 0.47542564421669103 0.005624999999999991 0.015948000000000035
0 0.561953125 0.19816451537335283 0.004999999999999893 0.012194999999999994
0 0.56390625 0.5960267730600294 0.008749999999999925 0.01969999999999994
0 0.56640625 0.2567373865300146 0.008750000000000036 0.011257000000000017
0 0.56890625 0.30563164421669103 0.008750000000000036 0.015948000000000035
0 0.5761328125 0.6937020307467057 0.010000000000000009 0.02345200000000001
0 0.57640625 0.5485966442166911 0.008750000000000036 0.015947000000000065
0 0.5811328125 0.24923338653001464 0.010624999999999996 0.009379999999999968
0 0.58265625 0.19294738653001464 0.008125000000000049 0.010319
0 0.587578125 0.6673217730600293 0.0050000000000000044 0.017822999999999933
0 0.5948046875 0.32052738653001467 0.006249999999999978 0.011257000000000017
0 0.5985546875 0.13343651537335285 0.006250000000000089 0.013133000000000011
0 0.60453125 0.24882051537335287 0.008750000000000036 0.013133999999999982
0 0.6085546875 0.3242793865300146 0.0068750000000000755 0.011257000000000017
0 0.61515625 0.45449003074670563 0.008750000000000036 0.023452000000000094
0 0.6172265625 0.8239817730600293 0.003750000000000031 0.017824000000000072
0 0.620703125 0.19816451537335283 0.0050000000000000044 0.012194999999999994
0 0.62765625 0.7912630307467057 0.008749999999999925 0.025328000000000045
0 0.6316796875 0.3089727730600293 0.006249999999999978 0.017823000000000016
0 0.6379296875 0.1917117730600293 0.0068749999999999645 0.017823000000000016
0 0.641328125 0.14979538653001465 0.0050000000000000044 0.009381000000000002
0 0.6474609375 0.8325390307467057 0.01375000000000004 0.02626599999999994
0 0.6492578125 0.5653683865300146 0.010000000000000009 0.011256999999999934
0 0.652734375 0.7706250307467057 0.012500000000000067 0.023451999999999928
0 0.651328125 0.2525735153733529 0.0050000000000000044 0.013133000000000011
0 0.6535546875 0.3633817730600293 0.006249999999999978 0.017822999999999974
0 0.6573046875 0.18795877306002928 0.006249999999999978 0.01782399999999999
0 0.66328125 0.5590299019033674 0.008124999999999938 0.021575000000000004
0 0.6679296875 0.24465664421669103 0.006249999999999978 0.015009000000000005
0 0.6679296875 0.4565503865300146 0.007499999999999951 0.00938000000000001
0 0.6691796875 0.37411264421669105 0.006249999999999978 0.015009000000000005
0 0.67515625 0.6326117730600294 0.008750000000000036 0.01782399999999999
0 0.69015625 0.3707725153733529 0.009375000000000022 0.013133000000000011
0 0.6948046875 0.45508625768667643 0.006249999999999978 0.007503999999999974
0 0.6948046875 0.30979651537335284 0.007499999999999951 0.012195000000000036
0 0.6991015625 0.24506851537335286 0.003750000000000031 0.01313299999999997
0 0.7048046875 0.14803364421669107 0.006249999999999978 0.015946999999999982
0 0.71203125 0.6078099019033675 0.008125000000000049 0.020638000000000083
0 0.717734375 0.879740644216691 0.011874999999999969 0.01688600000000018
0 0.7179296875 0.7095347730600293 0.007500000000000062 0.019700000000000023
0 0.7236328125 0.3139603865300146 0.010000000000000009 0.010318999999999958
0 0.7316796875 0.383493644216691 0.007499999999999951 0.015009000000000005
0 0.7415625 0.925523288433382 0.016874999999999973 0.03095700000000004
0 0.74015625 0.36525777306002927 0.009375000000000022 0.01969999999999998
0 0.7448046875 0.6082217730600293 0.007500000000000062 0.018762000000000046
0 0.74578125 0.7146376442166911 0.008750000000000036 0.016886000000000012
0 0.7509375 0.8531760307467056 0.016249999999999987 0.023453000000000064
0 0.746328125 0.3083323865300146 0.0050000000000000044 0.010319000000000042
0 0.7571875 0.9658602884333822 0.015625 0.03095700000000004
0 0.7548046875 0.8174147730600292 0.007500000000000062 0.01970000000000019
0 0.7567578125 0.35857651537335283 0.011250000000000093 0.014072000000000001
0 0.756328125 0.5944483865300147 0.0050000000000000044 0.011256999999999934
0 0.761328125 0.4917855153733528 0.005624999999999991 0.013133000000000053
0 0.76453125 0.7192143865300146 0.008125000000000049 0.0112570000000001
0 0.7741796875 0.6874336442166911 0.007500000000000062 0.015009000000000005
0 0.7766796875 0.49553751537335283 0.007499999999999951 0.013133000000000053
0 0.7779296875 0.590810644216691 0.006249999999999978 0.015947000000000065
0 0.7798828125 0.42195464421669104 0.010000000000000009 0.016886000000000012
0 0.78265625 0.3575252576866764 0.008749999999999925 0.008441999999999993
0 0.7866796875 0.431335644216691 0.0068750000000000755 0.015947000000000065
0 0.7955078125 0.5701726442166911 0.010000000000000009 0.016884999999999872
0 0.7966015625 0.6747125153733529 0.00374999999999992 0.01313299999999997
0 0.7991015625 0.6633412576866765 0.003750000000000031 0.008442999999999923
0 0.8023046875 0.2402642576866764 0.006250000000000089 0.00750500000000003
0 0.81203125 0.29478751537335285 0.009375000000000022 0.012195000000000036
0 0.81453125 0.573924644216691 0.009374999999999911 0.016886000000000012
0 0.818984375 0.7915606442166911 0.011874999999999969 0.015009999999999893
0 0.8241796875 0.48428051537335287 0.007499999999999951 0.01313299999999997
0 0.8304296875 0.4167385153733529 0.007499999999999951 0.01313299999999997
0 0.84015625 0.5728723865300146 0.008124999999999938 0.009380999999999981
0 0.8423828125 0.4119342576866764 0.010624999999999996 0.0075040000000000575
0 0.8423828125 0.7471730307467057 0.010624999999999996 0.02345200000000001
0 0.84390625 0.29103451537335284 0.008125000000000049 0.012195000000000036
0 0.8448046875 0.4773016442166911 0.006249999999999978 0.015947999999999952
0 0.84578125 0.6470956442166911 0.008749999999999925 0.01688500000000004
0 0.8535546875 0.2937352576866764 0.006250000000000089 0.008443000000000048
0 0.855078125 0.24506851537335286 0.0050000000000000044 0.01313299999999997
0 0.86703125 0.6359529019033675 0.009375000000000022 0.021575999999999974
0 0.871953125 0.46874538653001463 0.0050000000000000044 0.010318999999999958
0 0.8798828125 0.7175659019033674 0.010000000000000009 0.022514000000000034
0 0.8784765625 0.2895703865300146 0.003750000000000031 0.009381000000000023
0 0.8816796875 0.46394112884333827 0.007499999999999951 0.0056279999999999395
0 0.8809765625 0.5471325153733528 0.003750000000000031 0.014071000000000028
0 0.8854296875 0.2820663865300146 0.007500000000000062 0.00938000000000001
0 0.8948828125 0.6508476442166911 0.010624999999999996 0.016886000000000095
0 0.9085546875 0.5419153865300146 0.007499999999999951 0.011257999999999989
0 0.915078125 0.6460433865300147 0.005624999999999991 0.011257000000000017
0 0.9254296875 0.6377146442166911 0.006249999999999978 0.015008999999999922
0 0.9517578125 0.6836806442166911 0.010000000000000009 0.01501000000000006
0 0.9548046875 0.6329103865300146 0.006249999999999978 0.009380999999999981
0 0.9680078125 0.6273956442166911 0.010624999999999996 0.015947999999999952
0 0.968828125 0.27684925768667645 0.005624999999999991 0.007504999999999988
0 0.98515625 0.29291051537335283 0.008750000000000036 0.012196000000000049
0 0.989609375 0.6742996442166911 0.011874999999999969 0.016886000000000012
0 0.9879296875 0.5982013865300146 0.007500000000000062 0.011257000000000017
0 0.9909765625 0.27122125768667643 0.003750000000000031 0.007504000000000016
0 0.99390625 0.31155825768667644 0.009375000000000022 0.007504999999999988
