0 0.0107421875 0.15968783333333333 0.0225 0.02833299999999998
0 0.01171875 0.6860934166666667 0.025 0.07666699999999989
0 0.0224609375 0.8422399166666666 0.04625 0.09166600000000003
0 0.0273046875 0.5731253333333334 0.0375 0.07499999999999996
0 0.0473046875 0.3921871666666667 0.03875000000000001 0.06833399999999996
0 0.0894921875 0.0684375 0.022500000000000006 0.048332999999999994
0 0.124921875 0.5147913333333333 0.02875000000000001 0.07333400000000001
0 0.1328125 0.052292 0.017499999999999988 0.03166600000000001
0 0.161875 0.4449479166666666 0.0325 0.06166700000000006
0 0.1860546875 0.50182325 0.03749999999999998 0.07166599999999994
0 0.1910546875 0.8370315833333333 0.03875000000000001 0.08166600000000009
0 0.1903515625 0.6092190833333334 0.035 0.06666599999999996
0 0.2183984375 0.06973958333333334 0.030000000000000027 0.051667
0 0.373359375 0.2024479166666667 0.07500000000000001 0.18499999999999997
0 0.459765625 0.4943746666666667 0.02124999999999999 0.05333399999999999
0 0.5768359375 0.18796841666666664 0.07625000000000004 0.17166700000000001
0 0.7790625 0.8003645833333334 0.01749999999999996 0.08166699999999993
0 0.9165625 0.3303645833333333 0.01750000000000007 0.08166700000000009
0 0.981875 0.659583 0.03249999999999997 0.06333400000000007
0 0.9887890625 0.7638541666666666 0.018750000000000044 0.07000000000000013
