0 0.1609765625 0.18911491666666666 0.03375 0.06249999999999998
0 0.2969921875 0.16026008333333333 0.021874999999999978 0.03583400000000001
0 0.3188671875 0.19057258333333335 0.023125000000000007 0.051666999999999984
0 0.3341796875 0.2109375 0.03750000000000003 0.048332999999999994
0 0.4033203125 0.217292 0.026249999999999996 0.03166600000000001
0 0.4448828125 0.21213574999999998 0.04125000000000001 0.08749999999999998
0 0.53796875 0.19015591666666665 0.025000000000000022 0.029167000000000016
0 0.6051953125 0.2349996666666667 0.05812499999999998 0.08583400000000001
0 0.699140625 0.22015658333333335 0.051875000000000004 0.113333
0 0.8312890625 0.3057809166666667 0.01937500000000003 0.06083399999999998
0 0.906015625 0.2970833333333333 0.05125000000000002 0.10499999999999994
0 0.9723046875 0.26265625 0.03875000000000006 0.07249999999999997
0 0.9918359375 0.38442741666666663 0.014375000000000027 0.07583300000000004
