0 0.0185546875 0.36959708151382825 0.03875 0.06063400000000002
0 0.05734375 0.41486435080058226 0.056249999999999994 0.10914199999999998
0 0.088046875 0.36004366521106257 0.028749999999999998 0.04943999999999997
0 0.247109375 0.33963387336244544 0.012499999999999983 0.054103999999999985
0 0.278203125 0.3849729141193596 0.03562500000000002 0.08209000000000002
0 0.3624609375 0.3232219344978166 0.04624999999999996 0.09794700000000005
0 0.4290234375 0.37933547743813684 0.029374999999999984 0.057836000000000026
0 0.4682421875 0.39239547743813685 0.021874999999999978 0.057835999999999985
0 0.5134375 0.34446062008733624 0.078125 0.15858200000000003
0 0.611875 0.3657943100436681 0.03312500000000007 0.08115600000000006
0 0.656875 0.32536288937409025 0.09499999999999997 0.20802200000000004
0 0.8203515625 0.382255787481805 0.06562500000000004 0.13432899999999998
0 0.9003125 0.28998666084425034 0.078125 0.18750000000000003
