0 0.0365499298245614 0.1435545 0.017544 0.01757800000000001
0 0.08333380116959063 0.1132808125 0.051169000000000006 0.041016
0 0.19883074269005846 0.143554625 0.06725099999999998 0.051757999999999985
0 0.20760280116959065 0.0927734375 0.05116899999999999 0.030272999999999994
0 0.32894688304093567 0.1093749375 0.02923999999999999 0.046874999999999986
0 0.36403478947368423 0.135742 0.05263200000000002 0.0625
0 0.4956138245614035 0.0351566875 0.04385999999999995 0.038086
0 0.5292398011695907 0.105468625 0.049707999999999995 0.05175800000000001
0 0.6169586257309941 0.41406275 0.09502999999999999 0.08789000000000002
0 0.6637428011695907 0.0742183125 0.05263099999999996 0.056641000000000004
0 0.7280698713450292 0.10351525 0.033626000000000066 0.039063
0 0.8187135555555556 0.481444875 0.11403499999999989 0.09082100000000004
0 0.9181287543859649 0.0566401875 0.06286500000000009 0.053711
