0 0.2109373333333333 0.7724613125 0.13671899999999998 0.1835929999999999
0 0.22916625 0.172852 0.101563 0.125976
0 0.24348958333333334 0.4101558125 0.11458299999999999 0.134766
0 0.25520858333333335 0.6220705625 0.11458300000000003 0.09765599999999997
0 0.3684899166666667 0.8115235625 0.12239599999999999 0.15918
0 0.3815101666666667 0.1660159375 0.100261 0.139648
0 0.3893233333333333 0.631836 0.10677000000000003 0.125
0 0.3971354166666667 0.421874875 0.10677100000000002 0.12109400000000003
0 0.4062499166666667 0.319335625 0.09244799999999993 0.02050799999999997
0 0.5351558333333334 0.797851625 0.12109400000000003 0.14648400000000006
0 0.5429690833333334 0.316406 0.09895799999999995 0.03125
0 0.5494795 0.617187875 0.1119789999999999 0.0908199999999999
0 0.5507815833333334 0.4091795625 0.11458299999999995 0.12793000000000004
0 0.5559899166666668 0.17675806249999998 0.12239599999999988 0.112304
0 0.6835939166666666 0.1279300625 0.0911460000000001 0.08105400000000001
0 0.71744825 0.7890626875 0.13411399999999998 0.16406200000000004
0 0.7122395 0.1894535 0.109375 0.109375
0 0.7135415833333334 0.6113284375 0.1132809999999999 0.12304700000000002
0 0.7213544166666667 0.40234425 0.10807300000000009 0.13476499999999997
