0 0.074921875 0.25524731918008786 0.028124999999999997 0.055346999999999986
0 0.2855859375 0.24623503074670572 0.014375000000000027 0.02345199999999997
0 0.343984375 0.2615598653001464 0.04375000000000001 0.08817999999999998
0 0.4123828125 0.2516527364568082 0.04187500000000005 0.08536600000000001
0 0.4403125 0.2639879326500732 0.01687500000000003 0.04409000000000001
0 0.518359375 0.24016822108345534 0.04375000000000001 0.075047
0 0.58703125 0.26133234992679355 0.04062500000000002 0.078799
0 0.6624609375 0.21904825183016108 0.04625000000000001 0.098499
0 0.8517578125 0.3568147730600293 0.011249999999999982 0.019700000000000023
0 0.9794140625 0.3013976749633968 0.01937500000000003 0.04033799999999998
