0 0.0341796875 0.824609375 0.070312 0.20000000000000007
0 0.19765575 0.354296875 0.11875 0.153125
0 0.189453125 0.1330073125 0.067188 0.089063
0 0.2275390625 0.1974604375 0.08124999999999999 0.09218799999999999
0 0.248828625 0.058007312500000005 0.051562000000000024 0.05781299999999999
0 0.3251953125 0.1478515625 0.057813 0.06562499999999999
0 0.393358875 0.1853515625 0.09062599999999998 0.09687499999999999
0 0.4291015625 0.6509765625 0.12812500000000004 0.15937499999999993
0 0.4916015625 0.2999995 0.09687500000000004 0.109376
0 0.501172375 0.4412109375 0.10624999999999996 0.14062499999999994
0 0.4814453125 0.0591796875 0.057813 0.06875
0 0.5068364375000001 0.20390625 0.09374999999999994 0.07031299999999999
0 0.6267573125 0.467187 0.120313 0.12656299999999998
0 0.628515125 0.1439453125 0.06718800000000003 0.057813
0 0.63125 0.04296825 0.0625 0.070313
0 0.687108875 0.6326166875 0.1531260000000001 0.193751
0 0.7328125 0.13046825 0.078125 0.101563
0 0.72890625 0.0345698125 0.04062500000000002 0.042188
0 0.7626958125 0.2505859375 0.10468700000000009 0.10781300000000002
0 0.79921875 0.051171375 0.05625000000000002 0.075
0 0.8681645625 0.1361328125 0.06562500000000004 0.073438
0 0.912109375 0.4955073125 0.13749999999999996 0.151563
0 0.9419921875 0.127734875 0.08593699999999993 0.09062500000000001
0 0.9279301875 0.01171875 0.05312399999999995 0.023438
