0 0.015625 0.47818776720351386 0.033125 0.10975599999999999
0 0.1741015625 0.3509063806734993 0.06625 0.100375
0 0.195234375 0.6530836383601757 0.07562500000000003 0.10787999999999996
0 0.1907421875 0.2664342210834553 0.05375000000000002 0.075047
0 0.3171875 0.34475125183016103 0.04749999999999999 0.09849899999999998
0 0.37 0.6594585651537335 0.09500000000000003 0.24202599999999994
0 0.392421875 0.34378731332357243 0.09000000000000002 0.14352700000000002
0 0.5449999999999999 0.49085701903367496 0.09500000000000003 0.20544100000000004
0 0.641015625 0.3326705095168375 0.05249999999999999 0.10412699999999996
0 0.7023828125 0.3587790922401171 0.04125000000000001 0.07317100000000006
0 0.81953125 0.4173519633967789 0.03937499999999994 0.06848100000000006
0 0.98734375 0.4371402825768667 0.02375000000000005 0.12195100000000007
