0 0.0126953125 0.5654556666666666 0.025833 0.1355940000000001
0 0.07875 0.22059146808510635 0.064167 0.121065
0 0.121458 0.09450327659574467 0.031667000000000015 0.035109
0 0.212109375 0.31910598581560284 0.07583299999999998 0.14406800000000003
0 0.2336064375 0.1614412695035461 0.06083399999999997 0.10532699999999999
0 0.30317675 0.15251475177304966 0.055833999999999995 0.082325
0 0.3141279375 0.25504051063829786 0.044999999999999984 0.09564199999999998
0 0.371171875 0.16697047517730498 0.028332999999999997 0.04842599999999997
0 0.450963875 0.16970782978723403 0.06 0.10290599999999998
0 0.4816796875 0.2863823475177305 0.06999999999999995 0.127119
0 0.5375654375000001 0.8213006879432624 0.09333299999999994 0.3220340000000001
0 0.500026375 0.12501335460992907 0.013332999999999928 0.05447900000000001
0 0.5659375 0.12242055319148935 0.04749999999999999 0.069007
0 0.5961328125 0.2565312269503546 0.07416699999999998 0.13317199999999998
0 0.6348828125 0.11162407801418439 0.011666999999999983 0.021792
0 0.7002216875 0.14379667375886523 0.03749999999999998 0.064164
0 0.7555595625 0.27655279432624114 0.06583399999999995 0.058110999999999996
0 0.796875 0.5472684184397163 0.094167 0.21791800000000006
0 0.78286425 0.11840831205673757 0.040833999999999926 0.08111399999999999
0 0.8417060625 0.32007290780141845 0.08166600000000002 0.122276
0 0.8316015625 0.10806435460992908 0.03416700000000006 0.055689999999999996
0 0.8988154375 0.15348167375886523 0.030833 0.06416499999999999
0 0.99390625 0.18371203546099288 0.008333000000000035 0.04721500000000002
