0 0.0234375 0.555856 0.047679 0.10539799999999991
0 0.0073918125 0.897177 0.011293000000000001 0.03856100000000003
0 0.0266395625 0.059424 0.033877000000000004 0.08997400000000001
0 0.02301075 0.7903600000000001 0.025094 0.10282800000000009
0 0.028727875 0.422745 0.027603999999999997 0.066839
0 0.0231469375 0.897177 0.013802000000000002 0.03856100000000003
0 0.039464 0.166535 0.032623 0.07712100000000001
0 0.038481375 0.890036 0.012547000000000003 0.0359899999999999
0 0.1378939375 0.298216 0.045169 0.11054000000000005
0 0.3298639375 0.13454000000000002 0.045169000000000015 0.048843000000000004
0 0.38841425 0.038 0.04015099999999999 0.077121
0 0.4507295625 0.13511099999999998 0.035132 0.04627200000000001
0 0.50858175 0.057707 0.023840000000000028 0.06426699999999999
0 0.5137369375 0.139393 0.015055999999999958 0.03599000000000001
0 0.9315539375 0.138252 0.013800999999999952 0.041131000000000015
