0 0.036088256983240224 0.4873046875 0.063449 0.03749999999999998
0 0.05714053631284916 0.830390625 0.021446999999999997 0.020625000000000004
0 0.1572883687150838 0.848125 0.04646999999999996 0.03249999999999997
0 0.31345277653631287 0.8502734375 0.033959000000000024 0.02937500000000004
0 0.41638953631284914 0.830390625 0.021448000000000064 0.020625000000000004
0 0.5471513296089385 0.148203125 0.10187699999999994 0.099375
0 0.560048312849162 0.84203125 0.053618999999999944 0.04062500000000002
0 0.6873921284916201 0.82734375 0.032171000000000116 0.023749999999999938
0 0.8153508882681565 0.8412109375 0.016978999999999866 0.015000000000000013
0 0.9266130726256984 0.8391015625 0.03932099999999994 0.03374999999999995
