0 0.046071276231263385 0.7191015625 0.043835 0.03500000000000003
0 0.0766802676659529 0.08734375 0.049315000000000005 0.05500000000000001
0 0.1625562505353319 0.25679687500000004 0.06301399999999999 0.05999999999999997
0 0.20056594004282655 0.0784375 0.04657599999999999 0.047499999999999994
0 0.30883191434689505 0.2894140625 0.06575400000000002 0.04999999999999999
0 0.29551195717344747 0.6209375 0.0328770000000001 0.04749999999999999
0 0.3128949400428265 0.07691406249999999 0.04657500000000008 0.049999999999999996
0 0.38853627623126336 0.6185546875 0.043836000000000035 0.03749999999999998
0 0.42676659528907923 0.0609375 0.05479499999999996 0.04750000000000001
0 0.45309293147751606 0.260390625 0.05205499999999994 0.05249999999999999
0 0.5483852591006424 0.0549609375 0.05753399999999995 0.045
0 0.6135405867237688 0.1944140625 0.06027399999999992 0.04999999999999999
0 0.6667919314775161 0.0509375 0.05205499999999988 0.0475
0 0.770900931477516 0.177890625 0.052055000000000004 0.05249999999999999
0 0.801037931477516 0.054296875 0.05205500000000013 0.060000000000000005
0 0.9019359400428266 0.2024609375 0.046574999999999964 0.04500000000000001
