0 0.1326169375 0.25558800000000004 0.139844 0.250588
0 0.3193354375 0.1429414117647059 0.061719000000000024 0.14705899999999997
0 0.3927739375 0.07882347058823529 0.04531200000000002 0.083529
0 0.4841796875 0.5823528823529411 0.06875000000000003 0.12941200000000008
0 0.5115236875 0.0420585294117647 0.03828100000000001 0.06823599999999999
0 0.5498051875 0.10882370588235293 0.05312500000000009 0.12470600000000001
0 0.766406 0.025 0.03203099999999992 0.05294100000000001
0 0.7974606875 0.23058858823529413 0.06953100000000001 0.15529400000000004
0 0.80859375 0.4497059411764706 0.05546899999999999 0.21529399999999993
0 0.867187 0.01911764705882353 0.03203199999999995 0.041176
0 0.9681640625 0.027941176470588237 0.019531000000000076 0.057647
