0 0.4031767499999999 0.348984375 0.055000000000000084 0.044375
0 0.5018746666666667 0.65640625 0.05250000000000007 0.04062500000000002
0 0.5044270833333333 0.653671875 0.03416700000000006 0.028749999999999942
0 0.5558333333333333 0.654609375 0.04333299999999999 0.04437499999999994
0 0.5596878333333334 0.6566015625 0.02749999999999993 0.03437499999999993
0 0.60171875 0.629921875 0.024999999999999984 0.028750000000000053
0 0.608125 0.6351171875 0.031667000000000035 0.022499999999999964
0 0.6675003333333334 0.6604296875 0.04333299999999992 0.03749999999999998
0 0.7779684166666666 0.6613671875 0.04583400000000001 0.05312499999999998
0 0.9010940833333333 0.680234375 0.03583300000000008 0.04312500000000008
