0 0.0858203125 0.7963545 0.0575 0.11166600000000004
0 0.090546875 0.37578125 0.05875 0.10166699999999995
0 0.191640625 0.7876565833333333 0.05249999999999999 0.11333300000000006
0 0.195625 0.3338541666666666 0.0325 0.06999999999999999
0 0.3092578125 0.5247913333333334 0.04125000000000001 0.07333400000000001
0 0.3112109375 0.83463575 0.04625000000000001 0.088333
0 0.32953125 0.34145833333333336 0.03999999999999998 0.07333299999999994
0 0.4234375 0.8099996666666667 0.04874999999999996 0.08333399999999995
0 0.4405078125 0.6099996666666666 0.04125000000000001 0.08333400000000002
0 0.469296875 0.3772399166666667 0.058750000000000024 0.09333299999999996
0 0.4841015625 0.7749996666666666 0.03374999999999995 0.08333400000000009
0 0.5719140625 0.5789059166666667 0.050000000000000044 0.09333400000000003
0 0.569375 0.8103645833333334 0.032500000000000084 0.08166699999999993
0 0.628125 0.33312533333333333 0.03249999999999997 0.07333299999999994
0 0.6737109375 0.3281253333333333 0.04500000000000004 0.07333299999999998
