0 0.2037890625 0.32088130791788855 0.019375000000000003 0.03662
0 0.2546875 0.3662484809384164 0.015625 0.027230000000000056
0 0.2678125 0.48050630791788856 0.016249999999999987 0.03661999999999996
0 0.3046875 0.37270492961876833 0.015625 0.02159699999999995
0 0.3340625 0.37334775659824043 0.015625 0.03098600000000004
0 0.3340625 0.4850857565982405 0.01687500000000003 0.030984999999999943
0 0.348984375 0.3517517565982405 0.013124999999999998 0.030985999999999958
0 0.3825390625 0.46976558357771264 0.018124999999999947 0.04037599999999999
0 0.3912109375 0.4066234809384165 0.014999999999999958 0.027229999999999973
0 0.3980078125 0.3689489296187683 0.011249999999999982 0.021597000000000033
0 0.4071875 0.4518100322580645 0.01687500000000003 0.03474200000000003
0 0.443984375 0.35321803225806453 0.012500000000000011 0.03474200000000003
0 0.4481640625 0.5371404809384164 0.018125000000000002 0.02910800000000007
0 0.460234375 0.4687110322580645 0.013125000000000053 0.03286400000000002
0 0.4868359375 0.3572702052785924 0.014375000000000027 0.024412999999999952
0 0.5059374999999999 0.4896642052785924 0.015625000000000056 0.023473999999999946
0 0.5303125 0.46683303225806455 0.015625 0.03286400000000002
0 0.5740625 0.48091803225806457 0.01749999999999996 0.03286399999999993
