0 0.1349609375 0.3320315833333333 0.04625 0.08083299999999997
0 0.18375 0.5259378333333333 0.06312500000000001 0.08916600000000008
0 0.180234375 0.23682325 0.044375 0.07083300000000003
0 0.259140625 0.4028645833333333 0.051875000000000004 0.080833
0 0.2817578125 0.21776041666666668 0.04250000000000004 0.07583299999999997
0 0.3763671875 0.5666666666666668 0.05437500000000001 0.08499999999999996
0 0.400390625 0.24744825 0.05249999999999999 0.10333299999999997
0 0.482734375 0.2684378333333333 0.04375000000000001 0.08999999999999997
0 0.530390625 0.39666666666666667 0.051875000000000004 0.08583299999999998
0 0.5696875 0.2775520833333333 0.046875 0.06583300000000003
0 0.6532421875 0.29223991666666665 0.053750000000000075 0.093333
0 0.759296875 0.4278121666666666 0.05937500000000007 0.10000000000000002
0 0.7679296875 0.34317675 0.03749999999999998 0.05666700000000002
0 0.8315234375 0.34744825 0.06187500000000001 0.10166599999999996
