0 0.2712109375 0.8729735073313782 0.10750000000000001 0.1463409999999999
0 0.2774609375 0.1637636862170088 0.044999999999999984 0.05253300000000002
0 0.2728515625 0.14963761583577712 0.03375 0.071294
0 0.2883203125 0.27663326979472136 0.057499999999999996 0.08818100000000005
0 0.29234375 0.4426668592375367 0.05499999999999999 0.043152
0 0.2887109375 0.40244741055718475 0.04500000000000004 0.048780000000000025
0 0.288828125 0.38972413489736074 0.036250000000000004 0.045028000000000026
0 0.2937109375 0.44512620527859237 0.044999999999999984 0.024390000000000012
0 0.29203125 0.5731159296187683 0.03999999999999998 0.022514000000000034
0 0.2901953125 0.6125149296187683 0.026249999999999996 0.022514000000000034
0 0.304375 0.4889240322580645 0.03125 0.033772000000000024
