0 0.0916015625 0.4655211666666667 0.035 0.06833299999999998
0 0.17171875 0.60203125 0.0875 0.16500000000000004
0 0.2083984375 0.4649479166666666 0.03 0.05999999999999998
0 0.27984375 0.6256774166666667 0.05499999999999999 0.13999999999999999
0 0.379375 0.37239549999999993 0.03249999999999997 0.08000000000000003
0 0.56453125 0.41687499999999994 0.039999999999999925 0.09500000000000004
0 0.6080078125 0.41296874999999994 0.04249999999999998 0.08666700000000005
0 0.837734375 0.6448958333333333 0.043749999999999956 0.11999999999999995
0 0.848125 0.47901075 0.03249999999999997 0.055000000000000014
0 0.980078125 0.4390625000000001 0.036250000000000004 0.07999999999999992
