0 0.0660546875 0.4756369900990099 0.007499999999999993 0.02157400000000005
0 0.1048828125 0.4527939900990099 0.010624999999999996 0.022842999999999964
0 0.12605468749999998 0.46436938613861384 0.006875000000000006 0.029186999999999973
0 0.1398828125 0.5251289900990098 0.009999999999999981 0.02157400000000005
0 0.205859375 0.5144191881188119 0.011874999999999997 0.026649999999999927
0 0.25890625 0.8380909207920791 0.03999999999999998 0.15863000000000005
0 0.2630078125 0.5068051881188118 0.011249999999999982 0.025381000000000074
0 0.3023828125 0.5158415841584159 0.010624999999999996 0.03172600000000003
0 0.3398828125 0.5214753861386139 0.009999999999999953 0.02918799999999998
0 0.4135546875 0.4578709900990099 0.007500000000000007 0.020304000000000016
0 0.45515625 0.5062473861386139 0.008750000000000036 0.02791900000000001
0 0.4935546875 0.6863099405940595 0.03749999999999998 0.11928900000000002
0 0.5066796875 0.4635047920792079 0.007499999999999951 0.01903500000000005
0 0.51390625 0.5169571881188119 0.009375000000000022 0.02665000000000004
0 0.5448828125 0.5133035841584158 0.010000000000000009 0.034264000000000024
0 0.701328125 0.7541815247524752 0.036250000000000004 0.153553
0 0.7016796875 0.5175149900990099 0.007500000000000062 0.021573999999999937
0 0.72828125 0.5087853861386138 0.008750000000000036 0.02791900000000001
0 0.8048828125 0.4926927920792079 0.011249999999999982 0.01776600000000008
0 0.820859375 0.5169571881188119 0.01187500000000008 0.02411199999999999
0 0.857109375 0.5011713861386139 0.012500000000000067 0.030455999999999886
0 0.892734375 0.5011713861386139 0.013125000000000053 0.030455999999999886
0 0.9004296875 0.4547741881188119 0.007500000000000062 0.025381000000000015
0 0.924609375 0.49213399009900993 0.01187500000000008 0.022842999999999964
0 0.96390625 0.5048249900990098 0.008750000000000036 0.022841999999999956
0 0.99328125 0.49721099009900993 0.008750000000000036 0.02284200000000007
