0 0.1184765625 0.15200544216691067 0.06625 0.148218
0 0.2847265625 0.2115173133235725 0.06562499999999999 0.14446499999999998
0 0.358125 0.19131712298682285 0.06437499999999996 0.09568499999999999
0 0.4403125 0.1994355710102489 0.078125 0.150094
0 0.525390625 0.11661289604685213 0.05125000000000002 0.11163200000000001
0 0.629453125 0.3039312825768668 0.0675 0.12288999999999997
0 0.6973828125 0.6369522825768668 0.073125 0.12288899999999997
0 0.6962890625 0.1699696383601757 0.050000000000000044 0.10600399999999999
0 0.766875 0.20213631332357246 0.06437500000000007 0.144465
0 0.7869921875 0.704082411420205 0.08562499999999995 0.12476600000000006
0 0.8128125 0.13960886530014643 0.04874999999999996 0.08911799999999999
0 0.902265625 0.2238525095168375 0.05249999999999999 0.104127
