0 0.1465355625 0.7273861898734177 0.096053 0.15528999999999993
0 0.13489931249999998 0.28624032911392405 0.057895000000000016 0.08191100000000003
0 0.2115955 0.2619091518987342 0.04736800000000002 0.085324
0 0.2361328125 0.8064367848101266 0.07368399999999997 0.1331060000000001
0 0.26460768749999997 0.25051674683544306 0.038158 0.06313899999999996
0 0.329173625 0.774398253164557 0.082895 0.1399319999999999
0 0.314946125 0.22662574683544306 0.03684299999999996 0.06143299999999997
0 0.599074625 0.3143689746835443 0.05263200000000001 0.08703100000000001
0 0.7010695 0.8465199240506328 0.04868399999999995 0.05972700000000006
0 0.7368931875 0.24599755696202533 0.053947999999999996 0.10750799999999999
0 0.816776 0.34205744303797464 0.06315800000000005 0.09556299999999998
0 0.83532025 0.7030067974683544 0.04078999999999999 0.09044400000000008
0 0.89971175 0.7709380379746836 0.05526399999999998 0.0733789999999999
