0 0.062890625 0.29375537243401756 0.05125 0.10225200000000004
0 0.5401953125 0.3404951612903226 0.744375 0.16135099999999997
0 0.1853515625 0.33256361583577715 0.03375 0.07317099999999997
0 0.2637890625 0.3125173724340176 0.04999999999999999 0.10225199999999998
0 0.2996875 0.3116895131964809 0.015625 0.05909900000000001
0 0.346953125 0.33737316715542526 0.03562500000000002 0.07692299999999996
0 0.403359375 0.3257054428152492 0.04312499999999997 0.08067600000000003
0 0.5089453125000001 0.32647923167155424 0.05812499999999993 0.14352700000000004
0 0.6161328125 0.35202751319648096 0.04125000000000001 0.06097499999999999
0 0.664765625 0.3447045454545455 0.05249999999999999 0.09193199999999994
0 0.7152734375 0.3421182375366569 0.02937499999999993 0.056285
0 0.7556640625 0.35490499413489734 0.050000000000000044 0.08536599999999997
0 0.819765625 0.36100619941348977 0.05124999999999991 0.10975599999999999
0 0.9780078125 0.23237805865102637 0.041874999999999996 0.15197000000000005
