0 0.044921875 0.2613736005830904 0.027499999999999997 0.08022399999999998
0 0.136015625 0.28912469679300296 0.02124999999999999 0.06902999999999995
0 0.219765625 0.2824177113702624 0.020000000000000018 0.03731399999999997
0 0.25394531249999996 0.30189025947521864 0.026250000000000023 0.03171700000000002
0 0.30875 0.4917862157434402 0.06374999999999997 0.126866
0 0.317890625 0.37582177842565595 0.05249999999999999 0.08955200000000003
0 0.35703125 0.31757750437317783 0.03999999999999998 0.09328399999999998
0 0.515 0.3383334081632653 0.0625 0.104478
0 0.5978125 0.31331816326530615 0.01750000000000007 0.041045
0 0.6539453125 0.28311942274052476 0.026249999999999996 0.07089600000000001
0 0.835234375 0.3523833265306122 0.04375000000000007 0.08209
