0 0.0924609375 0.4416663333333333 0.045625 0.043333999999999984
0 0.112734375 0.5147399166666666 0.04375000000000001 0.0925000000000001
0 0.1422265625 0.4989583333333334 0.035 0.07499999999999989
0 0.395390625 0.42067675 0.020625000000000004 0.05666700000000002
0 0.453359375 0.48796875 0.04375000000000001 0.08749999999999998
0 0.486796875 0.4446871666666667 0.028749999999999942 0.06833400000000005
0 0.5934375 0.3255211666666667 0.046875 0.06916600000000002
0 0.6486328125 0.4814583333333333 0.04125000000000001 0.0741670000000001
0 0.72515625 0.4613541666666667 0.040000000000000036 0.06916700000000005
0 0.7855078125 0.53067675 0.04125000000000001 0.05499999999999994
0 0.865234375 0.5209892500000001 0.04312499999999997 0.07249999999999994
0 0.874609375 0.4422395833333333 0.043749999999999956 0.051666999999999984
0 0.9691015625 0.4050520833333333 0.03500000000000003 0.06583299999999996
0 0.9903125 0.5572913333333332 0.016874999999999973 0.07416700000000002
