0 0.0234375 0.43006954545454545 0.0475 0.09380899999999998
0 0.25875000000000004 0.3363025982404692 0.1575 0.326454
0 0.4078515625 0.315394853372434 0.065 0.128518
0 0.4822265625 0.3924914750733137 0.06624999999999998 0.11163200000000001
0 0.5699609375 0.41899457771260995 0.07687500000000003 0.12570299999999998
0 0.622578125 0.3661069237536657 0.03687499999999999 0.10787999999999996
0 0.743984375 0.2814754633431085 0.13812499999999994 0.28424
0 0.885078125 0.31591471847507335 0.036250000000000004 0.08255199999999997
0 0.9425 0.387627853372434 0.09499999999999997 0.12758000000000003
0 0.9753125 0.28249837243401754 0.04749999999999999 0.10037600000000005
