0 0.143359375 0.25175708259587015 0.04375 0.07743100000000001
0 0.1941796875 0.30983467256637165 0.03875000000000001 0.055713000000000006
0 0.2560546875 0.24208037758112097 0.03812500000000002 0.06609999999999995
0 0.32203125 0.2904730825958702 0.040000000000000036 0.07932000000000002
0 0.362421875 0.25760245132743365 0.02812500000000001 0.062322999999999976
0 0.4815234375 0.26651452507374634 0.02937500000000004 0.06137899999999999
0 0.54765625 0.29572500884955755 0.040000000000000036 0.08120799999999999
0 0.6047265625 0.26202723008849554 0.03374999999999995 0.07176600000000002
0 0.6479296875 0.2715870825958702 0.03874999999999995 0.07931999999999997
0 0.710078125 0.2803823038348083 0.03562500000000002 0.06987699999999997
0 0.76703125 0.24544330383480825 0.03937499999999994 0.06987799999999997
