0 0.2486328125 0.27859008333333335 0.04124999999999998 0.06755699999999998
0 0.3042578125 0.2573741666666667 0.04125000000000001 0.069224
0 0.350703125 0.22167275 0.03562500000000002 0.05671400000000001
0 0.40125 0.28959466666666667 0.03250000000000003 0.053378
0 0.45296875 0.2518593333333334 0.024375000000000036 0.04253499999999999
0 0.51015625 0.2675865 0.040000000000000036 0.07923199999999997
0 0.5579296875 0.25086375 0.03749999999999998 0.05504500000000001
0 0.572578125 0.3096534166666667 0.036250000000000004 0.07756499999999995
0 0.6295703125 0.2043620833333333 0.02562500000000001 0.06588800000000002
0 0.68390625 0.2220386666666667 0.039999999999999925 0.05337700000000001
0 0.686171875 0.27525408333333334 0.028125000000000067 0.06755699999999998
0 0.7948828125 0.2726926666666667 0.04249999999999998 0.08423699999999996
0 0.9017578125 0.2642505 0.04125000000000001 0.07923200000000001
