0 0.013671875 0.45455247308781865 0.02875 0.06346300000000005
0 0.029296875 0.7744703909348443 0.059375 0.14868499999999998
0 0.030234375 0.30830587535410764 0.013124999999999998 0.028104999999999956
0 0.112578125 0.42270761189801703 0.036250000000000004 0.05711699999999996
0 0.1287109375 0.3195814447592068 0.014375000000000013 0.022665999999999957
0 0.1796875 0.36774530594900845 0.015625 0.02901200000000004
0 0.2064453125 0.42004559773371103 0.026874999999999982 0.038984000000000046
0 0.2212109375 0.3068894447592068 0.013749999999999984 0.024477999999999986
0 0.2453125 0.5140446685552409 0.048750000000000016 0.13599299999999998
0 0.2719140625 0.35476859773371106 0.019374999999999976 0.03898500000000002
0 0.3069921875 0.4060490283286119 0.021874999999999978 0.04170500000000002
0 0.325234375 0.3179941671388102 0.012499999999999956 0.03535800000000001
0 0.3326171875 0.34932959773371103 0.021874999999999978 0.03717100000000001
0 0.380703125 0.48209005665722376 0.03562500000000002 0.07978200000000002
0 0.5058984375 0.4076921813031162 0.029374999999999984 0.05620999999999991
0 0.5001562500000001 0.2570254447592068 0.00874999999999998 0.025385000000000033
0 0.5212109375 0.3780568895184136 0.015000000000000013 0.04623799999999999
0 0.5871875 0.35760145892351275 0.015625 0.04442500000000003
0 0.612109375 0.35012273654390935 0.013125000000000053 0.033544999999999964
0 0.636953125 0.42757919546742207 0.03687499999999999 0.07434299999999998
0 0.6628125 0.2580443059490085 0.015625 0.029012000000000003
0 0.664765625 0.35618502832861193 0.020625000000000004 0.04079799999999998
0 0.715625 0.6437465439093485 0.06437500000000007 0.164098
0 0.7541796875 0.4165873342776204 0.03875000000000006 0.06890299999999998
