0 0.118984375 0.5178875714285714 0.074375 0.14507799999999998
0 0.138046875 0.32595501347708894 0.06000000000000001 0.06563000000000005
0 0.160703125 0.4381913557951483 0.036250000000000004 0.107945
0 0.3509375 0.34019068463611857 0.04749999999999999 0.08894600000000003
0 0.5766015625 0.5074999137466307 0.09749999999999992 0.18739200000000003
0 0.57671875 0.33673668463611856 0.05500000000000005 0.08894600000000007
0 0.74859375 0.5201386603773585 0.08750000000000002 0.170121
0 0.7484765625 0.3893082668463612 0.06624999999999992 0.08117500000000001
0 0.9485546875 0.42641560916442045 0.06937499999999996 0.12435299999999999
0 0.9609375 0.2972875579514825 0.04749999999999999 0.08031100000000002
