0 0.1773046875 0.966757788321168 0.03812499999999999 0.064425
0 0.3193359375 0.9800515401459853 0.013749999999999984 0.029878000000000085
0 0.334609375 0.9429919781021897 0.011875000000000024 0.020542000000000206
0 0.3770703125 0.9229248102189781 0.02562500000000001 0.045752000000000105
0 0.4075390625 0.9138772481751825 0.01937500000000003 0.03641399999999996
0 0.4880859375 0.8859839562043795 0.014374999999999971 0.04201700000000004
0 0.4909375 0.8956103941605839 0.016874999999999973 0.03268000000000003
0 0.666484375 0.8939131240875913 0.013124999999999942 0.018673999999999857
0 0.6932421875 0.9325512481751824 0.021874999999999978 0.03641400000000013
0 0.69453125 0.9425848321167883 0.009374999999999911 0.025209999999999896
0 0.758125 0.9708332481751826 0.03249999999999997 0.036413999999999794
0 0.7644921875 0.9819185401459853 0.02312499999999995 0.0317460000000001
0 0.7737890625 0.9099048321167883 0.018124999999999947 0.025210000000000062
0 0.8059375 0.8889036642335766 0.016249999999999987 0.04761899999999999
