0 0.232421875 0.23713541666666668 0.028749999999999998 0.045000000000000005
0 0.3680859375 0.44708333333333333 0.07749999999999996 0.10499999999999998
0 0.5033203125 0.3643225833333334 0.057499999999999996 0.11333399999999998
0 0.6116015625 0.25067675 0.03500000000000003 0.055000000000000014
0 0.6116015625 0.37901075 0.03500000000000003 0.05499999999999994
0 0.68 0.3549996666666666 0.06374999999999997 0.085
0 0.68421875 0.2787496666666667 0.02375000000000005 0.021666999999999954
0 0.717578125 0.28734375 0.036250000000000004 0.055000000000000014
0 0.7590625 0.22541666666666668 0.01750000000000007 0.023332999999999975
0 0.8162890625 0.2591145833333333 0.018750000000000044 0.018333000000000006
