0 0.1076953125 0.20759462091503267 0.025624999999999995 0.09738299999999998
0 0.1910546875 0.17031275163398693 0.03875000000000001 0.06387399999999999
0 0.1889453125 0.24126380392156863 0.02562500000000001 0.04921500000000002
0 0.2832421875 0.29839479084967324 0.023125000000000007 0.055498
0 0.2948046875 0.18405172549019608 0.03749999999999998 0.06911
0 0.3819921875 0.31003976470588235 0.021874999999999978 0.060733000000000016
0 0.3926953125 0.22627076470588237 0.02562500000000001 0.06073299999999997
0 0.444375 0.3476097908496732 0.03187499999999999 0.053403000000000006
0 0.4602734375 0.22417576470588232 0.029374999999999984 0.06073299999999999
0 0.544921875 0.16474371241830063 0.028124999999999956 0.07225100000000001
0 0.5501953125 0.3016627647058824 0.026874999999999982 0.05968599999999998
0 0.6325 0.1185437385620915 0.032500000000000084 0.06806300000000003
0 0.6350390625 0.3023308431372549 0.018125000000000058 0.040837
0 0.7362890625 0.30467779084967317 0.01937499999999992 0.053403000000000006
0 0.7426953125 0.15276469934640524 0.026874999999999982 0.07539299999999999
