0 0.02734375 0.8278141600587372 0.054688 0.24089300000000002
0 0.0400393125 0.107512718061674 0.025781 0.052878999999999995
0 0.050976812499999996 0.3630900058737151 0.042187 0.08343100000000003
0 0.1914065 0.5458051541850221 0.078906 0.159812
0 0.183984125 0.3630900058737151 0.036719 0.08343100000000003
0 0.216796625 0.3862972922173275 0.051563 0.09283199999999991
0 0.3810549375 0.338119577092511 0.04531199999999996 0.081081
0 0.4951171875 0.502033725403818 0.08515600000000001 0.15746199999999994
0 0.6039065 0.324308436123348 0.046875 0.10810800000000002
0 0.79609375 0.5795874405286344 0.08749999999999991 0.16921300000000003
