0 0.0475390625 0.3076816013071896 0.019375000000000003 0.050209000000000004
0 0.1437109375 0.3470613071895425 0.04500000000000001 0.07447699999999993
0 0.201953125 0.4498809607843138 0.06812499999999999 0.11045999999999989
0 0.1840625 0.20935808496732028 0.015625 0.03096199999999998
0 0.20765625 0.2997291176470588 0.04000000000000001 0.07196700000000003
0 0.2431640625 0.26108203267973856 0.018125000000000002 0.042678000000000015
0 0.259765625 0.3921956339869281 0.05249999999999999 0.09372300000000003
0 0.317890625 0.5467392352941176 0.08374999999999999 0.14142200000000002
0 0.4937109375 0.3702298758169934 0.04624999999999996 0.08117200000000002
0 0.56921875 0.6479882679738562 0.08750000000000002 0.1849380000000001
0 0.6375 0.4274450130718954 0.0631250000000001 0.09707200000000002
0 0.7617578125 0.5022888235294118 0.07374999999999998 0.09623399999999993
0 0.931484375 0.6282223725490197 0.10687499999999994 0.15899599999999992
