0 0.0587109375 0.6366500588235294 0.014375000000000006 0.03668800000000006
0 0.2298828125 0.646759705882353 0.011249999999999982 0.026340999999999996
0 0.2590625 0.6414722352941177 0.01687500000000003 0.042332999999999954
0 0.25703125 0.6077792941176471 0.008750000000000036 0.02822200000000003
0 0.284140625 0.66564 0.020625000000000004 0.05174
0 0.3815234375 0.6033779411764706 0.02999999999999997 0.0649109999999999
0 0.410546875 0.604026705882353 0.02812500000000001 0.07525899999999995
0 0.4699609375 0.5339908823529411 0.014374999999999971 0.03104399999999998
0 0.498359375 0.6375361764705882 0.04375000000000001 0.05738499999999998
0 0.7596484375 0.6570538235294118 0.02937500000000004 0.046096000000000005
0 0.8107421875 0.5870294117647059 0.021874999999999978 0.049857999999999986
0 0.8626171875 0.033823529411764704 0.053749999999999964 0.067733
