0 0.021367187500000002 0.2789115835777126 0.023125 0.04033799999999999
0 0.07082031250000001 0.2680643079178886 0.025625000000000002 0.03658499999999998
0 0.2137109375 0.24167975659824045 0.013749999999999984 0.030957
0 0.2403125 0.24771848093841642 0.016249999999999987 0.027204000000000023
0 0.3058984375 0.23529478885630498 0.029374999999999984 0.061914
0 0.3537890625 0.22462113489736069 0.01937500000000003 0.04408999999999999
0 0.3794140625 0.23482158357771263 0.018125000000000002 0.038460999999999954
0 0.5022656249999999 0.23229875659824048 0.02062500000000006 0.030957
0 0.5723828125 0.18161191788856307 0.10499999999999998 0.19230800000000003
0 0.7012890625 0.21916575659824047 0.018750000000000044 0.030957
0 0.7858203125 0.21981158357771263 0.02562500000000001 0.038461999999999975
0 0.8087890625 0.19665175659824047 0.018749999999999933 0.030019000000000007
0 0.881640625 0.2043928592375367 0.02124999999999999 0.042213999999999995
