0 0.0185546875 0.6091648125 0.038889 0.10370400000000002
0 0.1252240625 0.76218175 0.08148200000000001 0.14907400000000004
0 0.14030674999999998 0.4307800625 0.05648100000000002 0.08148099999999997
0 0.2114510625 0.41941525 0.04999999999999999 0.07037099999999996
0 0.2742475 0.5208478750000001 0.07963 0.091667
0 0.25842025 0.3808950625 0.03981500000000002 0.04999999999999999
0 0.2895473125 0.4034363125 0.025926000000000005 0.025926000000000005
0 0.3292611875 0.38394075 0.02222200000000002 0.024073999999999984
0 0.352040375 0.4542463125 0.043518 0.05833299999999997
0 0.3931491875 0.398032 0.022222999999999993 0.03148200000000001
0 0.41397525 0.464077375 0.03981499999999999 0.043518
0 0.4870945 0.5834271875 0.11111199999999999 0.14722199999999996
0 0.4624781875 0.413657 0.053703999999999974 0.06388900000000003
0 0.5779148125 0.43382475 0.04259299999999999 0.055555999999999994
0 0.589597875 0.3866681875 0.02777799999999997 0.02222200000000002
0 0.6860455625 0.438961375 0.03425999999999996 0.075926
0 0.7019888125 0.385575625 0.04166700000000001 0.05185200000000001
0 0.7442784375 0.3586730625 0.029629000000000016 0.050000000000000044
0 0.78206 0.5117405625 0.09537099999999998 0.09629600000000005
0 0.8173253125 0.358115875 0.02685100000000007 0.027778000000000025
0 0.864800125 0.4853585 0.03518500000000002 0.07962999999999998
0 0.880541125 0.3650539375 0.036111000000000004 0.04537000000000002
0 0.899985125 0.4103228125 0.03611199999999992 0.04259199999999996
0 0.93301475 0.3750356875 0.025000000000000022 0.037963000000000025
0 0.9733869375 0.3993129375 0.04536999999999991 0.045369999999999966
