0 0.0068359375 0.4204128552278821 0.01375 0.10042999999999998
0 0.0434375 0.3251461340482574 0.015625 0.058369
0 0.184140625 0.4727039544235924 0.08374999999999999 0.16137300000000007
0 0.228359375 0.32993089544235926 0.013124999999999998 0.016309000000000046
0 0.2644921875 0.3121168257372654 0.02250000000000002 0.02832700000000005
0 0.27578125 0.36725347721179624 0.04062500000000002 0.08068599999999997
0 0.323359375 0.32643927345844503 0.013124999999999998 0.03519299999999999
0 0.362890625 0.3223118605898123 0.020625000000000004 0.021459000000000023
0 0.3643359375 0.3285904128686327 0.015000000000000013 0.015451000000000029
0 0.47359375 0.36229184986595175 0.1175 0.177682
0 0.4467578125 0.5843618552278821 0.04125000000000001 0.10042899999999998
0 0.7712890625 0.39507443699731903 0.04937500000000006 0.16394799999999998
