0 0.0087890625 0.36015591666666663 0.01875 0.029167000000000016
0 0.1453125 0.82 0.11062500000000001 0.125
0 0.1982421875 0.4509375 0.021875000000000006 0.048333000000000036
0 0.2810546875 0.47734375 0.03875000000000001 0.055000000000000014
0 0.351953125 0.6722916666666666 0.09812500000000002 0.11499999999999999
0 0.3356640625 0.3158850833333333 0.018124999999999947 0.06666699999999996
0 0.5165234375 0.49401075 0.030000000000000027 0.055000000000000014
0 0.5682421875 0.4166663333333333 0.021874999999999978 0.04333400000000006
0 0.578828125 0.4951045 0.036250000000000004 0.048333000000000036
0 0.6099609375 0.39229200000000003 0.015000000000000013 0.03166599999999997
0 0.9622265625 0.2202086666666667 0.06624999999999992 0.17750000000000002
