0 0.009765625 0.6430211666666666 0.02 0.06916599999999999
0 0.009765625 0.9450524166666666 0.02 0.10750000000000008
0 0.0239453125 0.6848961666666668 0.025625 0.03749999999999994
0 0.129765625 0.6891663333333332 0.020625000000000004 0.04250000000000013
0 0.128359375 0.6977086666666666 0.012500000000000011 0.053333
0 0.1426953125 0.6855725833333333 0.02562500000000001 0.05166700000000005
0 0.3319921875 0.3171350833333333 0.05437500000000001 0.12916700000000003
0 0.4857421875 0.6157291666666667 0.021875000000000033 0.03750000000000001
0 0.8430078125 0.6720315833333332 0.04125000000000001 0.08083300000000009
0 0.9196484375 0.7119788333333332 0.030000000000000027 0.059167000000000115
0 0.98671875 0.6951038333333334 0.024375000000000036 0.09000000000000001
