0 0.165625 0.24240960130718953 0.03281200000000001 0.05020900000000004
0 0.1919926875 0.43566092810457513 0.039061999999999986 0.06903700000000002
0 0.2470698125 0.36975968627450984 0.042187999999999976 0.07949800000000003
0 0.253125 0.18906135947712416 0.03281200000000001 0.060668999999999994
0 0.3220698125 0.2960153071895425 0.042188 0.07322199999999998
0 0.3240229375 0.45684087581699345 0.04531299999999999 0.08159000000000002
0 0.350390125 0.2042277385620915 0.035938000000000025 0.06694600000000002
0 0.4201176875 0.1391147908496732 0.03749999999999998 0.054393000000000025
0 0.45078125 0.2418847385620915 0.03906299999999996 0.06694599999999998
0 0.45859425 0.4738393071895425 0.04062500000000002 0.07531399999999999
0 0.476563 0.1623867385620915 0.03125 0.06694600000000002
0 0.50234325 0.27195854901960786 0.04062599999999994 0.06485300000000002
0 0.56484425 0.2646343071895425 0.04062499999999991 0.07531399999999999
0 0.567578125 0.12760654901960786 0.035937999999999914 0.062762
0 0.5849609375 0.45893287581699344 0.04531300000000005 0.08159000000000002
0 0.6275385625 0.18906135947712416 0.034375000000000044 0.060668999999999994
0 0.65546925 0.40924873856209154 0.04062399999999999 0.06694599999999998
0 0.656641125 0.27195854901960786 0.035937 0.06276099999999997
0 0.73515575 0.2897393071895425 0.05468799999999996 0.07531400000000002
0 0.7412104375 0.12734660130718956 0.029687999999999937 0.050209999999999984
0 0.841796375 0.3789100130718955 0.043749999999999956 0.09832599999999993
0 0.8740239375 0.28085389542483663 0.015624000000000082 0.027196999999999947
