0 0.0126953125 0.2824638235294118 0.02625 0.09698700000000002
0 0.30472656249999996 0.4575720588235294 0.12812500000000002 0.23540500000000003
0 0.3875 0.2537385294117647 0.06437500000000002 0.11770299999999999
0 0.397265625 0.4255792352941176 0.08249999999999996 0.143126
0 0.451484375 0.4457123529411765 0.07437500000000002 0.11205299999999997
0 0.50859375 0.2134295882352941 0.05562499999999998 0.10546099999999999
0 0.569296875 0.4116981764705882 0.05999999999999994 0.10828600000000004
0 0.60671875 0.16687717647058822 0.05625000000000002 0.10640300000000001
0 0.638671875 0.4929628235294118 0.09062499999999996 0.14689300000000002
0 0.6465625 0.3215355294117647 0.04874999999999996 0.11958600000000004
0 0.6983984375 0.14086070588235294 0.06125000000000003 0.12523500000000004
0 0.726953125 0.3893103529411765 0.09875 0.212806
