0 0.0185546875 0.0813777672035139 0.0375 0.10881800000000001
0 0.0560546875 0.77551760761347 0.06875 0.08442699999999997
0 0.111328125 0.46727254026354315 0.06812499999999999 0.1266420000000001
0 0.1945703125 0.12047915373352855 0.05687499999999998 0.11726000000000002
0 0.27132812500000003 0.7471201537335286 0.06687499999999999 0.11726100000000002
0 0.3246875 0.4823526383601757 0.04812499999999997 0.1078789999999999
0 0.353203125 0.14427292679355783 0.06687500000000002 0.136961
0 0.4441796875 0.7795412825768667 0.06937500000000002 0.12101299999999993
0 0.52296875 0.4971772825768667 0.05500000000000005 0.12288900000000005
0 0.579921875 0.14884966910688138 0.059374999999999956 0.131332
0 0.623359375 0.8409291537335285 0.043749999999999956 0.1172610000000001
0 0.7083203125 0.47120889604685207 0.05812499999999998 0.11350900000000004
0 0.754453125 0.2053621844802343 0.06687500000000002 0.141651
0 0.8151953125 0.815898767203514 0.057499999999999996 0.10975599999999999
0 0.93296875 0.05938889604685212 0.05625000000000002 0.113509
0 0.9552734375 0.592266055636896 0.061249999999999916 0.13789900000000002
0 0.958046875 0.23913418448023424 0.06000000000000005 0.14258900000000002
