0 0.158359375 0.40558705563689595 0.074375 0.137899
0 0.3462890625 0.25511662664714496 0.14375 0.287993
0 0.427421875 0.4349474480234261 0.02812500000000001 0.056285999999999975
0 0.4419921875 0.40845393265007324 0.02312499999999995 0.04596599999999996
0 0.4887890625 0.41971093265007325 0.018125000000000002 0.04596599999999996
0 0.5183203125 0.3183969326500732 0.026874999999999982 0.04409000000000005
0 0.5768359375 0.47551396339677887 0.04625000000000001 0.06754200000000002
0 0.690859375 0.38316137481698387 0.13812499999999994 0.19230699999999998
0 0.837265625 0.40723554026354314 0.05249999999999999 0.12664100000000003
0 0.9326171875 0.3183969326500732 0.02312499999999995 0.04596699999999997
