0 0.154296875 0.6310390878477306 0.30957 0.6398250000000001
0 0.041992 0.04099596339677892 0.033202999999999996 0.06735000000000001
0 0.0800785625 0.049780736456808194 0.03515599999999999 0.08784700000000001
0 0.1572265625 0.04245996339677892 0.03515599999999999 0.068814
0 0.2324218125 0.05270896339677892 0.041016 0.06735000000000001
0 0.31835925 0.9209365402635433 0.07031300000000001 0.12737999999999983
0 0.3261718125 0.05563660761346999 0.04199200000000003 0.083456
0 0.401367 0.06149309224011713 0.03125 0.07174300000000002
0 0.439453 0.0732068345534407 0.032227000000000006 0.06588500000000001
0 0.467773875 0.925329411420205 0.06054599999999999 0.12298699999999989
0 0.502929375 0.046851834553440705 0.042969000000000035 0.064422
0 0.5839839375 0.9311859941434847 0.04589900000000002 0.09370399999999995
0 0.602539 0.040995834553440705 0.03125 0.065886
0 0.6416014375 0.04099544802342606 0.029297000000000017 0.058565000000000006
0 0.695312375 0.8960472210834554 0.04394500000000001 0.07466999999999994
0 0.697266125 0.04246006149341142 0.03613200000000005 0.049780000000000005
0 0.73144525 0.07174222108345535 0.040038999999999936 0.074671
0 0.8164063125 0.9428992210834554 0.05761700000000003 0.07466999999999994
0 0.8222656875 0.055637349926793554 0.03906200000000004 0.07759800000000001
0 0.96093775 0.9048319633967788 0.055663999999999936 0.07027799999999997
0 0.969726875 0.03513906149341142 0.028320000000000012 0.04831599999999999
