0 0.0706640625 0.6498236423357664 0.018125000000000002 0.06815999999999997
0 0.331328125 0.3542457883211679 0.03562500000000002 0.066293
0 0.3371875 0.45888747445255473 0.048750000000000016 0.09150299999999999
0 0.44421875 0.5218536204379561 0.02437499999999998 0.0877680000000001
0 0.453984375 0.35220805839416064 0.04375000000000001 0.07936499999999996
0 0.5108984375000001 0.34479008029197084 0.02999999999999997 0.06069100000000002
0 0.5840625 0.32616810218978104 0.01749999999999996 0.03828200000000002
0 0.5983984375 0.43052035036496344 0.02937500000000004 0.07469700000000007
0 0.65296875 0.26863322627737224 0.024375000000000036 0.056022999999999996
0 0.714921875 0.23811066423357666 0.028749999999999942 0.049485999999999995
