0 0.078125375 0.4389767952755906 0.044921 0.047244000000000015
0 0.2275386875 0.4281493070866142 0.03808600000000001 0.05905499999999996
0 0.376952625 0.28838628346456696 0.050781999999999994 0.034447999999999944
0 0.4589840625 0.8484253070866141 0.04980499999999999 0.058071
0 0.490234 0.46062980314960633 0.06347699999999995 0.055118
0 0.510742375 0.2824805433070866 0.04296899999999998 0.04527499999999998
0 0.544922125 0.6033463070866141 0.06738299999999997 0.057087000000000034
0 0.6269528125 0.26574755905511815 0.04101599999999994 0.059055999999999956
0 0.7050780625 0.5649608031496063 0.050780999999999965 0.055118000000000056
0 0.7587888125 0.34645628346456697 0.04199200000000003 0.03543299999999996
0 0.8173826875 0.3799212913385827 0.038086000000000064 0.043307
0 0.955077875 0.9133855433070865 0.058594000000000035 0.04429200000000001
