0 0.03984425 0.834375 0.07187500000000001 0.15833300000000014
0 0.02187475 0.6591145833333334 0.024219000000000004 0.052082999999999956
0 0.0593745 0.641667 0.01718800000000001 0.03333300000000006
0 0.1251953125 0.6841145833333334 0.02656199999999999 0.052083000000000025
0 0.1701169375 0.7835940833333334 0.046093999999999996 0.13020799999999996
0 0.1560549375 0.6143225833333333 0.014062000000000019 0.018750000000000044
0 0.17421875 0.6502604166666667 0.02421899999999999 0.04479199999999994
0 0.426171625 0.6085934166666668 0.42656299999999997 0.07604199999999987
0 0.2298830625 0.6385413333333334 0.019530999999999993 0.041666999999999975
0 0.235546875 0.68125 0.027344000000000007 0.033332999999999835
0 0.280469 0.6760420000000001 0.03125 0.031250000000000076
0 0.3060544375 0.75546875 0.029687999999999992 0.05625000000000006
0 0.3181643125 0.6619795 0.027343000000000006 0.046875
0 0.3367185 0.7770833333333332 0.04843800000000004 0.10416700000000005
0 0.387108875 0.9598955 0.09062599999999998 0.078125
0 0.3617185 0.6598961666666666 0.015625 0.03854100000000008
0 0.3869140625 0.7648440833333333 0.05078100000000002 0.1302080000000001
0 0.38593775 0.65286425 0.024999999999999967 0.03958399999999992
0 0.454297125 0.79088575 0.06796799999999997 0.11979100000000005
0 0.457812 0.6828121666666668 0.03281299999999998 0.03749999999999994
0 0.531640875 0.7164065833333334 0.028124999999999956 0.05104099999999997
0 0.54218775 0.6721354166666668 0.025000000000000022 0.04583300000000001
0 0.578515875 0.7882812500000002 0.059374999999999956 0.07083299999999977
0 0.5802739375 0.60338575 0.01484300000000005 0.026041000000000054
0 0.624219 0.6572913333333333 0.03125 0.041666999999999975
0 0.6345698125 0.789583 0.04140699999999997 0.06354199999999999
0 0.6458986875 0.7341145833333332 0.03906200000000004 0.05000000000000012
0 0.6423830625 0.62265625 0.017969000000000013 0.04062499999999999
0 0.67031225 0.7802083333333334 0.03984399999999999 0.07499999999999989
0 0.6833986875 0.6526038333333334 0.03749999999999998 0.05937499999999988
0 0.711719 0.6268229166666667 0.03281200000000006 0.06041699999999994
0 0.766797125 0.7359371666666666 0.03671800000000003 0.06770900000000009
0 0.7742185 0.6143225833333333 0.015625 0.018750000000000044
0 0.8240236875 0.6473955 0.03749999999999998 0.048958999999999975
0 0.8470703125 0.7424479166666668 0.025781000000000054 0.09270800000000001
0 0.87031275 0.6200520833333334 0.025000000000000022 0.035416999999999955
0 0.88593775 0.6447913333333334 0.025000000000000022 0.041667000000000044
0 0.905077875 0.6838545000000001 0.027343999999999924 0.04895799999999991
0 0.9177731875 0.6307288333333334 0.021874999999999978 0.02708399999999996
0 0.92812475 0.6846354166666666 0.02343799999999996 0.044792000000000165
0 0.93593775 0.6320309166666668 0.02421899999999999 0.02916699999999987
0 0.973437 0.701042 0.03125 0.0625
0 0.9744143125 0.646875 0.025781000000000054 0.03333300000000013
0 0.9861323125 0.905208 0.02578199999999997 0.125
0 0.988671625 0.6351559166666666 0.020312999999999914 0.06041700000000009
