0 0.06832031250000001 0.04687806149341142 0.026875000000000003 0.049719000000000006
0 0.0827734375 0.31100619033674964 0.029375 0.052532999999999976
0 0.1795703125 0.08868019033674963 0.02687500000000001 0.05159500000000001
0 0.25390625 0.12428303074670571 0.009375000000000022 0.025328999999999997
0 0.3862890625 0.2939368345534407 0.04999999999999999 0.06566600000000003
0 0.3915234375 0.34113944802342605 0.030624999999999958 0.058160999999999956
0 0.4175 0.5012538345534406 0.0625 0.06566600000000007
0 0.471875 0.20177631918008782 0.03125 0.05347100000000001
0 0.5340234375 0.2791111903367496 0.030625000000000013 0.051594999999999995
0 0.614375 0.3205014480234261 0.03312499999999996 0.05722299999999994
0 0.7034765625 0.3908574480234261 0.03374999999999995 0.05816199999999997
0 0.74234375 0.4354034787701318 0.024375000000000036 0.08067599999999996
0 0.774375 0.4229108653001464 0.03187499999999999 0.09005599999999997
0 0.8298046875 0.6940178653001463 0.03749999999999998 0.08818000000000002
0 0.8884765625 0.5150713806734992 0.06500000000000006 0.10225100000000005
