0 0.2642578125 0.6728651176470588 0.07375000000000001 0.17231600000000005
0 0.3036328125 0.592901588235294 0.041874999999999996 0.10452000000000009
0 0.3139453125 0.3246044705882353 0.057499999999999996 0.08286199999999999
0 0.3139453125 0.4380631764705883 0.057499999999999996 0.10640299999999991
0 0.3708984375 0.2701589411764706 0.060624999999999984 0.116761
0 0.4637890625 0.413889 0.04999999999999999 0.05273099999999999
0 0.47421875 0.5291155294117648 0.05625000000000002 0.06968000000000003
0 0.545546875 0.2836904705882353 0.06000000000000005 0.13276799999999997
0 0.642578125 0.5293372941176471 0.06687500000000002 0.12805999999999992
0 0.6778515625 0.3822758235294117 0.06625000000000003 0.09604499999999999
0 0.7534765625 0.275047 0.06500000000000006 0.10075299999999998
0 0.7626171875 0.39592352941176473 0.05437500000000006 0.11770199999999997
0 0.8575 0.6952201764705883 0.09375 0.20809799999999992
0 0.8683203125 0.3436165294117647 0.05687500000000001 0.06779600000000001
0 0.911640625 0.3349730588235294 0.05125000000000002 0.03672300000000001
