0 0.14843766666666666 0.5664064375 0.084635 0.09179700000000002
0 0.14713541666666666 0.2382814375 0.04557300000000001 0.06054699999999999
0 0.20052058333333334 0.3300780625 0.019531999999999994 0.018554999999999988
0 0.3697914166666667 0.6591798125 0.044271000000000026 0.10351599999999994
0 0.5026044166666667 0.5273442500000001 0.07552100000000002 0.07128899999999999
0 0.5299478333333334 0.2421875 0.08984399999999988 0.08007799999999998
0 0.5898440833333334 0.4951173125 0.0664059999999999 0.05664099999999994
0 0.6015629166666666 0.12207 0.029947999999999936 0.03222699999999999
0 0.6497395 0.1396485 0.016926999999999987 0.017577999999999983
0 0.7395833333333334 0.1308594375 0.041667000000000044 0.030273000000000008
0 0.8450525 0.0937495 0.078125 0.047852000000000006
