0 0.157109375 0.3926740117474302 0.075625 0.16556900000000005
0 0.2711328125 0.23075457415565345 0.010000000000000009 0.04045199999999999
0 0.2716796875 0.39368543024963293 0.007500000000000007 0.02445899999999995
0 0.3323828125 0.02744171659324523 0.010624999999999996 0.034807
0 0.3577734375 0.37445643906020554 0.060624999999999984 0.14769500000000002
0 0.507734375 0.4242478604992658 0.013125000000000053 0.049857999999999944
0 0.592890625 0.36982143759177677 0.05249999999999999 0.12699900000000006
0 0.6850390625 0.3844381468428781 0.018124999999999947 0.05738499999999995
0 0.7498046875 0.417776718061674 0.03750000000000009 0.053622000000000045
0 0.8178125 0.3476338693098385 0.078125 0.17309499999999997
