0 0.081660625 0.3973205625 0.021241999999999997 0.03431400000000001
0 0.1267551875 0.40877775 0.022876000000000007 0.024510000000000032
0 0.211512125 0.492558125 0.13071900000000003 0.12908499999999995
0 0.3325230625 0.52591375 0.08169899999999997 0.117647
0 0.535909625 0.393752625 0.01960800000000007 0.021241999999999983
0 0.5911263125 0.400926875 0.026143999999999945 0.02777799999999997
0 0.6541565 0.422449625 0.04738599999999993 0.05228700000000003
0 0.710388125 0.4551104375 0.03594799999999998 0.06209100000000001
0 0.7858904375 0.40351825 0.031046000000000018 0.04085
0 0.8420645 0.4178859375 0.04738600000000004 0.045750999999999986
0 0.9436724375 0.411011625 0.06209100000000001 0.052288
0 0.9891810625 0.419181625 0.017973999999999934 0.05228699999999997
