0 0.0048828125 0.16005175 0.01 0.024166999999999994
0 0.10140625 0.14994758333333336 0.009374999999999994 0.019166999999999972
0 0.10703125 0.15244758333333333 0.008750000000000008 0.018334000000000017
0 0.2374609375 0.13885383333333334 0.014374999999999999 0.027499999999999986
0 0.277734375 0.13328158333333331 0.013124999999999998 0.019166
0 0.2973828125 0.1369795 0.010624999999999996 0.017499999999999998
0 0.4244140625 0.11744758333333333 0.018125000000000002 0.019167000000000007
0 0.4734375 0.12994758333333334 0.016874999999999973 0.020000000000000018
0 0.536484375 0.12005175 0.012499999999999956 0.025834000000000006
0 0.6181640625 0.11041666666666668 0.018124999999999947 0.022499999999999982
0 0.6662109375 0.09088575 0.014374999999999916 0.025832999999999995
0 0.85203125 0.09588575 0.008750000000000036 0.025832999999999995
