0 0.1579813125 0.4708604730354391 0.058475 0.0668450000000001
0 0.177416375 0.6713269229583976 0.04491500000000001 0.18582900000000002
0 0.3416938125 0.47598145762711863 0.04152599999999995 0.10294099999999995
0 0.51732 0.4570828089368259 0.03135600000000005 0.06149799999999997
0 0.571557 0.39733047303543917 0.03135600000000005 0.06550799999999996
0 0.6074248125 0.3899441525423729 0.011016999999999944 0.036095999999999934
0 0.6643903125 0.39096331278890606 0.026270999999999933 0.050801999999999986
0 0.7078684375 0.567275938366718 0.02966100000000005 0.148395
0 0.716876375 0.354572656394453 0.013558999999999988 0.026737999999999987
0 0.79142 0.2722517858243451 0.06271099999999996 0.114973
