0 0.0739453125 0.7609892500000001 0.026249999999999996 0.07249999999999994
0 0.1505078125 0.706875 0.04125000000000001 0.09500000000000004
0 0.2226953125 0.82359375 0.05812500000000001 0.11916700000000002
0 0.2498828125 0.5987496666666666 0.010000000000000009 0.02083400000000002
0 0.3315625 0.5932815833333334 0.01687500000000003 0.020832999999999952
0 0.401875 0.9610934166666666 0.09375 0.07583400000000011
0 0.3812890625 0.6130208333333332 0.018125000000000002 0.027500000000000007
0 0.4123828125 0.5941145833333333 0.010625000000000051 0.020832999999999952
0 0.4322265625 0.6352086666666666 0.03375 0.054165999999999936
0 0.4608203125 0.9682809166666666 0.02562500000000001 0.06083400000000013
0 0.5931640625 0.5826045 0.01937500000000003 0.048333000000000105
0 0.6240234375 0.6059378333333334 0.030625000000000013 0.08999999999999993
0 0.6340625 0.7290621666666667 0.016249999999999987 0.036667000000000005
0 0.6741796875 0.7687500000000002 0.03749999999999998 0.06416699999999986
0 0.721015625 0.58567675 0.020625000000000004 0.055000000000000084
0 0.8450390625 0.71125 0.11187499999999995 0.1875
0 0.9428125 0.8957295 0.11124999999999996 0.20500000000000007
