0 0.15466975 0.42045454545454547 0.05484800000000001 0.091176
0 0.3006258125 0.4719508914956012 0.042115000000000014 0.07499999999999997
0 0.3045486875 0.3160688914956012 0.038197999999999954 0.07500000000000001
0 0.399556125 0.32343406451612905 0.03623900000000002 0.064706
0 0.436763375 0.5027943724340176 0.044074999999999975 0.10000000000000006
0 0.4661546875 0.3602254105571847 0.03819800000000001 0.048529000000000044
0 0.5239475625 0.33667851319648096 0.03428000000000009 0.060294
0 0.569954625 0.49545926979472144 0.0519099999999999 0.08823499999999998
0 0.58664575 0.35724961583577713 0.023506000000000027 0.072059
0 0.6698708125 0.36904841055718474 0.04113599999999995 0.04853000000000002
0 0.6992371875 0.48371116715542517 0.052889000000000075 0.07647100000000004
0 0.7942128125 0.3380968211143695 0.07345800000000002 0.09558900000000001
