0 0.24044933707865168 0.5292965 0.03146100000000001 0.046875
0 0.36629235955056183 0.6679685 0.021347999999999964 0.046875
0 0.4865173370786517 0.671875375 0.033707000000000015 0.0439449999999999
0 0.58426997752809 0.5410160625 0.012358999999999858 0.01855399999999996
0 0.6280899325842697 0.5898438125 0.03595499999999989 0.04101600000000005
0 0.7078647415730338 0.557617125 0.030336999999999944 0.03613299999999997
0 0.7011235730337079 0.55957 0.015729999999999956 0.03125
0 0.7775279550561798 0.541992375 0.02359600000000003 0.042969000000000035
0 0.8359555056179775 0.649413875 0.049438 0.05957099999999993
0 0.9337077191011236 0.7070308125 0.040449999999999986 0.04101600000000005
