0 0.01171875 0.18067159072305594 0.025 0.039300999999999975
0 0.083671875 0.0833458472032742 0.028124999999999997 0.041921000000000014
0 0.1084375 0.08574882128240109 0.016874999999999987 0.03144099999999999
0 0.11625 0.19317282128240107 0.031875 0.03144100000000001
0 0.141328125 0.2468818731241473 0.03687499999999999 0.05327500000000001
0 0.1745703125 0.18045456480218278 0.02687500000000001 0.02882100000000002
0 0.18640625 0.2684416425648022 0.04000000000000001 0.06113500000000006
0 0.1755859375 0.08727879536152797 0.014999999999999986 0.019213999999999995
0 0.26046875 0.3366149508867667 0.024375000000000008 0.08559
0 0.4699609375 0.06156905184174624 0.015000000000000013 0.021834000000000003
0 0.5078906249999999 0.33666036289222373 0.08312500000000006 0.15545900000000004
0 0.5433203125 0.1573648212824011 0.02562500000000001 0.03144100000000001
0 0.5936328125 0.07854579536152798 0.011249999999999982 0.019213999999999985
0 0.617421875 0.15032061664392904 0.028124999999999956 0.050655000000000006
0 0.6950390625 0.18431261937244203 0.08062499999999995 0.15720500000000004
0 0.7588671875 0.3278691582537517 0.08562499999999995 0.17380000000000004
0 0.8530078125 0.44391274897680766 0.13624999999999998 0.21135299999999996
