0 0.0191015625 0.5596433499267937 0.034374999999999996 0.07879899999999995
0 0.1065625 0.6659891229868229 0.04749999999999999 0.09662299999999986
0 0.1079296875 0.47363696339677896 0.03874999999999999 0.06941899999999994
0 0.183046875 0.60290960761347 0.06 0.08255099999999994
0 0.2136328125 0.4538237057101025 0.04250000000000001 0.061914
0 0.3455859375 0.4749878345534406 0.04562500000000003 0.06660400000000004
0 0.43359375 0.5127565710102489 0.08625 0.15197000000000005
0 0.47171875 0.35829712298682287 0.05499999999999999 0.09474599999999998
0 0.5557421875 0.3779961229868228 0.08562499999999995 0.095685
0 0.6494921875 0.34163092093704245 0.11687499999999995 0.22701699999999997
0 0.96625 0.2663381844802343 0.06312499999999999 0.14258899999999994
