0 0.048828125 0.601171875 0.098438 0.12187499999999996
0 0.0498046875 0.7669926875 0.1 0.13124899999999995
0 0.05078125 0.932813 0.103125 0.12656199999999995
0 0.042578625 0.0646484375 0.08281200000000001 0.09218699999999999
0 0.0435546875 0.320702625 0.070312 0.08281299999999997
0 0.04609325 0.4474614375 0.070313 0.09218700000000002
0 0.0466796875 0.19140675 0.06875 0.08750000000000002
0 0.1732426875 0.9337895625 0.101562 0.12812500000000004
0 0.1767578125 0.60234325 0.104687 0.13281299999999996
0 0.17734425 0.767187 0.103124 0.125
0 0.1720698125 0.45078175 0.073438 0.08750000000000002
0 0.17265625 0.1935541875 0.071875 0.084376
0 0.1736328125 0.059375 0.07343799999999998 0.09531300000000001
0 0.174609375 0.3201171875 0.07499999999999998 0.08593699999999999
0 0.3052739375 0.60234325 0.10781200000000002 0.13281299999999996
0 0.3068359375 0.770312 0.10781299999999999 0.125
0 0.3064448125 0.935938 0.104688 0.125
0 0.2986328125 0.0646484375 0.073438 0.09218699999999999
0 0.30078125 0.4470703125 0.07187500000000002 0.089063
0 0.302734375 0.192188 0.07500000000000001 0.09531200000000001
0 0.3029296875 0.321875 0.06875000000000003 0.09375
0 0.43125 0.7673828125 0.09531299999999998 0.135938
0 0.4322265625 0.601171875 0.09687499999999999 0.12187499999999996
0 0.426171375 0.3185551875 0.07500099999999998 0.08437499999999998
0 0.435937 0.9322265625 0.09375 0.12812499999999993
0 0.4298828125 0.1935541875 0.07343700000000003 0.084376
0 0.430859375 0.063671875 0.07500000000000001 0.090625
0 0.545312 0.7521484375 0.12500100000000003 0.1546869999999999
0 0.546875 0.590234875 0.125 0.15312499999999996
0 0.546875 0.920313 0.125 0.15625
0 0.541015625 0.23515625 0.082812 0.10312499999999997
0 0.5431640625 0.06640625 0.08124999999999993 0.101563
0 0.54921925 0.396483875 0.07187499999999991 0.09062500000000001
0 0.673437 0.755859875 0.125 0.15312400000000004
0 0.6740234375 0.5919921875 0.12343699999999991 0.14687499999999998
0 0.6755854375 0.92421875 0.12343800000000005 0.14843800000000007
0 0.673827625 0.404687 0.08281299999999991 0.09531299999999998
0 0.6755859375 0.0671875 0.07656300000000005 0.109375
0 0.6775390625 0.2373046875 0.08125000000000004 0.09999999999999998
0 0.805859875 0.75234375 0.12187499999999996 0.15000000000000002
0 0.80546875 0.91875 0.11875000000000002 0.15625
0 0.8064453125 0.5912114375 0.120313 0.1546869999999999
0 0.80546875 0.0646479375 0.08750000000000002 0.10781299999999999
0 0.80859375 0.40546925 0.08750000000000002 0.103124
0 0.8103510625 0.2341796875 0.08125000000000004 0.09999999999999998
0 0.9330083125 0.9173833125 0.12031199999999997 0.15156199999999997
0 0.935546875 0.7544921875 0.12187499999999996 0.14843699999999993
0 0.93671875 0.5875 0.11874999999999991 0.15781299999999998
0 0.9373041875 0.2390625 0.084376 0.11093700000000001
0 0.93828075 0.408984375 0.08750100000000005 0.10625000000000001
0 0.9404301875 0.0625 0.08593700000000004 0.095312
