0 0.0698828125 0.6828125000000002 0.011249999999999996 0.017499999999999922
0 0.152421875 0.7545829999999999 0.028124999999999983 0.06333400000000007
0 0.1684375 0.7589065833333333 0.016875 0.05166599999999999
0 0.16578125 0.7034899166666667 0.009375000000000022 0.029166000000000025
0 0.238359375 0.7316145833333333 0.013124999999999998 0.0208330000000001
0 0.25679687500000004 0.7622395833333334 0.027499999999999997 0.04999999999999982
0 0.260859375 0.7130208333333332 0.013124999999999998 0.027500000000000153
0 0.276171875 0.8192705 0.02749999999999997 0.04833399999999995
0 0.289140625 0.7243229166666666 0.020625000000000004 0.029167000000000016
0 0.311484375 0.7444270833333334 0.012500000000000011 0.03416699999999991
0 0.3929296875 0.66807325 0.0068749999999999645 0.010000000000000083
0 0.413828125 0.6526041666666668 0.005624999999999991 0.006666999999999905
0 0.4159765625 0.6677083333333332 0.003750000000000031 0.011667000000000094
0 0.4448046875 0.66640625 0.006249999999999978 0.008333000000000071
0 0.48828125 0.69223925 0.008124999999999993 0.008334000000000064
0 0.4979296875 0.6881774166666667 0.007499999999999951 0.013332999999999965
0 0.5255078125 0.6841145833333334 0.010624999999999996 0.01999999999999987
0 0.6016015625 0.6834371666666668 0.003750000000000031 0.00749999999999984
0 0.6141796875 0.65557325 0.007500000000000062 0.009166000000000007
0 0.6380078125 0.6873434166666668 0.009999999999999898 0.014166999999999893
0 0.6598828125 0.6660413333333334 0.010624999999999996 0.01166700000000002
0 0.899609375 0.67473925 0.011874999999999969 0.010000000000000083
0 0.9417578125 0.6944795 0.010000000000000009 0.016665999999999997
0 0.9529296875 0.6857815833333333 0.006250000000000089 0.0208330000000001
0 0.9648828125 0.6898434166666666 0.010624999999999996 0.014167000000000188
0 0.978984375 0.6798434166666666 0.011874999999999969 0.014999999999999977
0 0.9834375 0.68890625 0.016875000000000084 0.00916699999999985
