0 0.0041796875 0.11411458333333334 0.007500000000000001 0.020833000000000008
0 0.20828125 0.4025 0.07125000000000001 0.12750000000000003
0 0.2609375 0.11468783333333332 0.015625 0.027500000000000007
0 0.3061328125 0.4108336666666667 0.04249999999999998 0.08583299999999998
0 0.3518359375 0.3907295 0.04562500000000003 0.079166
0 0.3958984375 0.3636458333333334 0.030625000000000013 0.05833299999999997
0 0.408828125 0.3148434166666667 0.0050000000000000044 0.014166999999999966
0 0.5263671875 0.3182291666666666 0.021874999999999978 0.03833300000000003
0 0.5330078125 0.12328158333333333 0.010000000000000009 0.019166
0 0.555234375 0.32734341666666666 0.012500000000000067 0.01416700000000004
0 0.5541796875 0.1203125 0.007499999999999951 0.017499999999999998
0 0.5656640625 0.37869825 0.018124999999999947 0.04083300000000004
0 0.5992578125 0.4002604166666666 0.04249999999999998 0.07583299999999997
0 0.6598828125 0.312917 0.04249999999999998 0.06333299999999997
0 0.6880859375 0.40453158333333333 0.04499999999999993 0.080833
0 0.7410546875 0.4465628333333333 0.06937499999999996 0.12000000000000004
0 0.825859375 0.1278125 0.012500000000000067 0.016667000000000026
