0 0.0232421875 0.20364616666666668 0.021875000000000002 0.03749999999999998
0 0.078515625 0.4520833333333334 0.020311999999999997 0.04374999999999988
0 0.176563 0.4885416666666667 0.03281200000000001 0.05416699999999993
0 0.289063 0.41276075000000007 0.03281200000000001 0.05624999999999991
0 0.3837895625 0.37187466666666663 0.03437499999999999 0.05208400000000002
0 0.4857416875 0.56848925 0.03749999999999998 0.07083400000000006
0 0.505078625 0.167708 0.020311999999999997 0.03125
0 0.6005864375 0.255208 0.02968700000000002 0.03125
0 0.617578125 0.60182325 0.035938000000000025 0.07083299999999992
0 0.7203125 0.6507815833333334 0.04843799999999998 0.08333299999999995
0 0.714063 0.9195315833333334 0.03281199999999995 0.08333299999999995
0 0.9466801875 0.20651008333333332 0.02343699999999993 0.03541700000000003
