0 0.015625 0.5789065833333332 0.031875 0.05166599999999999
0 0.01625 0.6962503333333334 0.0325 0.10666599999999986
0 0.1583203125 0.63286425 0.02562500000000001 0.03916699999999995
0 0.1613671875 0.5627600833333334 0.021874999999999978 0.03583400000000007
0 0.223671875 0.5488024166666666 0.028749999999999998 0.04666600000000002
0 0.2844921875 0.5932291666666666 0.023125000000000007 0.038333000000000096
0 0.3421875 0.5577600833333333 0.01687500000000003 0.03416699999999998
0 0.3593359375 0.6173961666666666 0.015000000000000013 0.03833299999999995
0 0.3859375 0.6259899166666666 0.01687500000000003 0.029166000000000025
0 0.4541015625 0.5925520833333334 0.03375 0.06666699999999996
0 0.49796875 0.6077600833333334 0.023749999999999993 0.03416699999999991
0 0.5637890625 0.5668229166666666 0.01937499999999992 0.029167000000000092
0 0.5881640625 0.6402600833333333 0.01937500000000003 0.03416699999999998
0 0.656640625 0.6843229166666668 0.020625000000000004 0.02916699999999987
0 0.729140625 0.6819270833333334 0.020625000000000004 0.03416699999999991
0 0.7994921875 0.6133333333333334 0.023125000000000062 0.04249999999999998
0 0.8459375 0.5852600833333333 0.016874999999999973 0.03416700000000006
0 0.9676171875 0.6335940833333332 0.021874999999999978 0.034166000000000064
