0 0.2734375 0.3053694729136164 0.07937499999999997 0.17167000000000004
0 0.422265625 0.3548686749633968 0.020625000000000004 0.04033799999999998
0 0.4559765625 0.3744985768667643 0.03437499999999999 0.06003699999999999
0 0.478359375 0.34736367496339676 0.013124999999999998 0.03846199999999999
0 0.56 0.4460652518301611 0.06312499999999999 0.09943699999999996
0 0.7198046875 0.49949209224011715 0.06874999999999998 0.07316999999999996
0 0.706953125 0.35889334992679356 0.03562500000000002 0.07692300000000005
0 0.710390625 0.277533803806735 0.020624999999999893 0.042214000000000015
0 0.783984375 0.3716316998535871 0.07437500000000008 0.153846
0 0.7712890625 0.2716772884333821 0.018750000000000044 0.030957
0 0.9603125 0.4217807920937042 0.078125 0.223264
