0 0.055859375 0.31978324597364566 0.075625 0.188555
0 0.32609375 0.28382991508052713 0.11812499999999998 0.318011
0 0.3942578125 0.40193109224011714 0.04249999999999998 0.07317000000000004
0 0.3996875 0.45480586530014644 0.048750000000000016 0.08818000000000002
0 0.4921875 0.4188343133235725 0.078125 0.14634100000000003
0 0.5401953125 0.463090448023426 0.026874999999999982 0.057223000000000065
0 0.56625 0.4500717057101025 0.03187499999999999 0.06378899999999997
0 0.5896875 0.5028763806734993 0.04749999999999999 0.10037500000000009
0 0.6098046875 0.4486075768667643 0.03749999999999998 0.06003699999999999
0 0.6065625 0.38049528843338215 0.016249999999999987 0.03001800000000001
0 0.6265625 0.38353680380673505 0.015625 0.04315199999999999
0 0.64921875 0.3791444172767204 0.024375000000000036 0.032833000000000036
0 0.68828125 0.4856927672035139 0.07062500000000005 0.10975599999999999
0 0.7426171875 0.39153327672035143 0.11562499999999998 0.21107
0 0.860703125 0.30947196339677896 0.03562500000000002 0.06754299999999995
