0 0.0126953125 0.7215743935860058 0.025391 0.13702600000000004
0 0.01953125 0.1763851195335277 0.040039 0.139941
0 0.1513675625 0.18075758600583092 0.06640599999999999 0.11078799999999998
0 0.301758125 0.7332360524781341 0.068359 0.08600599999999999
0 0.3066405625 0.15451886005830903 0.06542999999999999 0.10787200000000002
0 0.3535159375 0.18804648979591834 0.04492200000000002 0.123907
0 0.505859125 0.19241939358600585 0.06738300000000003 0.134111
0 0.55468725 0.4897961195335277 0.07128900000000005 0.13994099999999993
0 0.7119145625 0.29446103790087463 0.06542900000000007 0.11953299999999996
0 0.714843875 0.16180748979591836 0.05957000000000001 0.12390699999999998
0 0.7949216875 0.785714667638484 0.06835999999999998 0.132653
0 0.89941375 0.2682211341107872 0.055663999999999936 0.10495699999999998
0 0.907226875 0.15743468221574344 0.05957000000000001 0.10058300000000002
