0 0.6041015625 0.503958 0.09687499999999993 0.1574999999999999
0 0.268671875 0.35119825 0.09125 0.16500000000000004
0 0.3436328125 0.28369791666666666 0.07250000000000001 0.12416699999999999
0 0.3571875 0.4697395833333333 0.08000000000000002 0.175833
0 0.4247265625 0.25458366666666665 0.06624999999999998 0.1475
0 0.494296875 0.29802049999999997 0.05937500000000001 0.10999999999999999
0 0.5075390625 0.7546878333333332 0.08187499999999992 0.15333300000000008
0 0.5135546875 0.4426565833333333 0.06999999999999995 0.11333300000000006
0 0.591171875 0.2993753333333333 0.059374999999999956 0.13750000000000004
0 0.6321484375 0.20786458333333335 0.0618749999999999 0.08083299999999997
0 0.70953125 0.476667 0.07125000000000004 0.125833
0 0.8671875 0.431667 0.07999999999999996 0.12583299999999994
