0 0.1378691752988048 0.7651953125 0.02295899999999999 0.02562500000000001
0 0.15006520717131472 0.578046875 0.026148000000000022 0.02750000000000008
0 0.18996422310756975 0.6951953125 0.02933700000000001 0.02562500000000001
0 0.20631012749003985 0.526875 0.017219000000000012 0.03249999999999997
0 0.2353671434262948 0.6716015625 0.019133000000000025 0.03374999999999995
0 0.24748414342629482 0.857109375 0.019133000000000025 0.01187500000000008
0 0.2544211115537849 0.83734375 0.015305999999999993 0.023749999999999938
0 0.34406254581673307 0.27425781250000003 0.19324 0.22874999999999998
0 0.26358620717131476 0.6097265625 0.026147999999999935 0.03437499999999993
0 0.2664600796812749 0.7958203125 0.010204000000000015 0.02562500000000001
0 0.27263612749003985 0.7781640625 0.01594399999999998 0.018749999999999933
0 0.2837142231075697 0.8759375 0.028061999999999976 0.01749999999999996
0 0.29555223904382466 0.760546875 0.03125 0.02750000000000008
0 0.29220617529880477 0.039921874999999996 0.02232099999999999 0.02875
0 0.29774522310756973 0.5190234375 0.028060999999999954 0.02937499999999993
0 0.30978419123505974 0.8638671875 0.02423400000000001 0.021874999999999978
0 0.3301131593625498 0.8550390625 0.02104599999999993 0.018750000000000044
0 0.3369282071713147 0.6797265625 0.026147999999999994 0.034375000000000044
0 0.35386722310756974 0.5575 0.02933699999999998 0.03125
0 0.36718219123505974 0.8194921875 0.024234000000000065 0.021874999999999978
0 0.3863141912350597 0.7159765625 0.024234999999999975 0.034375000000000044
0 0.40225819123505974 0.8925390625 0.02423500000000003 0.018749999999999933
0 0.4053681593625498 0.4621484375 0.021046000000000044 0.029374999999999984
0 0.41146617529880475 0.7425390625 0.022959000000000004 0.018749999999999933
0 0.41932012749003983 0.84609375 0.017218999999999984 0.02375000000000005
0 0.4244221274900399 0.7703125 0.017218999999999984 0.016875000000000084
0 0.4355002231075697 0.6203515625 0.02806100000000001 0.03374999999999995
0 0.44662120717131476 0.92109375 0.026147999999999994 0.023749999999999938
0 0.4686632231075697 0.7625390625 0.02933699999999998 0.018749999999999933
0 0.4655971434262948 0.559453125 0.019131999999999944 0.036250000000000004
0 0.4898311434262948 0.6983984375 0.019133000000000025 0.02937500000000004
0 0.4987601434262948 0.4716015625 0.019132999999999966 0.03437499999999999
0 0.5111571274900397 0.7909375 0.01594399999999998 0.016875000000000084
0 0.6279503227091634 0.4164453125 0.16581599999999994 0.18250000000000005
