0 0.0266796875 0.9461883556851312 0.006874999999999999 0.01960700000000008
0 0.0623828125 0.960307807580175 0.011250000000000003 0.023342999999999947
0 0.08390625 0.9532480816326531 0.008124999999999993 0.02147500000000001
0 0.1229296875 0.9457780816326531 0.007500000000000007 0.02147500000000001
0 0.1435546875 0.9536573556851311 0.0062500000000000056 0.017741000000000066
0 0.3211328125 0.949513081632653 0.011250000000000038 0.02147500000000001
0 0.408671875 0.7695845189504373 0.028124999999999956 0.059756999999999956
0 0.412109375 0.5754394373177842 0.011875000000000024 0.03828200000000003
0 0.416015625 0.40883016326530613 0.020625000000000004 0.04201700000000002
0 0.47515625 0.9049909037900875 0.00874999999999998 0.013072000000000026
0 0.4858203125 0.5911320670553936 0.026874999999999982 0.05322100000000011
0 0.48890625 0.9124599037900875 0.008124999999999993 0.014005999999999994
0 0.5044921875 0.39721588921282797 0.02312499999999995 0.04575200000000001
0 0.54265625 0.9316586297376094 0.008125000000000049 0.014938999999999834
0 0.559375 0.7546445189504374 0.0318750000000001 0.058824000000000036
0 0.56828125 0.9345740816326531 0.008125000000000049 0.02054099999999988
0 0.5786328125 0.9238938075801749 0.010000000000000009 0.023341999999999984
0 0.6151953125 0.41775788921282797 0.026874999999999982 0.04388399999999999
0 0.60703125 0.9443203556851312 0.008749999999999925 0.01960800000000004
0 0.623203125 0.9161949037900874 0.0050000000000000044 0.014006000000000159
0 0.6377734375 0.5636447930029155 0.030625000000000013 0.05695600000000002
0 0.62890625 0.9399471778425657 0.008750000000000036 0.009336999999999953
0 0.654921875 0.7562836151603497 0.028125000000000067 0.04761900000000015
0 0.6848828125 0.9279236297376093 0.009999999999999898 0.016806999999999933
0 0.7098046875 0.9176526297376092 0.007499999999999951 0.015873000000000134
0 0.8155078125 0.9008456297376093 0.011249999999999982 0.016806999999999933
0 0.8635546875 0.8877746297376092 0.006249999999999978 0.014939000000000166
