0 0.0516796875 0.39198627007299275 0.006249999999999999 0.014940000000000009
0 0.075859375 0.38101868613138684 0.011874999999999997 0.028012000000000085
0 0.1273046875 0.3830574160583942 0.007499999999999993 0.013070999999999946
0 0.1392578125 0.3837019781021898 0.010000000000000009 0.02054099999999995
0 0.1524609375 0.37302383211678836 0.014374999999999999 0.025209999999999937
0 0.175859375 0.3729051240875913 0.011874999999999997 0.01867399999999994
0 0.2098828125 0.38906656204379564 0.01125000000000001 0.011205000000000027
0 0.2430078125 0.3897111240875913 0.01125000000000001 0.01867499999999999
0 0.269375 0.3746013941605839 0.03125 0.03267999999999999
0 0.3021484375 0.42805981021897815 0.02937500000000004 0.04388499999999997
0 0.304375 0.4347812043795621 0.03187499999999999 0.07656399999999995
0 0.3087890625 0.4615551021897811 0.018125000000000002 0.038281999999999976
0 0.3107421875 0.36923681021897814 0.023125000000000007 0.043883999999999965
0 0.3481640625 0.3832938321167883 0.01937500000000003 0.026143999999999987
0 0.3855078125 0.3699854160583942 0.010000000000000009 0.014004999999999953
0 0.3973046875 0.3839904160583942 0.006250000000000033 0.013071999999999993
0 0.41640625 0.3724969781021898 0.008750000000000036 0.021476000000000006
0 0.4348828125 0.37984827007299266 0.010624999999999996 0.014939000000000003
0 0.4460546875 0.37331227007299267 0.006250000000000033 0.01587300000000001
0 0.4771484375 0.35341583211678834 0.029374999999999984 0.026142999999999982
0 0.4788671875 0.36270081021897815 0.021874999999999978 0.04481799999999993
0 0.49203125 0.38609483211678836 0.008750000000000036 0.02427700000000002
0 0.50828125 0.33567483211678834 0.009375000000000022 0.02521000000000002
0 0.5293359375 0.38382068613138687 0.014375000000000027 0.028011000000000036
0 0.5948046875 0.38877812408759127 0.007499999999999951 0.018674000000000024
0 0.6162109375 0.3766391240875912 0.014375000000000027 0.017740999999999982
0 0.6448046875 0.38247854014598537 0.007500000000000062 0.03081300000000006
0 0.806796875 0.6865347153284671 0.15375000000000005 0.26610700000000004
0 0.85015625 0.4532708102189781 0.03937500000000005 0.045751000000000056
0 0.85 0.44288110218978105 0.03187499999999999 0.038281999999999976
0 0.9473046875 0.3729051240875913 0.007500000000000062 0.017739999999999933
