0 0.0093359375 0.3702600833333333 0.01375 0.035834
0 0.0523046875 0.7246871666666667 0.10062499999999999 0.19499999999999998
0 0.064609375 0.3259899166666667 0.011874999999999997 0.029165999999999987
0 0.090859375 0.4235416666666667 0.04375 0.05333299999999993
0 0.1007421875 0.3391663333333333 0.021875000000000006 0.04333400000000006
0 0.1716015625 0.3589059166666666 0.06562499999999999 0.09166700000000005
0 0.2298046875 0.2988538333333333 0.0062500000000000056 0.02749999999999997
0 0.2630078125 0.3680211666666667 0.04125000000000001 0.06833299999999998
0 0.2624609375 0.31088575 0.013749999999999984 0.025832999999999995
0 0.3705078125 0.4953649166666667 0.073125 0.12333299999999991
0 0.355234375 0.30588575 0.013124999999999998 0.025832999999999995
0 0.4114453125 0.3288024166666667 0.02562500000000001 0.04666599999999995
0 0.4839453125 0.3646875 0.05812500000000004 0.11000000000000003
0 0.5410546875 0.40515624999999994 0.03750000000000009 0.07250000000000008
0 0.5380078125 0.3016145833333333 0.010000000000000009 0.019167000000000045
0 0.59625 0.32432325 0.03125 0.07250000000000001
0 0.6048828125 0.27135383333333335 0.010624999999999996 0.027500000000000007
0 0.6226171875 0.3390107500000001 0.023125000000000062 0.056665999999999994
0 0.6575 0.3406767499999999 0.03312500000000007 0.05500000000000005
0 0.6505078125 0.26874966666666666 0.011249999999999982 0.022500000000000003
0 0.6862890625 0.2941663333333333 0.01937500000000003 0.043333999999999984
0 0.757265625 0.27526008333333335 0.020624999999999893 0.035834
0 0.874375 0.3057809166666667 0.03312499999999996 0.05999999999999998
0 0.9398828125 0.2676559166666666 0.011249999999999982 0.030834000000000028
