0 0.47257812499999996 0.5036323127753304 0.5675 0.38005700000000003
0 0.2246484375 0.3899441497797357 0.061874999999999986 0.09971799999999997
0 0.2798046875 0.3855388634361233 0.03812500000000002 0.08842899999999995
0 0.329140625 0.6219384375917768 0.083125 0.12794
0 0.3690625 0.34508786343612335 0.04874999999999996 0.09031000000000002
0 0.4115625 0.642703436123348 0.048750000000000016 0.10630299999999998
0 0.4460546875 0.3909541483113069 0.03750000000000003 0.07713999999999996
0 0.4921875 0.6047298634361233 0.04749999999999999 0.0893700000000001
0 0.5204296875 0.39136771953010285 0.03750000000000009 0.07525799999999996
0 0.5905078125 0.6159040058737151 0.04250000000000009 0.08466600000000003
0 0.592734375 0.41353214831130686 0.043749999999999956 0.07713999999999996
0 0.62640625 0.49067214831130684 0.039999999999999925 0.07714000000000006
0 0.7243359375 0.6177860058737151 0.04625000000000001 0.08278399999999998
0 0.736484375 0.4081168634361234 0.04312500000000008 0.08842899999999995
0 0.8268359375 0.49422957268722467 0.015000000000000013 0.019755000000000057
0 0.8687109375 0.4510704302496329 0.014375000000000027 0.025398999999999994
0 0.91234375 0.5082715741556535 0.024375000000000036 0.040450999999999966
0 0.9163671875 0.500103287812041 0.021874999999999978 0.031043999999999995
0 0.955234375 0.4552460014684288 0.012500000000000067 0.02163700000000002
0 0.9684375 0.48817200146842876 0.016875000000000084 0.021636999999999938
