0 0.0556640625 0.16987064705882352 0.080625 0.138418
0 0.1576171875 0.2573254705882353 0.05374999999999999 0.132768
0 0.1772265625 0.3093468235294118 0.06562500000000002 0.14689300000000002
0 0.379921875 0.3189961764705882 0.08999999999999997 0.15725
0 0.4528125 0.2413290588235294 0.04749999999999999 0.08662899999999997
0 0.4660546875 0.29929664705882353 0.038124999999999964 0.09039500000000002
0 0.571796875 0.2993383529411765 0.06000000000000005 0.16195799999999996
0 0.6341796875 0.3154092352941177 0.038125000000000075 0.141243
0 0.6922265625 0.3215355294117647 0.03437499999999993 0.11770199999999997
0 0.825234375 0.31210794117647056 0.2931250000000001 0.167608
0 0.7223046875 0.34843011764705883 0.038124999999999964 0.12335200000000003
0 0.7653125 0.2383984705882353 0.0475000000000001 0.03484000000000002
0 0.76171875 0.34855688235294113 0.024375000000000036 0.08097900000000004
0 0.8360546875 0.3401990588235294 0.03874999999999995 0.08662900000000005
0 0.873125 0.31330447058823524 0.03187499999999999 0.08286300000000002
0 0.9068359375 0.24033476470588236 0.04625000000000001 0.061204999999999975
0 0.9523828125 0.32637129411764704 0.04249999999999998 0.07721200000000002
