0 0.1816015625 0.3863949633967789 0.03437499999999999 0.06754299999999999
0 0.255 0.41483557686676426 0.033125000000000016 0.06003800000000004
0 0.2739453125 0.3454175768667643 0.026875000000000038 0.06003799999999996
0 0.349140625 0.3348269019033675 0.020625000000000004 0.02063800000000004
0 0.3575 0.384291448023426 0.033125000000000016 0.058161
0 0.415 0.48402606149341143 0.03250000000000003 0.04971899999999992
0 0.423671875 0.4093919326500732 0.02812500000000001 0.04596600000000004
0 0.4558203125 0.3740867057101025 0.02562500000000001 0.06378900000000005
0 0.4963671875 0.3151710614934114 0.023125000000000062 0.04784200000000004
0 0.5115234375 0.40252731918008783 0.029374999999999984 0.05534700000000003
0 0.5551171875 0.33768506149341143 0.02312499999999995 0.048779999999999976
0 0.60109375 0.4212883191800878 0.024375000000000036 0.05347099999999999
0 0.6070703125 0.3017394480234261 0.02562500000000001 0.05816199999999997
0 0.638125 0.35088815959004394 0.03187499999999999 0.029081000000000006
0 0.6976953125 0.3767864480234261 0.025624999999999898 0.05816100000000004
0 0.7133203125 0.3044401903367497 0.026874999999999982 0.052532999999999976
0 0.7608203125 0.3427879326500732 0.02562500000000001 0.04409000000000001
