0 0.030078125 0.16908351537335287 0.005000000000000001 0.014071000000000007
0 0.058203125 0.17940251537335286 0.0049999999999999975 0.013133000000000011
0 0.07765625 0.17242364421669107 0.008125000000000007 0.015947999999999993
0 0.152890625 0.15974667496339678 0.020625000000000004 0.038460999999999995
0 0.200546875 0.3727098960468521 0.05875 0.11350900000000004
0 0.1960546875 0.17658851537335285 0.007500000000000007 0.014071000000000007
0 0.19953125 0.2278849019033675 0.008750000000000008 0.020638
0 0.2168359375 0.2324616442166911 0.015000000000000013 0.015008999999999963
0 0.2743359375 0.23644215959004392 0.013749999999999984 0.027204
0 0.2773828125 0.17640415959004394 0.010624999999999996 0.02720499999999999
0 0.6910546875 0.1287637364568082 0.038124999999999964 0.087242
