0 0.09671874999999999 0.3634873133235725 0.0875 0.14540299999999995
0 0.3090625 0.3506077672035139 0.046875 0.10975599999999999
0 0.423046875 0.48306212298682283 0.02812500000000001 0.09662300000000003
0 0.56265625 0.46677234992679356 0.03937500000000005 0.07879999999999993
0 0.5738671875 0.569181767203514 0.023125000000000062 0.10975599999999991
0 0.5814453125 0.48599038067349926 0.02562500000000001 0.10225200000000002
0 0.7028515625 0.5132213191800878 0.03499999999999992 0.05347099999999999
0 0.7231640625 0.5972105095168374 0.018125000000000058 0.10412799999999997
0 0.7340625 0.6083532518301611 0.016250000000000098 0.09943800000000001
0 0.8389453125 0.8528966383601757 0.057499999999999996 0.10600299999999996
0 0.8270703125 0.5512003499267936 0.02562500000000001 0.07879900000000004
0 0.9062109375 0.6534955095168374 0.04625000000000001 0.10318999999999999
0 0.9289453125 0.5282744787701318 0.057499999999999996 0.08067499999999998
0 0.9915625 0.6691448960468522 0.015625 0.11350899999999996
