0 0.04109375 0.36880175 0.05562500000000001 0.08833400000000007
0 0.1249609375 0.40359341666666665 0.04562500000000001 0.07583399999999996
0 0.14140625 0.2786458333333333 0.039999999999999994 0.058333000000000045
0 0.199609375 0.8267705 0.136875 0.17250000000000001
0 0.2223046875 0.25744791666666667 0.03875000000000001 0.060833000000000026
0 0.2983984375 0.41546875 0.060624999999999984 0.08750000000000006
0 0.34203125 0.2827604166666667 0.03999999999999998 0.075833
0 0.5044140625 0.27666666666666667 0.050000000000000044 0.08416699999999999
0 0.6 0.4788545 0.0625 0.11166599999999997
0 0.74671875 0.2944791666666667 0.055625000000000036 0.10083299999999999
0 0.839140625 0.15723958333333335 0.020625000000000004 0.04999999999999999
