0 0.2296875 0.54432325 0.048750000000000016 0.07083299999999992
0 0.236875 0.7659375 0.03249999999999997 0.04833299999999996
0 0.35390625 0.209583 0.04062500000000002 0.06499999999999999
0 0.3553515625 0.7216663333333333 0.03500000000000003 0.041667000000000044
0 0.398984375 0.3747913333333333 0.04375000000000001 0.07416699999999994
0 0.4629296875 0.4167705 0.03875000000000001 0.04833399999999995
0 0.511953125 0.4954684166666667 0.036250000000000004 0.046667000000000014
0 0.5429296875 0.37458300000000005 0.03749999999999998 0.0625
0 0.6653515625 0.3907809166666667 0.03437499999999993 0.06166699999999999
0 0.778125 0.43963541666666667 0.0318750000000001 0.046667000000000014
0 0.8886328125 0.4208850833333333 0.04125000000000001 0.06583400000000002
