0 0.1630859375 0.40703125 0.014374999999999999 0.03999999999999996
0 0.177734375 0.482292 0.013124999999999998 0.03250000000000005
0 0.1888671875 0.3785940833333334 0.022499999999999992 0.03416599999999992
0 0.2298828125 0.3131774166666667 0.009999999999999981 0.013332999999999965
0 0.2859375 0.33265591666666666 0.017500000000000016 0.030000000000000027
0 0.2949609375 0.2403125 0.014374999999999971 0.015832999999999986
0 0.36125 0.19390658333333333 0.03249999999999997 0.05000000000000001
0 0.3959765625 0.9466149166666668 0.03437499999999999 0.05999999999999991
0 0.4299609375 0.5277600833333334 0.07625000000000004 0.16
0 0.4406640625 0.09765591666666668 0.019374999999999976 0.029167
0 0.4453125 0.19036425 0.016874999999999973 0.03999999999999996
0 0.4623046875 0.8728124999999999 0.007500000000000007 0.01583300000000006
0 0.49765625 0.1044795 0.008749999999999925 0.015833000000000003
0 0.505234375 0.8429166666666666 0.013124999999999942 0.022499999999999964
0 0.508984375 0.021614583333333336 0.011874999999999969 0.020833
0 0.5151171875 0.025885750000000003 0.021874999999999978 0.024165999999999993
0 0.5616796875 0.04578158333333333 0.006249999999999978 0.020833000000000008
0 0.5816796875 0.7639062500000001 0.006249999999999978 0.008332999999999924
0 0.6161328125 0.7493753333333334 0.010000000000000009 0.010833000000000018
0 0.6882421875 0.6865621666666666 0.021874999999999978 0.036667000000000005
0 0.8504296875 0.5024475833333334 0.007499999999999951 0.018333999999999923
0 0.875078125 0.4801041666666666 0.005624999999999991 0.006667000000000052
