0 0.1568410625 0.14080075659824048 0.018182000000000004 0.031208999999999976
0 0.2372814375 0.25710715542521995 0.12467500000000001 0.24707400000000004
0 0.3402304375 0.24574175073313784 0.06233700000000003 0.11703499999999996
0 0.36407925 0.12519575659824048 0.009523999999999977 0.029908999999999995
0 0.3839226875 0.21987282111436948 0.03896099999999997 0.09492800000000003
0 0.4451635 0.41393012316715544 0.10995700000000003 0.21586500000000006
0 0.46799575 0.20454596187683285 0.024241999999999986 0.054617000000000006
0 0.5095046875 0.27257812903225803 0.06839799999999996 0.13003900000000002
0 0.5276046875 0.16517620527859236 0.00779300000000005 0.024707000000000014
0 0.5522909375 0.1539700322580645 0.013851999999999975 0.03251000000000002
0 0.5841643125 0.2509427507331378 0.05800899999999998 0.117035
