0 0.1714453125 0.40395833333333336 0.02687500000000001 0.07416699999999994
0 0.2566015625 0.4129163333333334 0.03500000000000003 0.106667
0 0.33578125 0.39598925 0.040000000000000036 0.07250000000000001
0 0.370390625 0.605625 0.08375000000000005 0.15833299999999997
0 0.40578125 0.43890625 0.07187500000000002 0.135
0 0.450078125 0.5968753333333333 0.0675 0.13666599999999995
0 0.5161328125 0.4067711666666667 0.07374999999999998 0.13249999999999998
0 0.5463671875 0.3164065833333333 0.02312499999999995 0.05000000000000001
0 0.6290234375 0.387083 0.030000000000000027 0.063334
0 0.6619140625 0.5266666666666667 0.05062500000000003 0.08416699999999995
0 0.74265625 0.4976562500000001 0.040000000000000036 0.07249999999999994
0 0.8794921875 0.3615621666666667 0.022499999999999964 0.036667000000000005
0 0.9184375 0.5327604166666666 0.04749999999999999 0.07583300000000011
0 0.9737890625 0.6517711666666667 0.050000000000000044 0.1308329999999999
