0 0.0048828125 0.3450003333333333 0.01125 0.04333300000000003
0 0.041484375 0.34052083333333333 0.011875000000000004 0.02749999999999997
0 0.0566796875 0.28406216666666667 0.006249999999999999 0.03750000000000001
0 0.0990234375 0.33687466666666666 0.03 0.05333399999999996
0 0.2193359375 0.34296841666666666 0.014374999999999999 0.045000000000000005
0 0.2772265625 0.3067708333333334 0.03437499999999999 0.09083299999999994
0 0.3325 0.2528128333333333 0.03249999999999997 0.05833299999999997
0 0.3457421875 0.3794274166666667 0.022499999999999964 0.07583299999999997
0 0.4173046875 0.29817675 0.03750000000000003 0.05666700000000002
0 0.4519921875 0.057292 0.021875000000000033 0.0325
0 0.4713671875 0.11119825 0.021874999999999978 0.040000000000000015
0 0.4978515625 0.27942741666666665 0.03375 0.07749999999999997
0 0.4987890625 0.060625000000000005 0.01937500000000003 0.033333
0 0.5784375 0.30802083333333335 0.01749999999999996 0.027500000000000007
0 0.7630859375 0.157292 0.014375000000000027 0.03250000000000001
0 0.8399609375 0.800833 0.13937500000000003 0.25083399999999995
0 0.8138671875 0.12942708333333333 0.023125000000000062 0.03583299999999998
