0 0.034648437500000004 0.5461685768667642 0.030000000000000002 0.05909900000000001
0 0.1175390625 0.5663937057101025 0.01937499999999999 0.06379000000000003
0 0.2020703125 0.5252060248901903 0.02562500000000001 0.11538499999999999
0 0.3337890625 0.512239159590044 0.019374999999999976 0.029081000000000006
0 0.4187890625 0.4819225461200586 0.018750000000000044 0.03658499999999998
0 0.4484375 0.5061982884333821 0.01687500000000003 0.03095700000000004
0 0.479296875 0.6749313133235724 0.06 0.14352800000000002
0 0.5815625 0.5488241595900439 0.016874999999999973 0.027205000000000052
0 0.6071875 0.5088990307467057 0.015625 0.025328000000000045
0 0.635859375 0.5134747730600292 0.011874999999999969 0.017824000000000072
0 0.6555078125 0.5107750307467057 0.010000000000000009 0.02345200000000001
0 0.6823828125 0.5252579019033676 0.010624999999999996 0.022513999999999867
0 0.7326953125 0.5339725768667642 0.026874999999999982 0.06003800000000004
