0 0.0078125 0.38242751824817517 0.015625 0.05135400000000001
0 0.08515625 0.4199609124087591 0.039999999999999994 0.08216599999999998
0 0.153828125 0.46279320437956206 0.03687499999999999 0.07656399999999995
0 0.1628515625 0.40828208029197083 0.035 0.058824000000000015
0 0.235234375 0.4408433722627737 0.013124999999999998 0.05415500000000002
0 0.258125 0.4400947664233576 0.033125000000000016 0.08590100000000005
0 0.2875 0.5881986423357665 0.033125000000000016 0.06722700000000002
0 0.3166015625 0.43320364233576647 0.03500000000000003 0.06909399999999999
0 0.39140625 0.43547778832116796 0.03999999999999998 0.06535999999999997
0 0.501171875 0.5657896423357665 0.02812500000000001 0.06816099999999986
0 0.5285546875 0.7495225547445254 0.03874999999999995 0.1512610000000001
0 0.5653515625 0.47878491240875914 0.034375000000000044 0.08403300000000002
0 0.6310546875 0.5486942043795621 0.03749999999999998 0.078431
0 0.73453125 0.6400264744525548 0.040000000000000036 0.09056999999999994
0 0.8249609375 0.38471732846715334 0.04500000000000004 0.09617200000000002
