0 0.0516015625 0.2810940833333333 0.03375 0.035833000000000004
0 0.0666796875 0.5087499999999999 0.03874999999999999 0.06416700000000009
0 0.10125 0.4057809166666666 0.03187499999999999 0.06083400000000013
0 0.1440234375 0.30937466666666663 0.029375000000000012 0.05333399999999999
0 0.17734375 0.40875 0.024375000000000008 0.0625
0 0.2595703125 0.3180725833333333 0.02562500000000001 0.051666999999999984
0 0.260546875 0.43963541666666667 0.02812500000000001 0.046667000000000014
0 0.34234375 0.4179169999999999 0.025000000000000022 0.06500000000000002
0 0.351171875 0.3180725833333333 0.028124999999999956 0.051666999999999984
0 0.4276953125 0.41864583333333333 0.026875000000000038 0.058333000000000045
0 0.4558203125 0.28682325 0.02562500000000001 0.07083300000000003
0 0.5290234375 0.4266149166666667 0.02937499999999993 0.06166599999999992
0 0.53484375 0.31494791666666666 0.024375000000000036 0.06166699999999999
0 0.6077734375 0.4193746666666667 0.030000000000000027 0.05333399999999999
0 0.6540234375 0.30375 0.030000000000000027 0.0625
0 0.661875 0.4640107500000001 0.03187499999999999 0.05666599999999996
0 0.716328125 0.45875 0.036250000000000004 0.0625
0 0.76625 0.32328091666666664 0.03249999999999997 0.06166699999999999
0 0.85390625 0.3085934166666667 0.040000000000000036 0.07750000000000001
