0 0.080078125 0.11160058737151249 0.161875 0.225776
0 0.2574609375 0.853910005873715 0.07687500000000003 0.08466600000000003
0 0.3509375 0.9288702922173275 0.14249999999999996 0.09313299999999988
0 0.3336328125 0.13757529515418504 0.073125 0.133584
0 0.362578125 0.3014702907488987 0.06812500000000005 0.07149499999999996
0 0.4177734375 0.047472290748898686 0.06124999999999997 0.073377
0 0.428046875 0.8381008619676946 0.058750000000000024 0.06773299999999982
0 0.445625 0.5104961468428781 0.06375000000000003 0.056443999999999966
0 0.447890625 0.29371457562408226 0.05249999999999999 0.06020699999999996
0 0.4587890625 0.1824788604992658 0.04999999999999999 0.04985900000000001
0 0.4599609375 0.683063718061674 0.04562500000000003 0.055503000000000025
0 0.47046875 0.3375160044052863 0.055625000000000036 0.06397000000000004
