0 0.7282815833333333 0.6457421875 0.020832999999999952 0.021874999999999978
0 0.73088575 0.525625 0.02500000000000006 0.03249999999999997
0 0.7428125 0.576015625 0.015832999999999913 0.020625000000000004
0 0.7595836666666668 0.433828125 0.022499999999999964 0.03562500000000002
0 0.7834899166666668 0.3470703125 0.029999999999999954 0.02562500000000001
0 0.7966145833333332 0.354921875 0.020832999999999952 0.028749999999999998
0 0.8266145833333334 0.65859375 0.018333000000000006 0.02375000000000005
0 0.8611455 0.3588671875 0.016666999999999987 0.021874999999999978
0 0.9266145833333334 0.6734375 0.020832999999999952 0.016874999999999973
0 0.9373434166666668 0.3670703125 0.014166999999999893 0.02562500000000001
0 0.9568753333333334 0.3659375 0.011665999999999954 0.016874999999999973
0 0.9817187500000001 0.346171875 0.02499999999999991 0.028749999999999998
