0 0.1712109375 0.3157585710102489 0.10750000000000001 0.15197000000000002
0 0.2312890625 0.3145748345534407 0.018125000000000002 0.066604
0 0.382734375 0.18639860761347 0.04312499999999997 0.08442799999999999
0 0.492734375 0.26414634992679353 0.04375000000000001 0.078799
0 0.5758984375 0.26020999414348467 0.030625000000000013 0.091932
0 0.6841796875 0.2956025402635432 0.06937499999999996 0.128518
0 0.7437109375 0.2194159633967789 0.04625000000000001 0.06941800000000005
0 0.81640625 0.2660405710102489 0.07062500000000005 0.15196999999999997
0 0.9583203125 0.2338556749633968 0.026874999999999982 0.038460999999999974
0 0.9915625 0.28127708638360177 0.015625 0.16228899999999996
