0 0.1124643125 0.20095462084765178 0.089814 0.13029299999999996
0 0.1610168125 0.5087668991981672 0.10370400000000002 0.150922
0 0.3030020625 0.16174667010309277 0.08148099999999997 0.12377900000000001
0 0.3671944375 0.5390489484536083 0.09351899999999996 0.14440799999999998
0 0.44348925 0.3135167686139748 0.071297 0.115093
0 0.5696185 0.3503138178694158 0.07962899999999995 0.110749
0 0.6285086875 0.4957963745704467 0.10092599999999996 0.15309500000000004
0 0.75130175 0.4671490469644902 0.08703700000000003 0.13572200000000004
0 0.860141375 0.5299936529209622 0.10555599999999998 0.173724
0 0.883087125 0.3477735223367697 0.09814800000000001 0.13789300000000002
