0 0.0234375 0.24109734992679355 0.048485 0.07727300000000004
0 0.093469875 0.14489341727672037 0.029293 0.03484799999999999
0 0.1587619375 0.6758284729136164 0.10807999999999998 0.17121199999999998
0 0.1339741875 0.11161128843338212 0.022223000000000007 0.030303000000000004
0 0.1984195625 0.31297267496339676 0.033334 0.04090899999999999
0 0.239058625 0.22489019033674962 0.020201999999999998 0.05151499999999999
0 0.2633340625 0.12984415959004394 0.018181999999999976 0.028787999999999984
0 0.3078125 0.08004764421669107 0.01616200000000001 0.016667
0 0.3739759375 0.39746457686676423 0.04646499999999998 0.06060600000000001
0 0.3704050625 0.17373228843338215 0.01818200000000003 0.031818000000000006
0 0.4017515 0.16489664421669106 0.01717200000000002 0.015150999999999986
0 0.4290245 0.11620715959004392 0.01717200000000002 0.027273000000000002
0 0.4452199375 0.10105615959004392 0.014141000000000015 0.028788000000000015
0 0.475154125 0.35927934992679356 0.036363000000000034 0.077273
0 0.4693950625 0.1268131595900439 0.019191999999999987 0.028788000000000005
0 0.475422625 0.1752981595900439 0.02121200000000001 0.028788000000000025
0 0.4886205 0.15105615959004393 0.017171999999999965 0.027273000000000002
0 0.499798375 0.09514877306002929 0.012121999999999966 0.018181
0 0.5250179375 0.11615628843338213 0.015150999999999915 0.030302999999999983
0 0.5401355 0.09045015959004392 0.01616200000000001 0.027272000000000008
0 0.5421220625 0.18736828843338213 0.01818200000000003 0.030303000000000004
0 0.5523578125 0.11029977306002928 0.010100999999999916 0.019697000000000003
0 0.5775429375 0.1056520307467057 0.01414100000000007 0.024243
0 0.596768375 0.12378315959004392 0.012120999999999937 0.027273000000000002
0 0.6088225 0.09807703074670572 0.017171999999999965 0.024241999999999996
0 0.66121375 0.2550405768667643 0.02525199999999994 0.05909000000000002
0 0.791181375 0.3002392210834553 0.043434000000000084 0.07424300000000003
0 0.850979 0.2883735768667643 0.03232299999999999 0.05909099999999999
0 0.8971449375 0.8090597306002929 0.10808099999999998 0.17727300000000004
0 0.8867715625 0.5160384114202049 0.06464700000000001 0.125758
0 0.9138735 0.33236344802342604 0.01616099999999998 0.056060999999999986
0 0.9407766875 0.38993944802342617 0.03737400000000002 0.05757599999999997
