0 0.2109371875 0.45049495049504956 0.052734999999999976 0.10230999999999997
0 0.2333988125 0.2953794752475248 0.011718000000000006 0.05115500000000001
0 0.25097674999999997 0.2838279702970297 0.02441400000000002 0.06105699999999999
0 0.336913875 0.35808596039603957 0.027344000000000035 0.08250800000000003
0 0.3583985625 0.2838286303630363 0.035155999999999965 0.07425700000000005
0 0.457031 0.48019797029702965 0.03125 0.05940600000000013
0 0.4648436875 0.5396044752475248 0.03808600000000001 0.052804999999999956
0 0.5253903125 0.46699643564356436 0.05664099999999994 0.13201300000000005
0 0.67382775 0.18316831683168316 0.14941400000000005 0.367987
0 0.80664025 0.4257427062706271 0.13281300000000007 0.25577500000000003
