0 0.009765625 0.6244831195335278 0.02125 0.13992500000000005
0 0.017578125 0.4492239562682216 0.03625 0.09888099999999997
0 0.111796875 0.4548209562682216 0.05874999999999998 0.09701500000000005
0 0.1859375 0.27647297084548106 0.04874999999999999 0.06529899999999998
0 0.2601953125 0.6821990524781341 0.026249999999999996 0.08582100000000005
0 0.3035546875 0.22470177842565597 0.03750000000000003 0.08955199999999999
0 0.4380078125 0.30259197084548106 0.04250000000000004 0.06529899999999998
0 0.5056640625 0.7666823935860059 0.04999999999999999 0.13432799999999998
0 0.549375 0.3077816967930029 0.03125 0.06903
0 0.601328125 0.34801014868804664 0.036250000000000004 0.07462699999999999
0 0.7100390625 0.3309257113702624 0.018749999999999933 0.03731300000000001
0 0.738125 0.29991042274052476 0.03249999999999997 0.07089599999999997
0 0.7903125 0.9053240379008746 0.07874999999999999 0.11753700000000009
0 0.844375 0.3363483411078717 0.03249999999999997 0.05037300000000001
0 0.86546875 0.7234779562682215 0.025000000000000022 0.09888099999999997
