0 0.052421875 0.07941344802342606 0.028125000000000004 0.056285
0 0.2271484375 0.26155114787701317 0.12437499999999999 0.20825600000000002
0 0.2224609375 0.032210834553440704 0.044999999999999984 0.065666
0 0.38796875 0.9055428960468522 0.05625000000000002 0.11350900000000004
0 0.5384375 0.13524241727672034 0.015625 0.032832999999999994
0 0.59359375 0.1444390614934114 0.024374999999999925 0.049719000000000006
0 0.72546875 0.1921773074670571 0.14875000000000005 0.236398
0 0.8207421875 0.16473528843338214 0.021874999999999978 0.030957
0 0.9164453125 0.13130606149341142 0.025624999999999898 0.04971799999999999
0 0.981328125 0.15633644802342606 0.03562500000000002 0.05816100000000002
