0 0.2196979375 0.2599876666666667 0.014147999999999994 0.022298999999999996
0 0.2800538125 0.17998925 0.104823 0.196398
0 0.3316663125 0.249946 0.02700999999999998 0.063465
0 0.41419525 0.23981758333333333 0.008361000000000007 0.018867999999999996
0 0.509254 0.18376983333333333 0.094534 0.184391
0 0.6216269375 0.27253325 0.015434000000000059 0.03945099999999998
0 0.760677875 0.22303383333333335 0.09067500000000006 0.15351599999999999
0 0.8351791875 0.2430226666666667 0.023151000000000033 0.05317299999999999
0 0.8734075 0.2737096666666667 0.016719999999999957 0.022298999999999996
0 0.9078240625 0.25703291666666667 0.018006999999999995 0.029159999999999964
0 0.9785399375 0.2819360833333333 0.015433999999999948 0.03430500000000003
0 0.991711375 0.234321 0.0135050000000001 0.03259000000000001
