0 0.27921874999999996 0.246749642228739 0.08687500000000001 0.19043199999999996
0 0.30859375 0.604523706744868 0.11812499999999998 0.25328300000000004
0 0.4191796875 0.5842796099706745 0.09999999999999998 0.157598
0 0.453359375 0.06344275659824046 0.012500000000000011 0.030018999999999997
0 0.4510546875 0.05851665395894428 0.006249999999999978 0.017823000000000006
0 0.5275390625 0.7953019501466274 0.11249999999999999 0.22514100000000006
0 0.4884375 0.07405392961876832 0.016874999999999973 0.023452
0 0.535234375 0.09105748093841642 0.011874999999999969 0.027204999999999997
0 0.5862890625 0.6160560586510263 0.08187500000000003 0.15009400000000006
0 0.5555859375 0.09961903225806451 0.01375000000000004 0.03377100000000001
0 0.5541796875 0.09856248093841642 0.006249999999999978 0.029081
0 0.5953125 0.303444366568915 0.07937499999999997 0.18667999999999998
0 0.564609375 0.10178620527859238 0.013125000000000053 0.024391
0 0.5859375 0.10940975659824047 0.016874999999999973 0.03095700000000002
0 0.58578125 0.11116720527859238 0.008124999999999938 0.02626700000000001
0 0.6175390625 0.12066675659824048 0.01937500000000003 0.030957
0 0.6186328125 0.11532992961876833 0.010624999999999996 0.023452
0 0.664609375 0.06989120527859237 0.013125000000000053 0.025328999999999997
0 0.7096875 0.5529679560117302 0.078125 0.13789800000000005
0 0.6927734375 0.37296509677419354 0.030625000000000013 0.099437
0 0.6938671875 0.35091589149560115 0.023125000000000062 0.07504699999999999
0 0.695859375 0.08583920527859237 0.013125000000000053 0.02532800000000001
0 0.7430859375 0.3831739560117302 0.07687500000000003 0.13883700000000004
0 0.76953125 0.7930544750733138 0.07062500000000005 0.11163199999999997
0 0.7781640625 0.15766148093841642 0.018749999999999933 0.029081
0 0.781484375 0.15982965395894427 0.012499999999999956 0.019700000000000002
0 0.795234375 0.1428885835777126 0.013124999999999942 0.038461999999999975
0 0.795859375 0.14253392961876832 0.011874999999999969 0.020637999999999993
0 0.8262890625 0.26442985923753665 0.01937500000000003 0.042213999999999974
0 0.877734375 0.6242619560117303 0.07437500000000008 0.13977499999999998
0 0.9719921875 0.2693103020527859 0.053749999999999964 0.12289000000000004
