0 0.104765625 0.7051449774557166 0.020625000000000004 0.04231099999999998
0 0.1844140625 0.7185599774557165 0.019375000000000003 0.042312000000000016
0 0.2134375 0.6925117536231884 0.017499999999999988 0.029926999999999947
0 0.265625 0.774208119162641 0.03249999999999997 0.06501599999999999
0 0.3376171875 0.7371359774557166 0.02312499999999995 0.04437600000000003
0 0.3756640625 0.7048947536231884 0.019374999999999976 0.03199199999999999
0 0.3798828125 0.6040888357487924 0.010000000000000009 0.02063999999999996
0 0.41453125 0.6717471417069244 0.00874999999999998 0.02373599999999997
0 0.4358203125 0.7557119774557166 0.02562500000000001 0.042311999999999926
0 0.48640625 0.738791037037037 0.03999999999999998 0.07636800000000002
0 0.4901171875 0.6568454476650563 0.02312499999999995 0.027864000000000073
0 0.566328125 0.713321119162641 0.036250000000000004 0.06501499999999995
0 0.6614453125 0.6753415893719806 0.025624999999999898 0.04850300000000009
0 0.6813671875 0.7422959774557165 0.02312499999999995 0.04437600000000012
0 0.720859375 0.6743894476650564 0.013125000000000053 0.02683200000000007
0 0.7502734375 0.7212480370370371 0.030625000000000013 0.07430299999999997
0 0.9157421875 0.7316468953301127 0.02312499999999995 0.05263199999999996
