0 0.0271748125 0.8210122262773722 0.0425 0.057285000000000016
0 0.033958 0.5173660802919708 0.0325 0.061021999999999924
0 0.0876953125 0.4937050802919708 0.02583300000000001 0.058531000000000055
0 0.280078125 0.8795843503649634 0.035833000000000004 0.073475
0 0.349765625 0.33052495620437955 0.02083299999999999 0.042341000000000024
0 0.3886328125 0.4737327226277372 0.07250000000000001 0.127024
0 0.5928779375 0.4462462408759124 0.1091660000000001 0.17683699999999994
0 0.684504875 0.5293903722627737 0.029166999999999943 0.053548999999999985
0 0.796171875 0.822514204379562 0.02750000000000008 0.0772099999999999
0 0.8121484375 0.6236487883211679 0.030833 0.06600199999999998
