0 0.0341796875 0.8425677591240875 0.07 0.22595699999999994
0 0.126953125 0.37531364233576636 0.036250000000000004 0.06909400000000003
0 0.2815625 0.45795347445255474 0.04749999999999999 0.09150400000000004
0 0.34953125 0.36930349635036497 0.03937499999999999 0.070962
0 0.46265625 0.5293382846715329 0.070625 0.135387
0 0.516953125 0.3324813503649635 0.03562500000000002 0.07469699999999999
0 0.6126953125 0.7553256131386862 0.12062499999999998 0.227824
0 0.5937890625 0.38804418248175176 0.050000000000000044 0.09897299999999999
0 0.7217578125 0.31275464233576644 0.04249999999999998 0.06722700000000002
0 0.798984375 0.5058255547445255 0.07562500000000005 0.149393
0 0.8007421875 0.3596260364963504 0.053749999999999964 0.099906
0 0.860234375 0.24658035036496348 0.04312499999999997 0.07469700000000003
