0 0.06526137500000001 0.2865305466448445 0.043152 0.07337499999999998
0 0.151335 0.32950754664484455 0.03314600000000001 0.07337499999999994
0 0.193861 0.3001575466448445 0.03189500000000001 0.07442299999999996
0 0.2253283125 0.28070088543371524 0.025641000000000025 0.06918300000000001
0 0.274537 0.31810586906710314 0.03189500000000001 0.07966499999999997
0 0.310732875 0.2837175630114566 0.028142 0.064989
0 0.3479814375 0.32459756301145665 0.030644000000000005 0.06498999999999999
0 0.381555125 0.2968842242225859 0.03564800000000001 0.068134
0 0.4231826875 0.32321854664484456 0.03877400000000003 0.07337499999999998
0 0.4548463125 0.2931515630114566 0.02564099999999997 0.06394100000000004
0 0.511011125 0.3685491914893617 0.03564800000000001 0.08595399999999997
0 0.5211383125 0.27369490180032735 0.026892000000000027 0.060795999999999996
0 0.5474814375 0.31286486906710315 0.030644000000000005 0.08176099999999996
0 0.594034875 0.2934082078559739 0.028142 0.07651999999999998
0 0.636715125 0.2802415466448445 0.036897999999999986 0.07337499999999998
0 0.680963875 0.2744118854337152 0.02814300000000003 0.071279
0 0.729898125 0.2835148690671031 0.0368980000000001 0.07966399999999998
0 0.78938725 0.2721131914893617 0.04002499999999998 0.08595400000000002
0 0.844970125 0.2484635302782324 0.036273 0.08385800000000003
0 0.9117669375 0.2888841914893617 0.04627899999999996 0.08805099999999999
