0 0.1265625 0.6515322041884817 0.016406000000000004 0.02234700000000006
0 0.1361333125 0.8156354083769634 0.025780999999999984 0.044692000000000114
0 0.1697270625 0.8069062076788831 0.017968000000000012 0.03910699999999995
0 0.2158200625 0.8194762076788831 0.018750000000000017 0.03910600000000009
0 0.2474611875 0.8072554083769634 0.021874999999999978 0.04329599999999999
0 0.2763671875 0.8337914083769634 0.021874999999999978 0.04469299999999997
0 0.363671375 0.6424558027923212 0.01171899999999998 0.013966000000000017
0 0.3658208125 0.6375662041884816 0.010155999999999998 0.02095000000000008
0 0.5943354375 0.6801582111692845 0.029688000000000048 0.05586599999999997
0 0.6617185 0.41689620418848167 0.015625 0.023743000000000042
0 0.66015625 0.41585060209424085 0.00859399999999999 0.011173000000000004
0 0.7078125 0.23498080628272253 0.015625 0.032122999999999985
0 0.795313 0.25346862652705066 0.06328099999999992 0.13547499999999998
0 0.8060549375 0.6634004083769633 0.014062000000000019 0.04469299999999997
