0 0.0276689375 0.2833908333333333 0.015277999999999996 0.027778000000000008
0 0.1513235625 0.21918358333333332 0.034722 0.05000000000000001
0 0.198393875 0.19276649999999998 0.027777999999999997 0.079629
0 0.349782875 0.24146441666666665 0.027778000000000025 0.07777699999999999
0 0.415060875 0.21197883333333334 0.029167 0.057408000000000015
0 0.48342025 0.22109341666666668 0.040278000000000036 0.07777799999999997
0 0.5369795 0.21171875000000004 0.01666599999999996 0.025925999999999966
0 0.5998265 0.24722266666666667 0.047221999999999986 0.08518500000000002
0 0.66571225 0.20494758333333332 0.07222200000000001 0.14444500000000002
0 0.7304905625 0.27494183333333333 0.03472200000000003 0.059260000000000014
0 0.7532766875 0.24811925 0.03749999999999998 0.07036999999999997
0 0.782248375 0.2515621666666667 0.012499999999999956 0.03703699999999999
0 0.8310983125 0.28781825 0.05833299999999997 0.10370400000000002
0 0.850651375 0.20072341666666668 0.043055000000000065 0.07777800000000001
0 0.924522125 0.22439191666666666 0.03611200000000003 0.06111200000000002
0 0.9643876875 0.252662 0.03888899999999995 0.03333299999999998
0 0.9638235625 0.25396408333333337 0.03472200000000003 0.03518500000000002
0 0.9699000625 0.2202255833333333 0.019444999999999935 0.02037
