0 0.00765625 0.8995830000000001 0.009375 0.06416699999999986
0 0.031953125 0.5661455 0.0050000000000000044 0.01750000000000007
0 0.078359375 0.7416663333333333 0.01187500000000001 0.04416699999999999
0 0.0804296875 0.5626041666666667 0.006875000000000006 0.005832999999999977
0 0.1003515625 0.5602083333333333 0.0024999999999999883 0.010833000000000018
0 0.1417578125 0.8748961666666667 0.010624999999999996 0.03750000000000009
0 0.2098046875 0.5426041666666667 0.0062500000000000056 0.0066669999999999785
0 0.242578125 0.5393753333333332 0.0050000000000000044 0.010833000000000167
0 0.2666796875 0.5201041666666666 0.007500000000000007 0.006667000000000127
0 0.2816015625 0.6129690833333333 0.0037499999999999756 0.0033330000000000304
0 0.3079296875 0.5343753333333333 0.007500000000000007 0.010833000000000018
0 0.39390625 0.57640625 0.008124999999999993 0.008332999999999998
0 0.4147265625 0.57973925 0.0037499999999999756 0.010000000000000009
0 0.4336328125 0.5853125 0.010624999999999996 0.017499999999999998
0 0.4668359375 0.5694795 0.014374999999999971 0.015832999999999913
0 0.5234375 0.5932815833333334 0.015625 0.020832999999999952
0 0.5716796875 0.5843753333333334 0.006249999999999978 0.01250000000000003
0 0.6229296875 0.56973925 0.0068749999999999645 0.008333999999999916
0 0.641875 0.5777083333333334 0.0012499999999999734 0.01166700000000002
0 0.650703125 0.5710413333333334 0.0050000000000000044 0.011666999999999947
0 0.6767578125 0.5751041666666666 0.010000000000000009 0.0066669999999999785
0 0.685078125 0.54307325 0.005624999999999991 0.008333000000000071
0 0.7103515625 0.5684371666666667 0.0025000000000000577 0.0066669999999999785
0 0.7404296875 0.5267711666666667 0.0068749999999999645 0.006665999999999987
0 0.74390625 0.5771350833333334 0.008125000000000049 0.004999999999999967
0 0.7766796875 0.5221350833333332 0.006249999999999978 0.005000000000000042
0 0.7772265625 0.5652083333333334 0.0025000000000000577 0.012499999999999956
0 0.8330078125 0.5607815833333333 0.010000000000000009 0.01916600000000009
0 0.8484765625 0.5790104166666666 0.00374999999999992 0.01333300000000004
0 0.885703125 0.5943753333333334 0.0050000000000000044 0.010832999999999945
0 0.93515625 0.55223925 0.008124999999999938 0.008334000000000064
0 0.9609765625 0.5840104166666666 0.003750000000000031 0.01416700000000004
0 0.9810546875 0.5406774166666666 0.007499999999999951 0.014166000000000048
