0 0.0126953125 0.41041257788944724 0.025583 0.046474999999999975
0 0.11659625 0.408338351758794 0.03988000000000001 0.02943499999999994
0 0.320892875 0.33798363316582913 0.121896 0.13245500000000007
0 0.4464081875 0.3911502512562814 0.023326000000000013 0.021689000000000003
0 0.4831339375 0.2721762010050251 0.015048999999999979 0.017041000000000025
0 0.4981829375 0.28735425125628145 0.014295999999999975 0.020913999999999964
0 0.638873 0.3450632361809045 0.12641099999999994 0.18047999999999997
0 0.8184200625 0.3837813768844221 0.018811000000000022 0.030984000000000032
0 0.879592625 0.38369845226130656 0.020316 0.03718099999999999
0 0.9580220625 0.5363823065326634 0.08126500000000003 0.10456999999999993
0 0.962649125 0.3788204271356784 0.03686999999999996 0.03485700000000003
