0 0.20546875 0.2943928653001464 0.05562500000000001 0.09005600000000005
0 0.324140625 0.67983260761347 0.05249999999999999 0.08442800000000003
0 0.33265625 0.48459634992679357 0.04062500000000002 0.076923
0 0.4353125 0.7069233499267935 0.04812500000000003 0.076923
0 0.4767578125 0.45551534992679354 0.04125000000000001 0.076923
0 0.5730078125 0.6837689633967788 0.04249999999999998 0.06941800000000013
0 0.5936328125 0.4823084787701317 0.04249999999999998 0.08067500000000007
0 0.6904296875 0.6684613499267935 0.038124999999999964 0.07879899999999995
0 0.7192578125 0.4870685768667643 0.041874999999999996 0.0590999999999999
0 0.79390625 0.7178375768667643 0.04062499999999991 0.0590999999999999
0 0.850859375 0.5178412210834554 0.04375000000000007 0.074109
