0 0.060625 0.5812894480234262 0.0325 0.05816099999999987
0 0.225234375 0.8754106383601757 0.04375000000000001 0.10787999999999988
0 0.2281640625 0.4967040307467057 0.019375000000000003 0.024389999999999988
0 0.2603125 0.5204978038067349 0.015625 0.042213999999999974
0 0.2859375 0.5086004172767205 0.016874999999999973 0.032832999999999994
0 0.2928125 0.5601954172767203 0.017500000000000016 0.034709000000000025
0 0.319296875 0.7304185095168375 0.058750000000000024 0.10506600000000003
0 0.31828125 0.5123534172767203 0.00874999999999998 0.032832999999999994
0 0.43734375 0.587855448023426 0.024375000000000036 0.05722399999999995
0 0.4605859375 0.49963228843338214 0.014375000000000027 0.030018000000000093
0 0.4905859375 0.6661734787701318 0.04625000000000001 0.08067499999999998
0 0.5806640625 0.5093982210834553 0.17562500000000003 0.07504700000000004
0 0.60171875 0.5468780614934114 0.02375000000000005 0.049719000000000006
0 0.6593359375 0.7412636383601757 0.04500000000000004 0.10787999999999996
0 0.6564453125 0.579413448023426 0.02562500000000001 0.056285
0 0.707734375 0.9001606325036603 0.10624999999999996 0.19699799999999995
0 0.7813671875 0.5470624172767203 0.022499999999999964 0.03470899999999994
0 0.786484375 0.49858003074670576 0.012499999999999956 0.024389999999999905
0 0.813125 0.5764851903367496 0.03187499999999999 0.05065600000000001
0 0.8036328125 0.5046199019033675 0.010000000000000009 0.020638000000000083
0 0.8646484375 0.6559245768667643 0.02937500000000004 0.060037000000000076
0 0.8863671875 0.6159984480234261 0.023125000000000062 0.05816100000000004
0 0.9805078125 0.5033842884333821 0.011249999999999982 0.03095700000000004
