0 0.171484375 0.4780725833333333 0.10625000000000001 0.17583400000000005
0 0.336640625 0.39645833333333336 0.05124999999999996 0.07416700000000002
0 0.4671875 0.418958 0.015625 0.03249999999999997
0 0.5687109375 0.3782295 0.04500000000000004 0.079166
0 0.620390625 0.45812533333333333 0.020625000000000004 0.07416600000000002
0 0.639375 0.3691663333333333 0.03187499999999999 0.04249999999999998
0 0.6698828125 0.4786455 0.07250000000000001 0.140834
0 0.7359375 0.4183333333333334 0.016874999999999973 0.041666999999999975
0 0.7688671875 0.3953642499999999 0.021874999999999978 0.03916700000000003
0 0.80296875 0.3590621666666667 0.023749999999999938 0.036667000000000005
0 0.8449609375 0.5271878333333333 0.10875000000000001 0.15250000000000008
0 0.9201171875 0.3645315833333333 0.05437499999999995 0.08083300000000004
