0 0.017578125 0.7987203801169591 0.035625 0.156221
0 0.0565234375 0.6925937426900585 0.02937499999999999 0.06548200000000001
0 0.0912109375 0.7980706023391814 0.04625 0.10009400000000007
0 0.1391015625 0.7207138245614035 0.035 0.045837
0 0.2278125 0.7228197777777778 0.016875 0.057063
0 0.3107421875 0.7690716023391814 0.05375000000000002 0.10196399999999985
0 0.3611328125 0.735098754385965 0.04125000000000001 0.06360999999999989
0 0.391484375 0.7561486608187135 0.04375000000000001 0.08699699999999999
0 0.473203125 0.7521717076023391 0.03687499999999999 0.07390100000000004
0 0.538671875 0.7091967894736841 0.028124999999999956 0.0542560000000001
0 0.6042578125 0.7857307309941521 0.04249999999999998 0.0692229999999998
0 0.6633203125 0.6947006959064328 0.026874999999999982 0.07857799999999997
0 0.7070703125 0.7177898479532163 0.026874999999999982 0.03835300000000008
0 0.7577734375 0.766141812865497 0.030625000000000013 0.049579
0 0.85828125 0.6771616491228071 0.040000000000000036 0.08793299999999989
0 0.9353515625 0.7431648245614034 0.034375000000000044 0.044901999999999984
