0 0.012734375 0.5225351176470587 0.013125000000000001 0.02165700000000002
0 0.029609375 0.47139188235294116 0.012499999999999997 0.031073000000000076
0 0.0596875 0.5272431176470589 0.015625000000000007 0.02165700000000002
0 0.0828125 0.6234042941176471 0.016875 0.02730700000000008
0 0.1134375 0.5192977058823529 0.015625 0.023540000000000016
0 0.112734375 0.607809705882353 0.011874999999999997 0.025424
0 0.113984375 0.470862294117647 0.011874999999999997 0.029189999999999994
0 0.1340625 0.5967430588235295 0.016875 0.03672299999999989
0 0.1518359375 0.4656257058823529 0.014374999999999999 0.024482000000000007
0 0.1537890625 0.6069848823529412 0.018125000000000002 0.031072999999999993
0 0.154609375 0.512293294117647 0.011874999999999997 0.027306999999999998
0 0.1890625 0.6150464705882354 0.015625 0.03295699999999997
0 0.1968359375 0.46144629411764704 0.013749999999999984 0.028248999999999986
0 0.1993359375 0.591389294117647 0.014374999999999999 0.02730700000000008
0 0.202109375 0.5127067058823529 0.013124999999999998 0.023540000000000016
0 0.2100390625 0.6159884705882354 0.019374999999999976 0.03483999999999997
0 0.2230078125 0.6017472941176472 0.009999999999999981 0.028248999999999986
0 0.2460546875 0.2593991176470588 0.03812499999999999 0.07344699999999997
0 0.235234375 0.4656257058823529 0.013124999999999998 0.026365000000000006
0 0.2373828125 0.5170012941176472 0.011249999999999982 0.029190999999999894
0 0.2437890625 0.6056304705882354 0.01937500000000003 0.03295699999999997
0 0.264296875 0.09344176470588236 0.02812500000000001 0.059322
0 0.2719140625 0.5924474705882353 0.019374999999999976 0.03295699999999997
0 0.2717578125 0.517414705882353 0.011250000000000038 0.025422999999999932
0 0.27703125 0.4679211176470588 0.009374999999999967 0.020716000000000012
0 0.30265625 0.5872108823529412 0.009374999999999967 0.03107299999999991
0 0.3436328125 0.09803358823529412 0.010624999999999996 0.053672000000000004
0 0.3530859375 0.445438294117647 0.014374999999999971 0.027306999999999998
0 0.3553125 0.5916226470588235 0.015625 0.03860599999999997
0 0.353984375 0.506114705882353 0.012499999999999956 0.025423999999999915
0 0.3612890625 0.5792654705882353 0.018125000000000002 0.032956000000000076
0 0.376484375 0.5830314705882353 0.012500000000000011 0.03295699999999997
0 0.401796875 0.18782552941176472 0.058750000000000024 0.119586
0 0.393359375 0.500465705882353 0.011874999999999969 0.024481999999999924
0 0.398359375 0.44585170588235296 0.012500000000000011 0.023539999999999933
0 0.4125390625 0.5886814705882353 0.018125000000000002 0.03483999999999997
0 0.4311328125 0.5050575294117647 0.010000000000000009 0.01883200000000003
0 0.4439453125 0.07384782352941177 0.025624999999999953 0.045197999999999995
0 0.4511328125 0.44585170588235296 0.010000000000000009 0.023539999999999933
0 0.4993359375 0.7518671176470588 0.013749999999999984 0.07344600000000003
0 0.5069921875000001 0.4529084117647059 0.023125000000000007 0.04802199999999994
0 0.5961328125 0.44855952941176475 0.009999999999999898 0.017890999999999938
0 0.6030859375 0.5689074705882353 0.014375000000000027 0.03483999999999997
0 0.6130078125 0.4886371176470588 0.011249999999999982 0.02165700000000002
0 0.631484375 0.44626411764705887 0.011874999999999969 0.021656999999999937
0 0.6443359375 0.5660824705882354 0.015000000000000013 0.03483999999999997
0 0.670234375 0.5698484705882354 0.012499999999999956 0.03295699999999989
0 0.690234375 0.5632574705882353 0.013125000000000053 0.032957000000000056
0 0.700859375 0.4928155294117647 0.01187500000000008 0.019774000000000104
0 0.7018359375 0.5703780588235294 0.015000000000000013 0.036723000000000054
0 0.7187109375 0.5518412941176472 0.013749999999999929 0.02730699999999991
0 0.7625390625 0.5698484705882354 0.018124999999999947 0.03295699999999989
0 0.7881640625 0.5700818235294117 0.01937499999999992 0.04425600000000003
0 0.8230859375 0.5414842941176471 0.014374999999999916 0.029189999999999994
0 0.8418359375 0.548075294117647 0.01375000000000004 0.029190000000000077
0 0.8618359375 0.5679654705882353 0.014375000000000027 0.03295699999999997
0 0.8787890625 0.563141294117647 0.018125000000000058 0.02824799999999992
0 0.9225390625 0.5533118823529413 0.01937500000000003 0.031073999999999893
0 0.9496875 0.5393040588235294 0.015625 0.03578199999999996
0 0.9593359375 0.553725294117647 0.015000000000000013 0.02918999999999991
0 0.9605859375 0.5882051764705882 0.015000000000000013 0.057437999999999996
