0 0.0029296875 0.8643206862745099 0.00625 0.080334
0 0.0048828125 0.09847660130718953 0.01125 0.051883
0 0.0283203125 0.4328278562091503 0.0575 0.136401
0 0.0440234375 0.7245219803921569 0.029375 0.05522999999999999
0 0.08402343749999999 0.2703307712418301 0.061875000000000006 0.10878699999999998
0 0.0777734375 0.009150326797385621 0.029375 0.020084
0 0.0847265625 0.10987549673202614 0.03437499999999999 0.07615
0 0.1096875 0.9050075816993465 0.047500000000000014 0.10460199999999986
0 0.138515625 0.5747747189542484 0.05124999999999999 0.12050200000000001
0 0.1419921875 0.4270792026143791 0.05374999999999999 0.10125499999999994
0 0.1453515625 0.7508794967320261 0.03437499999999999 0.07782399999999996
0 0.1725 0.01699346405228758 0.033125000000000016 0.03431
0 0.1834765625 0.12316011764705882 0.03375 0.071967
0 0.192578125 0.2972191176470589 0.03687500000000002 0.07196599999999996
0 0.2229296875 0.916728549019608 0.037500000000000006 0.06359799999999985
0 0.24328125 0.6044354967320261 0.03999999999999998 0.07782400000000003
0 0.252734375 0.7704923071895424 0.04375000000000001 0.07364000000000002
0 0.25398437500000004 0.4680344967320262 0.04374999999999998 0.07614999999999993
0 0.2885546875 0.15542930718954248 0.03749999999999998 0.075314
0 0.30765625 0.3194413398692811 0.070625 0.11548099999999999
0 0.321328125 0.9128069803921569 0.03687499999999999 0.05690299999999987
0 0.336328125 0.6284957385620915 0.036250000000000004 0.06694599999999998
0 0.3534765625 0.48670692810457516 0.03375 0.07029299999999997
0 0.3559765625 0.7820005490196078 0.03375 0.06527200000000002
0 0.38 0.030065359477124184 0.0625 0.061925
0 0.3833203125 0.13958498039215686 0.02562500000000001 0.056067
0 0.4610546875 0.7723243594771242 0.03875000000000001 0.06025099999999993
0 0.4659375 0.6273416339869281 0.048750000000000016 0.09372399999999988
0 0.4628515625 0.9047501176470588 0.03500000000000003 0.07113000000000014
0 0.4730078125 0.2301697385620915 0.04125000000000001 0.06778200000000004
0 0.4934765625 0.09272298039215685 0.03375 0.05690400000000001
0 0.4946484375 0.006535947712418301 0.02937500000000004 0.015063
0 0.5448046875 0.45239196078431376 0.06937499999999996 0.112133
0 0.5560546875 0.9717507908496732 0.03875000000000006 0.05355599999999995
0 0.5743359375 0.8292233921568628 0.04500000000000004 0.10209199999999996
0 0.58828125 0.2934506339869281 0.03937500000000005 0.09288700000000001
0 0.5942578125 0.01437908496732026 0.04125000000000001 0.030962
0 0.595234375 0.6786500653594773 0.04375000000000007 0.08451899999999994
0 0.6092578125 0.14831382352941178 0.04249999999999998 0.09456099999999999
0 0.6579296875 0.5313203594771242 0.03874999999999995 0.06192499999999996
0 0.6679296875 0.9708094117647059 0.03874999999999995 0.047698999999999846
0 0.6817578125 0.8299609803921567 0.04125000000000001 0.05690400000000016
0 0.69453125 0.3887989281045752 0.039999999999999925 0.07029299999999997
0 0.709375 0.0196078431372549 0.0625 0.039331
0 0.7004296875 0.26207211764705884 0.038124999999999964 0.07112999999999998
0 0.7082421875 0.6960153071895424 0.053749999999999964 0.07447700000000004
0 0.7196484375 0.13634135947712417 0.02937500000000004 0.06025100000000002
0 0.7630859375 0.5536519281045752 0.04625000000000001 0.06945599999999995
0 0.778828125 0.9793364640522875 0.036250000000000004 0.03514700000000006
0 0.78078125 0.8417256862745097 0.040000000000000036 0.07949800000000014
0 0.7980859375 0.2643753594771242 0.04625000000000001 0.060251000000000006
0 0.8043359375 0.4061094967320261 0.04625000000000001 0.07782400000000003
0 0.8085546875 0.6956494967320261 0.038124999999999964 0.07614999999999993
0 0.8083984375 0.14199160130718955 0.02937500000000004 0.051046
0 0.843671875 0.027450980392156862 0.06000000000000005 0.05523
0 0.86078125 0.5523447385620915 0.039999999999999925 0.06778299999999993
0 0.885 0.8924605490196078 0.03249999999999997 0.06527200000000002
0 0.902578125 0.26494892810457515 0.036250000000000004 0.06862000000000001
0 0.9148046875 0.42070130718954246 0.03749999999999998 0.07364100000000003
0 0.9336328125 0.7378513398692811 0.07250000000000001 0.11548099999999992
0 0.961484375 0.13246949673202615 0.04375000000000007 0.07615
0 0.9723828125 0.5674574444444445 0.04125000000000001 0.09037599999999997
0 0.9743359375 0.01699346405228758 0.04499999999999993 0.035983
0 0.9903125 0.9737906013071895 0.016874999999999973 0.05020900000000004
0 0.9942578125 0.2686080653594771 0.010000000000000009 0.08619299999999996
