0 0.093125 0.103891 0.06374999999999999 0.161263
0 0.255234375 0.12073700000000001 0.044375 0.064847
0 0.3015625 0.10895133333333333 0.015625 0.05204800000000002
0 0.3430078125 0.19033266666666668 0.04249999999999998 0.11177399999999996
0 0.4255078125 0.23758166666666666 0.04249999999999998 0.125426
0 0.5118359375 0.04469133333333334 0.014375000000000027 0.059726999999999995
0 0.520625 0.12622966666666666 0.03187499999999999 0.06314000000000003
0 0.6133203125 0.11134966666666667 0.02562500000000001 0.022184000000000006
0 0.6194921875 0.11801633333333332 0.021874999999999978 0.03498300000000002
0 0.6392578125 0.14884 0.010624999999999996 0.04010199999999999
0 0.6626171875 0.10858000000000001 0.023125000000000062 0.09726999999999998
0 0.6921484375 0.16095366666666666 0.02937500000000004 0.19880499999999998
