0 0.0087890625 0.7590357613469986 0.01875 0.19981199999999996
0 0.071015625 0.549578803806735 0.020000000000000004 0.042213999999999974
0 0.23921875 0.6507169516837482 0.11749999999999997 0.25046899999999994
0 0.36390625 0.532692803806735 0.008750000000000036 0.04127600000000008
0 0.367734375 0.4870945153733529 0.012500000000000011 0.01313299999999997
0 0.3737890625 0.5388479326500731 0.01937500000000003 0.045966000000000125
0 0.4512890625 0.5963780497803807 0.11312500000000003 0.22889299999999996
0 0.51234375 0.5078909326500731 0.024375000000000036 0.04596600000000004
0 0.55640625 0.5536284172767203 0.008750000000000036 0.032832999999999994
0 0.5821484375 0.5660077730600294 0.030625000000000013 0.01876199999999988
0 0.6384375 0.717970055636896 0.078125 0.13883600000000001
0 0.6155859375 0.525898288433382 0.01375000000000004 0.03095700000000004
0 0.6753125 0.5154650307467057 0.015625 0.026266999999999995
0 0.6909375 0.5095384172767203 0.01750000000000007 0.032832999999999994
0 0.72671875 0.5218476749633968 0.02375000000000005 0.03846199999999999
0 0.7571875 0.5215059019033674 0.015625 0.022514000000000034
0 0.8012109375 0.6821905768667643 0.0462499999999999 0.059099999999999986
0 0.90609375 0.5168159019033675 0.024374999999999925 0.022514000000000034
0 0.9501171875 0.5281160614934114 0.02187500000000009 0.04784300000000005
0 0.9484375 0.47636364421669103 0.01749999999999996 0.016886000000000012
