0 0.112890625 0.2951559166666667 0.020625000000000004 0.02916699999999998
0 0.1728125 0.25151008333333336 0.07874999999999999 0.09833399999999999
0 0.2587890625 0.2793229166666667 0.019374999999999976 0.02916699999999998
0 0.2926953125 0.30036425 0.025624999999999953 0.040834
0 0.3858203125 0.26406216666666665 0.02562500000000001 0.03666699999999997
0 0.4780859375 0.2403128333333333 0.044999999999999984 0.058333000000000045
0 0.5084765625000001 0.23916633333333334 0.03375 0.043333999999999984
0 0.626796875 0.24869825 0.028749999999999942 0.04083300000000001
0 0.6425390625 0.31869825 0.01937499999999992 0.03999999999999996
0 0.7194921875 0.24921874999999996 0.021874999999999978 0.025832999999999995
0 0.7421875 0.27338575 0.015625 0.02416600000000002
0 0.9443359375 0.23328158333333335 0.014375000000000027 0.01999999999999998
