0 0.058515625 0.19205427642276424 0.020625000000000004 0.057231999999999984
0 0.0946484375 0.19966322764227643 0.030625 0.04682600000000002
0 0.1494921875 0.18763121138211383 0.02312499999999998 0.044745
0 0.1533984375 0.3615405040650407 0.029374999999999984 0.10093699999999996
0 0.2272265625 0.33877627642276426 0.03437499999999999 0.05827299999999996
0 0.2518359375 0.23010029268292684 0.04625000000000001 0.05931399999999998
0 0.413125 0.04409735772357724 0.03312499999999996 0.07284
0 0.5534765625 0.19784455284552843 0.03500000000000003 0.11134200000000002
0 0.6586328125 0.22782663414634147 0.0412499999999999 0.13007299999999997
0 0.6764453125 0.4218945040650406 0.02562500000000001 0.10197700000000001
0 0.7352734375 0.24863863414634144 0.06125000000000003 0.130073
0 0.835390625 0.3612190731707317 0.05124999999999991 0.215401
