0 0.033112 0.6550200634920635 0.064246 0.12708000000000003
0 0.082391625 0.247861126984127 0.019553 0.054462999999999956
0 0.1754105 0.2159425238095238 0.01582800000000001 0.048412000000000004
0 0.31412175 0.2682731428571429 0.05493500000000001 0.08623300000000003
0 0.370100625 0.17177231746031746 0.021414999999999962 0.037821
0 0.481832625 0.15210431746031747 0.019552999999999987 0.036308999999999994
0 0.568494 0.36115355555555556 0.06424599999999991 0.11195100000000006
0 0.563769625 0.15800771428571428 0.020483999999999947 0.030256999999999996
0 0.662465625 0.12933701587301588 0.020484000000000058 0.03177000000000001
0 0.7151761875 0.42194079365079373 0.08566099999999999 0.18910799999999994
0 0.97147775 0.5249643968253969 0.054934999999999956 0.19667199999999993
