0 0.0390625 0.7347148594436309 0.078125 0.18105100000000005
0 0.137890625 0.55600460761347 0.020625000000000004 0.08442799999999995
0 0.3340234375 0.5576271537335286 0.06124999999999997 0.11726099999999993
0 0.5278515625 0.5008160248901903 0.06562500000000004 0.11538400000000001
0 0.5194921875 0.7056166383601757 0.021874999999999978 0.106004
0 0.77296875 0.34061331918008786 0.024375000000000036 0.054408999999999964
0 0.8358984375 0.2948306749633968 0.02937499999999993 0.03846199999999999
0 0.8407421875 0.20019793265007318 0.02187500000000009 0.04408999999999999
0 0.8859375 0.5411540248901904 0.04874999999999996 0.11538400000000001
0 0.9478515625 0.261585803806735 0.03500000000000003 0.04315199999999999
