0 0.076015625 0.610833 0.02124999999999999 0.12666700000000017
0 0.140078125 0.2082291666666667 0.036250000000000004 0.038332999999999985
0 0.3337109375 0.16885416666666667 0.044999999999999984 0.06833300000000002
0 0.377265625 0.7153125 0.08374999999999999 0.141667
0 0.4221875 0.18151008333333332 0.04749999999999999 0.09833399999999999
0 0.4540625 0.18718716666666668 0.017500000000000016 0.06833399999999999
0 0.4948046875 0.20218716666666667 0.03750000000000003 0.068334
0 0.5704296875 0.8645315833333332 0.13124999999999998 0.2083330000000001
0 0.543984375 0.15609341666666665 0.04375000000000007 0.076667
0 0.5952734375 0.17078125 0.06125000000000003 0.10333300000000001
0 0.7360546875 0.16776041666666666 0.03874999999999995 0.076667
0 0.9090625 0.49921908333333337 0.016249999999999987 0.06666599999999996
0 0.9296875 0.13244825000000002 0.04874999999999996 0.10333299999999997
