0 0.11814370247933885 0.645546875 0.132275 0.09062500000000007
0 0.09065361983471074 0.3971484375 0.05996499999999999 0.09249999999999997
0 0.20335423966942148 0.1456640625 0.118165 0.14375000000000002
0 0.34637818732782366 0.1063671875 0.10317500000000006 0.11625
0 0.34263254545454547 0.4029296875 0.09171100000000001 0.10062499999999996
0 0.35767523966942144 0.253203125 0.11816500000000003 0.09937500000000002
0 0.445370261707989 0.5921484375 0.06966500000000002 0.09187500000000004
0 0.5061507024793389 0.119921875 0.13227499999999995 0.12125000000000001
0 0.5842555454545454 0.3842578125 0.09347400000000007 0.073125
0 0.643826523415978 0.6109375 0.13932999999999998 0.07874999999999999
0 0.816724650137741 0.2521484375 0.12081099999999989 0.12312499999999998
