0 0.0166015625 0.9635420833333334 0.035156 0.06770799999999995
0 0.04296925 0.8919275 0.041014999999999996 0.078125
0 0.0605465 0.8281253333333334 0.017577999999999996 0.04296799999999997
0 0.174804625 0.8763019166666668 0.020508 0.029947999999999936
0 0.19433575 0.8450516666666666 0.023437999999999987 0.05208399999999994
0 0.2167971875 0.9739584999999998 0.05371100000000001 0.04817700000000006
0 0.2617186875 0.8450525833333332 0.03808600000000001 0.020832999999999952
0 0.2998045 0.8138018333333333 0.015625 0.0260419999999999
0 0.339844 0.822917 0.03222600000000003 0.032551999999999914
0 0.351562125 0.8763025 0.03613299999999997 0.07942700000000007
0 0.4414065625 0.8515622500000001 0.03515600000000002 0.07161499999999983
0 0.4472655 0.7838546666666666 0.015625 0.022135000000000016
0 0.511718625 0.9596355 0.05175799999999997 0.078125
0 0.53710925 0.8828124166666668 0.04003900000000005 0.07682299999999993
0 0.6054690625 0.9335940833333334 0.04980399999999996 0.12890599999999988
0 0.6777343125 0.967448 0.11914099999999994 0.0625
0 0.7460941875 0.76432325 0.02343700000000004 0.04036399999999999
0 0.8203123125 0.7968750833333332 0.02636699999999992 0.03515600000000019
0 0.933594 0.9062505 0.06445299999999998 0.07942700000000007
