0 0.174609375 0.25382734992679357 0.04374999999999998 0.078799
0 0.2306640625 0.42313838067349924 0.049375 0.10131399999999992
0 0.38046875 0.4814136383601757 0.05499999999999999 0.106004
0 0.3844921875 0.24437625183016107 0.05437499999999995 0.09849899999999998
0 0.4823046875 0.21033357686676424 0.038124999999999964 0.06097499999999999
0 0.5219921875 0.4966511537335285 0.053749999999999964 0.11726100000000002
0 0.538984375 0.11416660761347 0.04437500000000005 0.082551
0 0.5941015625 0.364591448023426 0.03437499999999993 0.057223000000000024
0 0.617265625 0.5599851229868228 0.05124999999999991 0.09662300000000003
0 0.668515625 0.23975634992679357 0.05125000000000002 0.078799
0 0.72296875 0.4509136691068814 0.05624999999999991 0.1303939999999999
0 0.7444140625 0.2264389941434846 0.050000000000000044 0.09193199999999999
