0 0.1266533125 0.179348625 0.058334 0.08249999999999999
0 0.1319404375 0.3357295 0.06166600000000001 0.07916599999999996
0 0.1402734375 0.6575390625 0.06083300000000001 0.08083299999999993
0 0.14291700000000002 0.8139189375 0.06416599999999999 0.07750000000000001
0 0.3388935625 0.109348625 0.06583299999999997 0.08333399999999999
0 0.41640625 0.6782939375 0.13416700000000004 0.17000000000000004
0 0.55348925 0.1067060625 0.07083399999999995 0.08083299999999999
0 0.78375 0.1107295 0.06416700000000009 0.08
0 0.793203125 0.267682625 0.06666700000000003 0.08333299999999999
0 0.79625 0.421015625 0.06333299999999997 0.08333299999999999
0 0.7972265625 0.583776375 0.06583300000000003 0.07583300000000004
0 0.8002734375 0.735442375 0.06166700000000003 0.07583400000000007
