0 0.013119533527696793 0.8779300625 0.027697 0.04980399999999996
0 0.07288643731778426 0.8359371875 0.037901000000000004 0.021484999999999976
0 0.08892162973760932 0.0595699375 0.016035000000000004 0.014648999999999995
0 0.12827977842565597 0.9433591875 0.087464 0.08496099999999995
0 0.13411035568513122 0.0751955 0.01895099999999999 0.016601000000000005
0 0.23177884548104957 0.913086375 0.14285699999999998 0.10742099999999999
0 0.2769678075801749 0.0908199375 0.026239000000000002 0.014648999999999995
0 0.44897940816326526 0.341797375 0.10495600000000001 0.07617099999999999
0 0.4416913556851312 0.10253925 0.018950000000000026 0.009764999999999996
0 0.5335278746355685 0.9755855 0.07725900000000004 0.046875
0 0.5262386297376094 0.10253925 0.016035000000000046 0.009764999999999996
0 0.5903788075801749 0.0996089375 0.023324000000000022 0.013672000000000004
0 0.7390673556851312 0.1142575 0.018950000000000026 0.015625
0 0.8688051574344022 0.8955075 0.2565590000000001 0.20507799999999998
0 0.7915453556851313 0.1152348125 0.020407999999999916 0.011717999999999992
0 0.8935855335276969 0.1201168125 0.026239999999999965 0.010743000000000003
