0 0.0880859375 0.5240222884333822 0.013749999999999998 0.03095700000000004
0 0.1817578125 0.49336290190336746 0.010624999999999996 0.020638
0 0.262734375 0.5481146749633968 0.012499999999999956 0.038461000000000016
0 0.276484375 0.5329914172767203 0.011874999999999969 0.032832999999999994
0 0.3157421875 0.566463803806735 0.023125000000000007 0.04221400000000006
0 0.3167578125 0.511301159590044 0.010000000000000009 0.027204
0 0.362421875 0.5649996749633968 0.02812500000000001 0.0403380000000001
0 0.44109375 0.6708193191800877 0.02437499999999998 0.05534700000000003
0 0.4771875 0.4672111595900439 0.016249999999999987 0.029080000000000033
0 0.5478125 0.6186991903367497 0.01749999999999996 0.052532000000000044
0 0.642734375 0.6068018038067351 0.013125000000000053 0.042213999999999974
0 0.7103125 0.5562590614934114 0.015625 0.049719000000000006
0 0.8787890625 0.454831803806735 0.01937500000000003 0.042213999999999974
