0 0.1068364375 0.6890625 0.060937000000000005 0.07916699999999999
0 0.1724609375 0.59557325 0.04531200000000002 0.07291600000000005
0 0.1603510625 0.8278649166666666 0.01874999999999999 0.060416000000000025
0 0.1876953125 0.6651038333333333 0.026562000000000002 0.02708399999999996
0 0.24921825 0.3794274166666667 0.03906299999999999 0.07708300000000001
0 0.3873046875 0.4182295 0.03749999999999998 0.079166
0 0.472265625 0.3841145833333333 0.020311999999999997 0.01874999999999997
0 0.495313 0.8520833333333334 0.03125 0.1041669999999999
0 0.5794926875 0.4273434166666667 0.03749899999999995 0.077084
0 0.5874995 0.6770833333333334 0.04843800000000009 0.10416700000000005
0 0.736328625 0.3731770833333334 0.051562 0.09791699999999996
0 0.7513671875 0.7291663333333332 0.05312499999999998 0.10416700000000005
0 0.860937 0.873958 0.06406300000000009 0.15625
