0 0.0721191875 0.583218875 0.053921 0.06045699999999998
0 0.18619825 0.50319125 0.040848999999999996 0.03921600000000003
0 0.2652866875 0.3146258125 0.037582000000000004 0.04248299999999999
0 0.3061175 0.4985891875 0.04738500000000001 0.05392199999999997
0 0.361072625 0.2904733125 0.019608000000000014 0.026144
0 0.478362125 0.40351825 0.03594799999999998 0.03921599999999997
0 0.5751064375 0.3215385 0.029410999999999965 0.016338999999999992
0 0.60648975 0.25386787499999997 0.02450999999999992 0.027777999999999997
0 0.6215340625 0.276386375 0.017974000000000045 0.04411799999999999
0 0.7982474375 0.5622768125 0.06209100000000001 0.07352900000000007
0 0.7855713125 0.2806309375 0.026143999999999945 0.045752000000000015
0 0.9645953125 0.6485395 0.057189000000000045 0.07843099999999992
0 0.9665858125 0.424721875 0.04248400000000008 0.06045699999999998
