0 0.02159291084854995 0.110404375 0.019 0.011818999999999996
0 0.06481525241675617 0.092492625 0.024999999999999998 0.02090900000000001
0 0.09244575725026853 0.1743465 0.07200000000000001 0.048182
0 0.12744468313641247 0.12899175000000002 0.014000000000000007 0.024544999999999997
0 0.20840816326530612 0.1399715 0.042 0.078182
0 0.24400107411385605 0.30680425 0.060000000000000046 0.03999999999999998
0 0.26874113856068743 0.1129655625 0.02300000000000004 0.03454499999999999
0 0.28851879699248123 0.1060620625 0.016999999999999935 0.019090999999999997
0 0.3331493018259935 0.2383203125 0.06300000000000003 0.05727299999999999
0 0.3577787325456499 0.08926518750000001 0.05199999999999998 0.08454499999999998
0 0.35855639097744363 0.4364664375 0.045999999999999965 0.030908999999999964
0 0.4624457572502685 0.138288625 0.071 0.08363599999999999
0 0.5026315789473684 0.6666374375 0.10700000000000003 0.06090899999999999
0 0.4923716433941998 0.2789590625 0.07000000000000002 0.04999999999999999
0 0.49759398496240603 0.4703726875 0.07600000000000003 0.038181999999999994
0 0.5329634801288937 0.0796305 0.030000000000000006 0.017272999999999997
0 0.5625198711063373 0.2004085625 0.07400000000000001 0.06545400000000001
0 0.5845563909774437 0.0588925 0.0459999999999999 0.048181
0 0.6834457572502686 0.1964030625 0.07199999999999993 0.08090900000000001
0 0.723297529538131 0.0847191875 0.06799999999999999 0.084546
0 0.9092599355531686 0.124211375 0.03800000000000005 0.043636999999999995
