0 0.013671875 0.3323574787701317 0.027344 0.08199100000000009
0 0.034179625 0.18740873645680817 0.051758 0.08638300000000004
0 0.08984349999999999 0.667642411420205 0.079102 0.12445099999999996
0 0.0810543125 0.4524153806734993 0.056641 0.10248900000000005
0 0.08007837500000001 0.1581258653001464 0.043945000000000005 0.08784800000000002
0 0.1162110625 0.24743786530014644 0.049805 0.08931199999999993
0 0.190430125 0.3133233806734993 0.067382 0.09956099999999994
0 0.203125125 0.15080509224011715 0.036133 0.07174199999999999
0 0.3164061875 0.2708634787701318 0.05371100000000001 0.07906299999999994
0 0.3515628125 0.5168376691068814 0.074218 0.13030699999999992
0 0.365234875 0.7335281537335285 0.06054599999999999 0.11713099999999992
0 0.390625125 0.16105383455344072 0.03613299999999997 0.06442199999999995
0 0.43652375 0.4011717672035139 0.056640000000000024 0.109809
0 0.4521484375 0.1449490614934114 0.030272999999999994 0.04831599999999999
0 0.5136718124999999 0.5651541844802342 0.103516 0.1420200000000001
0 0.4951175 0.11859438067349928 0.04785099999999998 0.09956099999999998
0 0.5634763125 0.15080493265007322 0.025391000000000052 0.04392399999999997
0 0.6611331875 0.2386529941434846 0.05468699999999993 0.09224000000000004
0 0.6669925625 0.3733526383601757 0.06640599999999997 0.10688200000000007
0 0.7568358125 0.13177160761346998 0.04199200000000003 0.08491900000000001
0 0.842773625 0.12152299414348462 0.05175800000000008 0.09224
0 0.864258125 0.9282571844802343 0.06738299999999997 0.1405569999999999
0 0.878906 0.31185941142020496 0.0625 0.12445100000000005
0 0.895507875 0.43484641142020497 0.05957000000000001 0.124451
0 0.9306638125 0.09077557686676427 0.04199200000000003 0.06003
