0 0.036992187499999996 0.3977086666666667 0.022500000000000003 0.05333299999999993
0 0.0912109375 0.25624966666666665 0.014374999999999999 0.02083399999999998
0 0.1167578125 0.23171875 0.011249999999999996 0.024166999999999977
0 0.124140625 0.35083333333333333 0.020625000000000004 0.04333299999999999
0 0.1532421875 0.38562499999999994 0.02250000000000002 0.03250000000000005
0 0.15453125 0.21802083333333333 0.00874999999999998 0.027500000000000007
0 0.2061328125 0.49541666666666667 0.10437499999999997 0.14666699999999996
0 0.1728125 0.32765591666666666 0.016249999999999987 0.029167000000000054
0 0.2026171875 0.35859408333333337 0.023125000000000007 0.03416599999999992
0 0.232265625 0.7151045000000001 0.020625000000000004 0.048332999999999814
0 0.257109375 0.2696878333333333 0.011875000000000024 0.027500000000000007
0 0.25578125 0.7116145833333333 0.009374999999999967 0.020832999999999952
0 0.2712109375 0.26838575 0.014999999999999958 0.02416600000000002
0 0.280234375 0.3066145833333333 0.013124999999999998 0.02083299999999999
0 0.2856640625 0.3785940833333334 0.018125000000000002 0.03416599999999992
0 0.297109375 0.2646878333333333 0.011874999999999969 0.027500000000000042
0 0.3094921875 0.40411458333333333 0.022499999999999964 0.020832999999999952
0 0.3094140625 0.32786425 0.01937500000000003 0.04083399999999996
0 0.3146875 0.2804166666666667 0.016874999999999973 0.022499999999999964
0 0.33421875 0.3618746666666666 0.02437499999999998 0.05333399999999999
0 0.4321875 0.45151008333333337 0.07874999999999999 0.09833399999999999
0 0.514453125 0.38036458333333334 0.03624999999999995 0.080833
0 0.5357421875 0.2890621666666667 0.021874999999999978 0.036667000000000005
0 0.5623828125 0.26958366666666667 0.010000000000000009 0.022500000000000003
0 0.629296875 0.49130175000000004 0.12187500000000007 0.2125
0 0.7339453125 0.4256253333333333 0.05687500000000001 0.07416600000000002
0 0.7580859375 0.2855208333333334 0.014375000000000027 0.02749999999999993
0 0.7794140625 0.3541145833333333 0.018124999999999947 0.019167000000000007
0 0.810234375 0.29182291666666665 0.012500000000000067 0.02999999999999999
0 0.8376953125 0.3896354166666667 0.02562500000000001 0.04499999999999993
0 0.919765625 0.3953645833333333 0.051875000000000004 0.08333299999999995
0 0.9900390625 0.3693746666666667 0.018125000000000058 0.05333399999999999
0 0.9918359375 0.30838575 0.014375000000000027 0.024165999999999983
