0 0.025390625 0.6784658365122616 0.05125 0.20575399999999994
0 0.0654296875 0.9559223324250681 0.131875 0.08544000000000009
0 0.06640625 0.9563039346049047 0.133125 0.08369599999999999
0 0.4990234375 0.6436744332425068 0.999375 0.709677
0 0.0823046875 0.4394140953678474 0.16375 0.13252
0 0.17082031250000002 0.838503234332425 0.24562499999999998 0.20749800000000002
0 0.243828125 0.3643286648501362 0.130625 0.16913699999999995
0 0.32132812499999996 0.5576082234332425 0.223125 0.22319100000000003
0 0.334921875 0.8895582670299726 0.15375 0.16826500000000005
0 0.4919921875 0.5045882343324251 0.17812500000000003 0.20749799999999996
0 0.6709375 0.8989320408719346 0.26625 0.19965100000000008
0 0.681328125 0.6281150626702997 0.2243750000000001 0.17175300000000002
0 0.6722265625 0.4069954495912806 0.16000000000000003 0.18831799999999996
0 0.81453125 0.47118642779291553 0.16437499999999994 0.216216
0 0.913984375 0.944153514986376 0.16937500000000005 0.108108
0 0.918828125 0.5799454713896458 0.16062500000000002 0.162162
