0 0.1003125 0.38660935258358664 0.016875 0.045719999999999976
0 0.1208203125 0.3742680820668693 0.02687500000000001 0.03793800000000003
0 0.1281640625 0.40715886626139813 0.018125000000000016 0.05252900000000002
0 0.1539453125 0.4263091367781155 0.02687500000000001 0.06128399999999996
0 0.186796875 0.4354276778115502 0.02812500000000001 0.07976700000000003
0 0.2365234375 0.5682704346504559 0.030625000000000013 0.08365800000000001
0 0.2432421875 0.36229035258358666 0.022499999999999992 0.045719999999999976
0 0.2565625 0.4021733525835866 0.016875 0.045719999999999976
0 0.2821875 0.38922362310030395 0.015625 0.055447
0 0.3012890625 0.3905003525835866 0.018125000000000002 0.04572000000000006
0 0.32859375 0.6038343009118541 0.05499999999999999 0.13618699999999997
0 0.3251171875 0.4036931094224924 0.021874999999999978 0.05155700000000001
0 0.3539453125 0.40502965045592704 0.02562500000000001 0.06809399999999997
0 0.3978125 0.4021733525835866 0.01749999999999996 0.045719999999999976
0 0.4429296875 0.7090109240121582 0.06937500000000002 0.189689
0 0.426640625 0.36751789361702125 0.020625000000000004 0.06614800000000004
0 0.46421875 0.39980210942249245 0.02437499999999998 0.051557000000000054
0 0.48125 0.4722721641337386 0.03187499999999999 0.07295699999999997
0 0.535390625 0.37688235258358666 0.020625000000000004 0.04766500000000001
0 0.551953125 0.4995679756838906 0.036250000000000004 0.10116799999999997
0 0.566015625 0.391351838905775 0.020625000000000004 0.04182900000000005
0 0.6200390625 0.40259959574468085 0.01937500000000003 0.04377399999999995
0 0.633984375 0.5307586778115502 0.043749999999999956 0.08171200000000002
0 0.636953125 0.44248259574468085 0.03687499999999999 0.04377499999999998
0 0.6769140625 0.3839960820668693 0.018750000000000044 0.037937999999999944
0 0.714375 0.46114592097264434 0.03187499999999999 0.07782100000000006
0 0.7112890625 0.3720183525835866 0.018124999999999947 0.046692000000000025
0 0.7313671875 0.3773075957446808 0.023125000000000062 0.043774
0 0.7650390625 0.36095381155015194 0.01937500000000003 0.030156000000000037
0 0.7689453125 0.4340921367781154 0.026874999999999982 0.06322900000000004
0 0.8116015625 0.5702752462006079 0.06499999999999995 0.110895
0 0.8155859375 0.444913650455927 0.04500000000000004 0.06809300000000004
0 0.81421875 0.3039870547112462 0.024375000000000036 0.026264
0 0.8897265625 0.45117589361702126 0.03437499999999993 0.06614799999999996
0 0.8988671875 0.3100660820668693 0.021874999999999978 0.037937999999999986
0 0.9162890625 0.37578783890577505 0.018125000000000058 0.041829000000000005
0 0.9384375 0.5232187051671733 0.04874999999999996 0.09338599999999993
