0 0.10390625 0.12120344281524928 0.040624999999999994 0.08067499999999998
0 0.15515625 0.4732766158357771 0.03937499999999999 0.07129499999999996
0 0.1949609375 0.5997449941348973 0.04625000000000001 0.08630399999999992
0 0.193125 0.19267106451612903 0.0325 0.06566599999999999
0 0.2417578125 0.1939637184750733 0.04249999999999998 0.08442799999999999
0 0.3066796875 0.33485034017595305 0.038124999999999964 0.06754200000000002
0 0.3435546875 0.3991676158357771 0.03875000000000001 0.071295
0 0.393828125 0.442611788856305 0.03562500000000002 0.061914
0 0.41140625 0.36780089149560113 0.04062500000000002 0.07504700000000003
0 0.419765625 0.5280412697947214 0.05125000000000002 0.08911800000000002
0 0.48828125 0.2576902375366569 0.04062500000000002 0.05722299999999999
0 0.503125 0.39828468621700885 0.03250000000000003 0.052532999999999996
0 0.550078125 0.37008761583577715 0.036250000000000004 0.07317099999999997
0 0.6355859375 0.3108149941348974 0.04625000000000001 0.08724199999999996
0 0.740859375 0.3629372697947214 0.04375000000000007 0.08911899999999999
0 0.799140625 0.1528062697947214 0.05249999999999999 0.09005600000000001
0 0.9134375 0.18898154545454546 0.04874999999999996 0.09380899999999998
