0 0.9266015625 0.41994825 0.12874999999999992 0.22916599999999998
0 0.2428125 0.35541666666666666 0.07874999999999999 0.14666700000000002
0 0.3236328125 0.4377604166666667 0.04125000000000001 0.07583299999999997
0 0.5396484375 0.587917 0.030000000000000027 0.06416599999999995
0 0.569609375 0.47494758333333337 0.013125000000000053 0.020000000000000018
0 0.586640625 0.4709899166666667 0.020625000000000004 0.029166000000000025
0 0.60546875 0.5007291666666667 0.024375000000000036 0.03666700000000008
0 0.6559375 0.4808333333333334 0.016250000000000098 0.04333299999999999
0 0.6723828125 0.64161425 0.04249999999999998 0.10166699999999995
0 0.6926953125 0.47619825 0.026249999999999996 0.040000000000000036
0 0.6969140625 0.3580208333333333 0.018125000000000058 0.027500000000000007
0 0.723125 0.4647395833333334 0.03187499999999999 0.051666999999999984
0 0.7763671875 0.44999966666666663 0.05312499999999998 0.08500000000000003
