0 0.08108831250000001 0.42612907692307694 0.08952399999999999 0.15440199999999987
0 0.5164416875 0.41669849112426033 0.944762 0.4444449999999999
0 0.2239453125 0.47403839644970414 0.08857100000000001 0.18037599999999998
0 0.27515625 0.3293392071005917 0.07142900000000002 0.14574299999999998
0 0.3580859375 0.39319410650887576 0.07809499999999997 0.17604599999999998
0 0.4295385 0.5202506863905325 0.08000000000000002 0.181819
0 0.4350354375 0.2737431183431953 0.060952000000000006 0.08369399999999996
0 0.4987963125 0.35440595857988166 0.057142999999999944 0.07215000000000002
0 0.516819625 0.48092678698224844 0.05238100000000001 0.1529590000000001
0 0.5263190625 0.2741423076923077 0.050475999999999965 0.11544
0 0.581871375 0.5690586568047338 0.07428600000000007 0.160174
0 0.6057530625 0.35387020710059175 0.0819049999999999 0.147186
0 0.6656568125 0.4707894970414201 0.07333299999999998 0.15007300000000007
0 0.7015325 0.3241392485207101 0.04857199999999995 0.07503599999999999
0 0.7716615625 0.44499694674556217 0.09714200000000006 0.16306000000000007
0 0.85420425 0.27010362721893494 0.07142800000000005 0.139971
0 0.9042686875 0.3472272485207101 0.03809600000000002 0.07503599999999999
0 0.95877275 0.3935121183431952 0.05619000000000007 0.083694
0 0.9623155625 0.48171656804733726 0.03428599999999993 0.09956800000000003
