0 0.0302734375 0.5993481556534507 0.061 0.18195500000000012
0 0.0318359375 0.345546859030837 0.013999999999999999 0.027066999999999994
0 0.12490625 0.4088105726872247 0.008000000000000007 0.01804499999999996
0 0.16390625 0.45847014390602053 0.009000000000000008 0.015037000000000035
0 0.256390625 0.5155975814977973 0.05199999999999996 0.1428570000000001
0 0.296953125 0.3967450014684287 0.0040000000000000036 0.021053000000000058
0 0.365859375 0.4659180014684288 0.013000000000000012 0.021052999999999975
0 0.3908828125 0.429756859030837 0.01100000000000001 0.027067999999999932
0 0.4260625 0.7717861585903083 0.08000000000000002 0.22105300000000003
0 0.3988828125 0.49302157268722463 0.010000000000000009 0.01954799999999999
0 0.553484375 0.5493870058737151 0.04299999999999993 0.08421000000000002
0 0.805640625 0.7596504449339208 0.11399999999999999 0.23007499999999995
0 0.9918359375 0.5212042892804699 0.014000000000000012 0.052631000000000046
