0 0.06078125 0.9468239738903395 0.04 0.08277600000000004
0 0.1803125 0.9065880078328982 0.047500000000000014 0.07775900000000002
0 0.241640625 0.9453135587467363 0.05249999999999999 0.06939799999999997
0 0.3325 0.92556972845953 0.03312499999999996 0.04347900000000007
0 0.3624609375 0.9725976605744125 0.044999999999999984 0.05267600000000004
0 0.486875 0.937685592689295 0.03187500000000004 0.06521800000000003
0 0.6069921875 0.93058672845953 0.023125000000000062 0.04347800000000007
0 0.6806640625 0.9468402454308094 0.01937500000000003 0.03929699999999998
0 0.701015625 0.92222572845953 0.020625000000000004 0.04347800000000007
0 0.8569140625 0.9369525587467362 0.05062500000000003 0.06939800000000013
