0 0.0224609375 0.5080287445255475 0.045898 0.10510999999999995
0 0.1640621875 0.4277375182481752 0.02246099999999998 0.05255399999999997
0 0.2666015 0.5459855985401459 0.04882799999999998 0.10948899999999996
0 0.4882809375 0.43795668613138683 0.013671999999999962 0.027737000000000074
0 0.56738325 0.44817483211678827 0.008789000000000047 0.023357999999999983
0 0.6962895 0.39853974452554747 0.046875 0.10657000000000004
0 0.7753909375 0.46569383211678833 0.013672000000000017 0.02481699999999998
0 0.879882875 0.4715329124087591 0.028320000000000012 0.08321200000000002
0 0.945312125 0.4131389124087591 0.03613300000000008 0.08175199999999998
0 0.9726559375 0.5401458321167883 0.013672000000000017 0.023357999999999983
