0 0.0692578125 0.6758520922401171 0.041249999999999995 0.07129500000000007
0 0.23265625 0.6329977057101025 0.04062499999999997 0.06285200000000006
0 0.239296875 0.39802067496339677 0.028124999999999983 0.038461000000000016
0 0.3032421875 0.7489529941434846 0.023125000000000007 0.09286999999999998
0 0.380234375 0.6321739633967789 0.011874999999999969 0.06848
0 0.4770703125 0.506469963396779 0.026875000000000038 0.06941899999999994
0 0.526328125 0.43288809224011715 0.036250000000000004 0.07316999999999996
0 0.542109375 0.6977257057101025 0.043749999999999956 0.06379000000000003
0 0.62203125 0.43629831918008777 0.008749999999999925 0.053471000000000074
0 0.63359375 0.4343522210834554 0.024375000000000036 0.075046
0 0.8639453125 0.4427510614934114 0.02562500000000001 0.047841999999999996
0 0.9048828125 0.7920348960468522 0.04125000000000001 0.11350800000000007
