0 0.013671875 0.3351694405286344 0.028125 0.16921299999999997
0 0.043359125 0.5182020058737151 0.067188 0.08460599999999995
0 0.07324243750000001 0.7493801585903084 0.09218699999999999 0.22091699999999984
0 0.0818356875 0.2855242966226138 0.06953200000000001 0.15276099999999998
0 0.1982424375 0.36014829368575624 0.09218699999999999 0.11398300000000004
0 0.214062 0.1615631483113069 0.063282 0.077556
0 0.2845700625 0.18006586490455215 0.04921900000000001 0.11045899999999997
0 0.3611330625 0.23118300734214392 0.08124999999999999 0.10458299999999997
0 0.4208986875 0.2811190102790015 0.06953100000000001 0.14453600000000003
0 0.4861323125 0.5343618619676946 0.057813 0.06933
0 0.4947270625 0.24146072393538914 0.049217999999999984 0.13513499999999995
0 0.54062475 0.297861154185022 0.08750000000000002 0.160987
0 0.6705080625 0.26055515271659324 0.08203100000000008 0.138661
0 0.6666015625 0.5907502980910426 0.06562499999999993 0.17391299999999993
0 0.7556640625 0.6192350176211454 0.174219 0.24794400000000003
0 0.8498051875 0.13070929515418506 0.08515600000000001 0.13395999999999997
0 0.941796625 0.0825267254038179 0.08281299999999991 0.157462
