0 0.0240625 0.42131922222222223 0.0175 0.038888999999999924
0 0.051640625 0.3524302222222222 0.019999999999999997 0.041110999999999995
0 0.0939453125 0.385694 0.026874999999999996 0.065556
0 0.1080078125 0.3038888888888889 0.01125000000000001 0.030000000000000002
0 0.187578125 0.723681 0.06812499999999999 0.15777699999999997
0 0.2344921875 0.320069 0.023125000000000007 0.03444499999999998
0 0.2323828125 0.32576422222222223 0.011249999999999982 0.03888899999999998
0 0.2658203125 0.5837502222222222 0.05812500000000004 0.13444400000000004
0 0.3499609375 0.473542 0.04625000000000001 0.09666600000000002
0 0.3858984375 0.4410415555555556 0.029374999999999984 0.07999999999999997
0 0.4172265625 0.43645833333333334 0.03437499999999999 0.07555599999999998
0 0.4633203125 0.37381966666666666 0.026874999999999982 0.05444400000000006
0 0.5032421874999999 0.3747914444444444 0.023125000000000007 0.04777800000000005
0 0.5149609375 0.3049306666666667 0.013749999999999929 0.05222199999999999
0 0.608828125 0.7132643333333334 0.03562499999999991 0.13666599999999995
