0 0.0137109375 0.5306097565982405 0.013750000000000002 0.030956999999999957
0 0.038515625 0.5437437565982405 0.02 0.03095599999999998
0 0.0770703125 0.5395810322580645 0.025624999999999995 0.034708999999999914
0 0.1099609375 0.5824969296187683 0.015 0.022514000000000034
0 0.1171875 0.5280879296187683 0.016249999999999987 0.02345199999999998
0 0.1306640625 0.5547085835777126 0.018125000000000016 0.03846200000000002
0 0.1490625 0.5174767565982404 0.015625 0.030956999999999957
0 0.1713671875 0.5514848592375367 0.021875000000000006 0.041275999999999945
0 0.1925390625 0.5466763079178886 0.018750000000000017 0.03658499999999998
0 0.2103125 0.5414570322580645 0.015625 0.03283299999999993
0 0.2309375 0.5528325835777126 0.016875 0.04033799999999999
0 0.360078125 0.2605761290322581 0.06687499999999996 0.13133200000000003
0 0.649375 0.32900105865102636 0.09375 0.15009399999999998
0 0.8200390625 0.5387615835777126 0.01937499999999992 0.04033700000000002
0 0.8409375 0.5320760322580645 0.015625 0.03470999999999997
0 0.8568359375 0.5302000322580644 0.015000000000000013 0.03471000000000005
0 0.8739453125 0.5514848592375367 0.02562500000000001 0.041275999999999945
0 0.895234375 0.5310204809384164 0.013124999999999942 0.027204000000000023
0 0.9324609375 0.5425135835777126 0.015000000000000013 0.04033799999999991
0 0.9496875 0.5339530322580645 0.016874999999999973 0.032833000000000015
0 0.9668359375 0.5212297565982404 0.014375000000000027 0.03095599999999998
