0 0.155703125 0.745078125 0.06812499999999999 0.09937499999999999
0 0.3598828125 0.897734375 0.010000000000000009 0.01187500000000008
0 0.3591796875 0.9536328125 0.0068749999999999645 0.010000000000000009
0 0.383515625 0.684765625 0.02062499999999995 0.020625000000000004
0 0.3855859375 0.807890625 0.01375000000000004 0.020625000000000004
0 0.4123046875 0.9536328125 0.00687500000000002 0.010000000000000009
0 0.4229296875 0.9042578125 0.006250000000000033 0.010000000000000009
0 0.4761328125 0.96046875 0.010000000000000009 0.02375000000000005
0 0.5018359375 0.806015625 0.015000000000000013 0.020625000000000004
0 0.528359375 0.9663671875 0.013125000000000053 0.02187500000000009
0 0.5266796875 0.9042578125 0.0068749999999999645 0.010000000000000009
0 0.5925390625 0.7052734375 0.018750000000000044 0.030624999999999902
0 0.60515625 0.820625 0.03937500000000005 0.06312499999999999
0 0.6062890625 0.91921875 0.018749999999999933 0.024375000000000036
0 0.8107421875 0.790625 0.11562499999999998 0.15749999999999997
0 0.7649609375 0.0756640625 0.014999999999999902 0.018750000000000003
0 0.78453125 0.411484375 0.03937499999999994 0.044375
0 0.8161328125 0.376015625 0.04249999999999998 0.05124999999999996
0 0.855625 0.42515625 0.032500000000000084 0.04062499999999997
0 0.9078515625 0.4017578125 0.034375000000000044 0.04125000000000001
0 0.967109375 0.4037109375 0.04312499999999997 0.04500000000000004
