0 0.0430939226519337 0.3712890625 0.08628 0.14375
0 0.378002453038674 0.835859375 0.123763 0.13687500000000008
0 0.35630241988950273 0.331796875 0.04667600000000001 0.06
0 0.7198988066298343 0.3174609375 0.01555900000000006 0.015000000000000013
0 0.7467728066298343 0.516015625 0.015558999999999936 0.020625000000000004
0 0.756585861878453 0.326484375 0.011315000000000052 0.011875000000000024
0 0.7789068342541435 0.5119140625 0.013437000000000119 0.018749999999999933
0 0.789117861878453 0.3128125 0.012021999999999994 0.017500000000000016
0 0.8224448066298342 0.3184375 0.01555900000000006 0.01687500000000003
0 0.8201469171270719 0.4468359375 0.0077789999999999734 0.015000000000000013
0 0.8383128342541436 0.3106640625 0.014144000000000063 0.01874999999999999
0 0.864788861878453 0.478359375 0.01131600000000004 0.011875000000000024
0 0.8695187790055249 0.5476171875 0.017680000000000015 0.022499999999999964
0 0.8974098066298343 0.3026171875 0.015557999999999947 0.021874999999999978
0 0.910757861878453 0.485234375 0.012022999999999982 0.011875000000000024
