0 0.05859375 0.3872406666666666 0.1175 0.397832
0 0.278359375 0.4703149166666667 0.012499999999999956 0.060884000000000014
0 0.33546875 0.6282524166666666 0.055625000000000036 0.07756499999999995
0 0.3549609375 0.3459604166666666 0.014374999999999971 0.015012000000000025
0 0.3737890625 0.454936 0.049375 0.06505499999999993
0 0.46078125 0.4581104166666667 0.040000000000000036 0.07756500000000004
0 0.5154296875 0.47091025 0.07 0.13427800000000004
0 0.5726953125 0.6022015 0.08937499999999998 0.17264300000000019
0 0.621875 0.4405964166666667 0.03125 0.07589599999999996
0 0.6556640625 0.5675978333333332 0.08125000000000004 0.15179300000000007
0 0.701875 0.6955354166666666 0.125 0.23352800000000004
0 0.735078125 0.4212695 0.036250000000000004 0.048373
0 0.7995703125 0.42440116666666666 0.026249999999999996 0.03836500000000006
