0 0.058984375 0.32856111764705886 0.013125000000000005 0.022598999999999966
0 0.1153125 0.32249870588235297 0.01625 0.02636599999999999
0 0.14304687500000002 0.5003263529411764 0.05874999999999998 0.11393599999999997
0 0.24234375 0.23079100000000002 0.05500000000000002 0.102637
0 0.30609375 0.4446551764705882 0.05625000000000002 0.106403
0 0.339609375 0.2261574705882353 0.011875000000000024 0.03484000000000002
0 0.3937109375 0.22490864705882355 0.044999999999999984 0.08851200000000002
0 0.542734375 0.18777323529411766 0.04437500000000005 0.09322
0 0.5571875 0.4255898235294117 0.0475000000000001 0.09698700000000002
0 0.6328125 0.24333982352941178 0.016249999999999987 0.04425600000000003
0 0.6753125 0.19324217647058825 0.04875000000000007 0.106403
0 0.76375 0.4563037058823529 0.06374999999999997 0.12523499999999993
0 0.8030859375 0.2412234705882353 0.014375000000000027 0.03483999999999997
0 0.843671875 0.26292217647058824 0.06000000000000005 0.10828600000000004
0 0.8709765625 0.491672294117647 0.06562500000000004 0.12806
0 0.9320703125 0.3495627647058824 0.025624999999999898 0.05932200000000002
