0 0.0633984375 0.7008996998535871 0.06125 0.1538469999999999
0 0.1178125 0.5524811229868228 0.0475 0.09662199999999997
0 0.2102734375 0.5088289326500732 0.030625000000000013 0.04409000000000001
0 0.2743359375 0.5364188653001465 0.044999999999999984 0.09005699999999994
0 0.3630859375 0.7245984363103953 0.10812499999999997 0.23827400000000004
0 0.3269921875 0.4830880614934114 0.023125000000000007 0.04784299999999997
0 0.4690234375 0.5286863499267935 0.02937500000000004 0.076923
0 0.548515625 0.483912803806735 0.020625000000000004 0.042213999999999974
0 0.6373828125 0.54850060761347 0.04125000000000001 0.08442700000000006
0 0.8355859375 0.5913981537335286 0.04625000000000001 0.11913700000000006
0 0.9064453125 0.4648521903367497 0.02562500000000001 0.05253300000000002
