0 0.017578125 0.26612148264984226 0.03625 0.12626300000000001
0 0.0607421875 0.2766816025236593 0.023124999999999993 0.073737
0 0.0795703125 0.3209320378548896 0.025624999999999995 0.08989900000000002
0 0.1290234375 0.3292611861198738 0.029374999999999984 0.10201999999999999
0 0.2401953125 0.337023047318612 0.05749999999999997 0.11111099999999993
0 0.3059375 0.20955648264984228 0.04812500000000003 0.128282
0 0.3125390625 0.2842498990536278 0.018125000000000002 0.09999999999999996
0 0.3366796875 0.24808046372239748 0.03812500000000002 0.08282800000000003
0 0.3943359375 0.2930917507886435 0.04625000000000001 0.08686900000000002
0 0.4253515625 0.31942474132492116 0.03375 0.06565599999999999
0 0.4423828125 0.2807216025236593 0.04125000000000001 0.07373800000000003
0 0.4633984375 0.2908226025236593 0.02937500000000004 0.07272799999999992
0 0.48484375 0.2842653059936909 0.02437499999999998 0.049495
0 0.7276953125 0.3745370283911672 0.02562500000000001 0.06666700000000003
0 0.7927734375 0.34063674132492117 0.030625000000000013 0.06363599999999996
0 0.816484375 0.31651831545741327 0.04312499999999997 0.07070699999999995
