0 0.057191762942779285 0.773828125 0.047992999999999994 0.03562500000000002
0 0.1425999673024523 0.7904296875 0.04101199999999999 0.03875000000000006
0 0.23879955858310625 0.7747265625 0.052356999999999994 0.03374999999999995
0 0.3348477738419618 0.794375 0.03315900000000008 0.03187499999999999
0 0.4654007520435967 0.845625 0.06195400000000002 0.06312499999999999
0 0.5371839782016349 0.7621484375 0.027922999999999896 0.02937499999999993
0 0.6415589564032698 0.8694921875 0.05671899999999995 0.05312499999999998
0 0.6336603760217983 0.771875 0.03141300000000007 0.03249999999999997
0 0.7574625803814714 0.723515625 0.026178 0.020000000000000018
0 0.7655291716621253 0.7590234375 0.03752200000000003 0.030625000000000013
0 0.7821091716621253 0.7916015625 0.03752200000000003 0.03437499999999993
0 0.8153127520435968 0.8250390625 0.06020999999999993 0.04937499999999995
0 0.8909083651226158 0.8023828125 0.045375 0.04249999999999998
0 0.9403705585831063 0.7926171875 0.052356 0.05312499999999998
