0 0.0078125 0.31661170588235293 0.016949 0.025510000000000043
0 0.0107421875 0.36733164705882354 0.022034 0.03826599999999997
0 0.0413630625 0.5782709411764706 0.049152999999999995 0.06632700000000005
0 0.0558426875 0.49242176470588234 0.037288 0.06122500000000006
0 0.0720173125 0.36772182352941174 0.025424000000000002 0.04464299999999999
0 0.1098951875 0.38882005882352944 0.022032999999999997 0.036989999999999995
0 0.1387081875 0.3862690588235294 0.022033999999999998 0.03571500000000001
0 0.140273625 0.5025356470588236 0.020338999999999996 0.040817000000000006
0 0.146133 0.4487690588235294 0.03220399999999998 0.036989999999999953
0 0.1683691875 0.38557882352941175 0.022033999999999998 0.045918999999999995
0 0.1976268125 0.565021294117647 0.042372999999999994 0.07780600000000006
0 0.208918625 0.3764552352941176 0.020338999999999996 0.04209200000000003
0 0.2344711875 0.3985294117647059 0.022033999999999998 0.04719400000000002
0 0.237400875 0.5119449411764706 0.02796599999999999 0.06632599999999998
0 0.2692171875 0.3709630588235294 0.022880999999999985 0.036989999999999953
0 0.2804923125 0.4 0.025422999999999973 0.05102
0 0.3025989375 0.510969 0.01525399999999999 0.05102099999999999
0 0.3087890625 0.3796964705882353 0.01949200000000001 0.034439000000000004
0 0.320968125 0.5278357058823528 0.036441 0.07397999999999999
0 0.33459975 0.39176123529411766 0.023729 0.04209199999999999
0 0.386036625 0.4081486470588236 0.020338999999999996 0.040815999999999936
0 0.4132675 0.5514705882352942 0.048306000000000016 0.10459200000000003
0 0.4198060625 0.39990988235294117 0.017796999999999952 0.030612000000000035
0 0.430620875 0.4610294117647059 0.028814000000000006 0.04846899999999997
0 0.4469250625 0.4003000588235294 0.01949099999999998 0.036989999999999953
0 0.4565051875 0.4309120588235294 0.022033999999999998 0.03699000000000004
0 0.4823885 0.38951129411764707 0.016102000000000005 0.029335999999999942
0 0.4994670625 0.4181570588235294 0.01949200000000001 0.03699000000000004
0 0.5255928125 0.5000747647058823 0.041525000000000034 0.05994899999999996
0 0.5364969375 0.4294414705882353 0.014406999999999948 0.033164000000000055
0 0.5518805 0.41590611764705876 0.016948999999999992 0.021684000000000064
0 0.56171875 0.45465141176470586 0.023729 0.048470000000000034
0 0.5786510625 0.5301767647058824 0.049153 0.10969399999999994
0 0.5918400625 0.4105040588235294 0.018643999999999994 0.036989999999999953
0 0.6242285625 0.5302975882352942 0.034745999999999944 0.053570999999999876
0 0.627562625 0.4436670588235294 0.020338999999999996 0.036989999999999953
0 0.6447138125 0.4279708823529412 0.010168999999999984 0.03188800000000005
0 0.6570214375 0.5583585882352942 0.02966100000000005 0.05484699999999997
0 0.6638740625 0.42650029411764706 0.017795999999999923 0.028062000000000066
0 0.665181375 0.3379055294117647 0.011863999999999986 0.01913200000000004
0 0.683825375 0.41355070588235293 0.013558999999999988 0.024234000000000033
0 0.6954881875 0.45318082352941175 0.022033999999999998 0.04464299999999999
0 0.6999833125 0.5554174117647059 0.027119000000000004 0.049744999999999893
0 0.7124371875 0.4238448235294117 0.02288100000000004 0.04464300000000007
0 0.7404758125 0.43160229411764706 0.010169999999999901 0.026786000000000056
0 0.7629534375 0.6116295294117647 0.03050900000000001 0.06887800000000001
0 0.796133 0.4502396470588235 0.03220400000000001 0.040817000000000006
0 0.818756875 0.4232590588235294 0.027965999999999935 0.03699000000000004
0 0.837070125 0.5200925882352941 0.035592999999999986 0.05484699999999997
0 0.8364969375 0.42267429411764706 0.01525399999999999 0.028061
0 0.87122625 0.5882803529411764 0.03983000000000003 0.0625
0 0.8765124375 0.43699000000000005 0.02966100000000005 0.05229599999999993
0 0.8833650625 0.3958882941176471 0.018643999999999994 0.02678599999999997
0 0.934269 0.42403941176470583 0.03220299999999998 0.048470000000000034
0 0.9473686875 0.5113591764705883 0.03898299999999999 0.05867400000000002
0 0.9662875 0.4323826470588235 0.016101000000000032 0.03954099999999999
