0 0.015625 0.4778719326500732 0.031875 0.04409000000000001
0 0.03234375 0.41011963836017573 0.05625 0.10600400000000004
0 0.2190625 0.47120117862371885 0.08000000000000002 0.23264500000000005
0 0.3128125 0.5468521229868228 0.078125 0.09568500000000005
0 0.4455078125 0.5133787364568082 0.04250000000000004 0.08630400000000006
0 0.4737890625 0.46819331918008783 0.01874999999999999 0.05440900000000005
0 0.5376953125 0.45569970571010254 0.026874999999999982 0.06378999999999994
0 0.623671875 0.5244955402635432 0.05874999999999997 0.126642
0 0.7140234375 0.4174757247437775 0.09250000000000003 0.268293
0 0.9804296875 0.5196471229868229 0.03749999999999998 0.09474699999999998
