0 0.0791015625 0.2552083333333333 0.159375 0.513333
0 0.4529296875 0.3627775555555555 0.13187500000000002 0.3622220000000001
0 0.664453125 0.7945832222222222 0.004375000000000018 0.009999999999999985
0 0.717109375 0.616110888888889 0.011874999999999969 0.02777799999999993
0 0.7340234375 0.7652081111111112 0.030625000000000013 0.06888899999999992
0 0.795234375 0.7864585555555554 0.011874999999999969 0.018889000000000107
0 0.818359375 0.7138888888888889 0.013125000000000053 0.027778000000000032
0 0.8356640625 0.9934722222222222 0.01937499999999992 0.008888999999999925
0 0.8449609375 0.5629171111111112 0.014375000000000027 0.036665999999999914
0 0.8573828125 0.8364585555555556 0.010000000000000009 0.01888899999999991
0 0.900234375 0.7293056666666666 0.011874999999999969 0.02222199999999999
0 0.9307421875 0.9236804444444444 0.02312499999999995 0.045556000000000076
0 0.97640625 0.7677087777777778 0.008124999999999938 0.024444000000000007
