0 0.11140625 0.36625882869692533 0.039999999999999994 0.15557599999999996
0 0.2187109375 0.3093863806734993 0.044999999999999984 0.10215599999999996
0 0.2984375 0.3509219326500732 0.01749999999999996 0.04592300000000004
0 0.412734375 0.37071919033674966 0.013124999999999998 0.05060999999999996
0 0.4380078125 0.35045490190336753 0.010624999999999996 0.021555999999999954
0 0.4554296875 0.3508657730600293 0.006249999999999978 0.017806999999999965
0 0.4648046875 0.35379403074670573 0.007500000000000007 0.02342999999999992
0 0.696015625 0.4498550614934114 0.020625000000000004 0.04686099999999997
0 0.7108203125 0.23247922108345534 0.026874999999999982 0.07497700000000002
0 0.746171875 0.35683460761346997 0.028124999999999956 0.08247400000000002
0 0.7916015625 0.47287125183016104 0.03437499999999993 0.09840700000000005
0 0.8165234375 0.23312260761346995 0.02937500000000004 0.08247500000000003
