0 0.028906 0.7317708333333334 0.03125 0.05833299999999989
0 0.07226587500000001 0.7015621666666666 0.027344 0.03854200000000022
0 0.3095708125 0.7299475833333333 0.010936999999999975 0.04999999999999997
0 0.3687505 0.6505208333333333 0.015625 0.02604199999999997
0 0.438671625 0.6432288333333332 0.02031299999999997 0.02812500000000003
0 0.511328125 0.6309895833333333 0.036718999999999946 0.052083000000000025
0 0.6242185 0.6111975833333334 0.01640600000000003 0.019791999999999883
0 0.7994143125 0.5697913333333333 0.027343000000000006 0.041666999999999975
0 0.8556643125 0.901042 0.057031000000000054 0.09375
0 0.9072268125 0.5664065833333334 0.011718000000000006 0.052082999999999956
