0 0.0140625 0.24348991666666667 0.0175 0.030833
0 0.04484375 0.17786424999999997 0.024375 0.040834000000000016
0 0.0913671875 0.220625 0.022499999999999992 0.03249999999999997
0 0.160234375 0.21276008333333332 0.013124999999999998 0.034999999999999996
0 0.205546875 0.20333333333333334 0.028749999999999998 0.04416700000000003
0 0.2529296875 0.22192708333333333 0.006249999999999978 0.035833000000000004
0 0.2605859375 0.22453125 0.014375000000000027 0.03916699999999999
0 0.3319921875 0.23953125 0.023125000000000007 0.040832999999999973
0 0.4301171875 0.2733333333333334 0.021874999999999978 0.041666999999999975
0 0.435234375 0.24005175 0.013124999999999998 0.02416700000000001
0 0.5282421875 0.25869824999999996 0.02187500000000009 0.04083300000000004
0 0.5835546875 0.2469795 0.0068750000000000755 0.016665999999999997
0 0.5931640625 0.23859408333333332 0.018125000000000058 0.034165999999999995
0 0.70859375 0.1958333333333333 0.024374999999999925 0.041667000000000044
0 0.87421875 0.20713541666666666 0.024374999999999925 0.04500000000000004
