0 0.07124093749999999 0.47477322302158276 0.04560000000000001 0.07291700000000005
0 0.057821375 0.04865432613908873 0.012724999999999993 0.019531999999999997
0 0.061727625 0.3110575707434053 0.020147999999999992 0.03385400000000001
0 0.13676731250000002 0.32657961151079135 0.026510999999999993 0.036458000000000025
0 0.1413450625 0.3257924076738609 0.019087999999999994 0.02473999999999997
0 0.2959715 0.6833786306954436 0.04878100000000002 0.09635400000000001
0 0.6024405 0.5609171414868106 0.04878099999999996 0.06901000000000003
0 0.62822725 0.40720565227817745 0.04029700000000003 0.04036400000000004
0 0.64413325 0.45784622302158273 0.04029700000000003 0.07291699999999998
0 0.649214625 0.35351077458033575 0.020147999999999944 0.045572999999999995
0 0.65289925 0.35532857074340524 0.008482999999999907 0.03515600000000002
0 0.8611895 0.4044612230215827 0.047719999999999985 0.07291600000000005
0 0.882566375 0.49852010071942443 0.04347800000000002 0.06640600000000002
