0 0.2241796875 0.8109360922401171 0.03812499999999999 0.0731710000000001
0 0.2866796875 0.7860199633967789 0.03875000000000001 0.0675420000000001
0 0.40828125 0.81679260761347 0.03937499999999999 0.08255200000000017
0 0.457421875 0.7897729633967789 0.02812500000000001 0.06941800000000005
0 0.5173046875 0.79146460761347 0.03874999999999995 0.082552
0 0.6030859375 0.833906122986823 0.04625000000000001 0.09380899999999985
0 0.62578125 0.7392302210834554 0.040000000000000036 0.07504699999999996
0 0.712734375 0.8122168653001464 0.04312499999999997 0.09005600000000014
0 0.766328125 0.7874840922401171 0.03687499999999999 0.0731710000000001
0 0.8273046875 0.7868447057101026 0.03875000000000006 0.06191299999999994
0 0.8805078125 0.7933406076134699 0.04125000000000001 0.08442799999999995
