0 0.0856640625 0.3365550849673203 0.018125000000000002 0.029287999999999984
0 0.182265625 0.3358214640522876 0.020625000000000004 0.03598400000000004
0 0.2172265625 0.42729192810457517 0.03375 0.06861999999999994
0 0.2163671875 0.3234772222222222 0.023125000000000007 0.046862000000000015
0 0.3071484375 0.36605184313725486 0.02937500000000004 0.040167
0 0.3294921875 0.5147424117647059 0.021875000000000033 0.04937300000000003
0 0.4066015625 0.38236635947712416 0.034999999999999976 0.06192499999999996
0 0.4576171875 0.37431546405228755 0.02312499999999995 0.03431000000000004
0 0.5116796875 0.40951116993464054 0.03812500000000002 0.05857800000000005
0 0.538046875 0.5314138039215686 0.09125 0.14979100000000004
0 0.6431640625 0.4253614640522876 0.05062500000000003 0.035146999999999984
0 0.945390625 0.5091856143790849 0.08374999999999999 0.14644400000000005
