0 0.0807158125 0.353177159590044 0.011666999999999997 0.027499999999999955
0 0.08140625 0.35107064421669104 0.008333000000000007 0.017500000000000022
0 0.11119825 0.391747803806735 0.04000000000000001 0.04249999999999996
0 0.1428125 0.35464128843338216 0.015832999999999986 0.02999999999999997
0 0.2955078125 0.4786749633967789 0.04249999999999998 0.07
0 0.408958 0.3981771595900439 0.03250000000000003 0.028750000000000026
0 0.4132421875 0.3969619326500732 0.021666999999999992 0.046250000000000006
0 0.48036425 0.4637097364568082 0.03999999999999998 0.08750000000000006
0 0.5465751875 0.4615684480234261 0.021666999999999992 0.05749999999999997
0 0.5678125 0.4586054172767204 0.015832999999999986 0.033749999999999974
0 0.5719795 0.45924780380673497 0.01666600000000007 0.042500000000000045
0 0.5879560625 0.4756771595900439 0.018333000000000044 0.02750000000000004
0 0.5882158125 0.46860541727672034 0.01083400000000001 0.033749999999999974
0 0.6485546875 0.4766379941434846 0.03749999999999998 0.09124999999999994
0 0.7868876875 0.46367496339677894 0.03833399999999998 0.06750000000000003
0 0.8149091875 0.49528367496339676 0.023333000000000048 0.03875000000000001
0 0.860911125 0.5030325768667643 0.03583400000000003 0.05999999999999994
0 0.94119825 0.45931734992679357 0.040000000000000036 0.07750000000000001
