0 0.4990234375 0.442314411764706 0.999375 0.298494
0 0.0100390625 0.5009942941176471 0.01875 0.029189999999999994
0 0.0934375 0.3664584705882353 0.015625 0.03295699999999997
0 0.0984375 0.30125411764705884 0.016875 0.022598999999999966
0 0.1143359375 0.36351729411764705 0.013749999999999998 0.027306999999999998
0 0.1190625 0.4845738823529412 0.016874999999999987 0.031073999999999977
0 0.1459375 0.46698011764705877 0.015625 0.02165700000000002
0 0.1488671875 0.5012266470588235 0.021875000000000006 0.038606999999999954
0 0.163515625 0.3937654705882353 0.01999999999999999 0.03483999999999997
0 0.1912109375 0.5253601176470588 0.014999999999999986 0.022598999999999925
0 0.194140625 0.4484966470588236 0.020624999999999977 0.03860599999999997
0 0.2287890625 0.4743330588235294 0.018125000000000002 0.036723000000000054
0 0.2374609375 0.5257086470588235 0.015000000000000013 0.038606999999999954
0 0.26109375 0.4672124705882353 0.02437499999999998 0.03295599999999999
0 0.352890625 0.47851147058823523 0.020625000000000004 0.032957000000000056
0 0.3521875 0.5418967058823531 0.015625 0.025424
0 0.390234375 0.46744482352941175 0.012499999999999956 0.046138999999999944
0 0.4459375 0.3363274705882353 0.017500000000000016 0.033897999999999984
0 0.477109375 0.4484966470588236 0.011875000000000024 0.03860599999999997
0 0.4828125 0.47368729411764704 0.01687500000000003 0.02730700000000008
0 0.5026171875000001 0.46615429411764703 0.023125000000000007 0.029189999999999994
0 0.5034375 0.4718042941176471 0.016874999999999973 0.02730699999999991
0 0.511484375 0.3578682941176471 0.011874999999999969 0.027306999999999953
0 0.512734375 0.40506547058823533 0.013125000000000053 0.03295699999999997
0 0.5559375 0.4728624705882353 0.015625 0.032956000000000076
0 0.5705859375 0.44814711764705883 0.01375000000000004 0.022598999999999925
0 0.619765625 0.4969310588235294 0.020625000000000004 0.036724000000000034
0 0.630859375 0.46427129411764706 0.011874999999999969 0.027306999999999998
0 0.6481640625 0.5152344705882353 0.018749999999999933 0.03295699999999997
0 0.7206640625 0.4822784705882353 0.01937499999999992 0.03295599999999999
0 0.7268359375 0.37805470588235296 0.015000000000000013 0.024482000000000007
0 0.7669140625 0.4860444705882353 0.01937499999999992 0.03484000000000006
0 0.7736328125 0.5823857058823529 0.011249999999999982 0.025424
0 0.8455859375 0.4133071176470588 0.014375000000000027 0.020716000000000012
0 0.8940625 0.41918947058823525 0.015625 0.03484000000000006
0 0.938359375 0.34927711764705877 0.011874999999999969 0.02165700000000006
0 0.954140625 0.32532370588235293 0.020000000000000018 0.025424
0 0.9619140625 0.41707411764705876 0.01937500000000003 0.02071500000000003
0 0.9828125 0.46762488235294114 0.016249999999999987 0.031072999999999993
0 0.9918359375 0.37093411764705886 0.014375000000000027 0.022598999999999925
0 0.993359375 0.5005818823529411 0.011874999999999969 0.031073000000000076
