0 0.041874999999999996 0.404929448023426 0.03125 0.056285000000000085
0 0.0885546875 0.44631870571010246 0.03874999999999999 0.06191400000000008
0 0.0941015625 0.3409550922401171 0.035 0.07129499999999998
0 0.1848046875 0.404929448023426 0.03812499999999999 0.05816100000000004
0 0.1871484375 0.35122993265007324 0.030625000000000013 0.04596699999999997
0 0.2613671875 0.39907293265007315 0.021875000000000033 0.04596600000000004
0 0.3109765625 0.39468054612005854 0.03437499999999999 0.03658500000000006
0 0.3826953125 0.35104657686676427 0.02562500000000001 0.06097499999999997
0 0.4205859375 0.40812938067349924 0.044999999999999984 0.10131299999999999
0 0.4864453125 0.32654231918008786 0.02562500000000001 0.05347099999999999
0 0.598671875 0.3940843191800878 0.028125000000000067 0.05347099999999995
0 0.59796875 0.34184893265007316 0.024374999999999925 0.04409000000000005
0 0.6889453125 0.30162519033674967 0.026874999999999982 0.05253300000000002
0 0.72375 0.40264057686676424 0.03312499999999996 0.060038
0 0.7802734375 0.3253057057101025 0.030625000000000013 0.061914
0 0.852578125 0.3305218345534407 0.03562500000000002 0.06566600000000003
0 0.8872265625 0.34372593265007323 0.03375000000000006 0.045966
0 0.8946484375 0.28954444802342605 0.02937500000000004 0.058160999999999956
0 0.935 0.34811831918008784 0.03249999999999997 0.055346999999999945
0 0.9791796875 0.31949334992679357 0.03875000000000006 0.078799
