0 0.068359375 0.4785661286307054 0.138125 0.21196099999999993
0 0.1513671875 0.21094938589211618 0.085625 0.136877
0 0.27445312499999996 0.587496908713693 0.06750000000000003 0.10963400000000002
0 0.4490234375 0.2594678755186722 0.029374999999999984 0.102325
0 0.490859375 0.7200817634854771 0.07562500000000005 0.14352200000000007
0 0.5253125000000001 0.13275435269709543 0.08000000000000002 0.12956800000000002
0 0.5769140625 0.5881950082987552 0.14437500000000003 0.12823900000000005
0 0.5451953125 0.2098914315352697 0.057499999999999996 0.08172800000000001
0 0.761171875 0.22511235269709542 0.08999999999999997 0.129568
0 0.8055859375 0.14555521991701242 0.07750000000000001 0.10431900000000001
