0 0.183463875 0.22045754026354317 0.059165999999999996 0.12874999999999998
0 0.196484375 0.02342606149341142 0.04416700000000001 0.0475
0 0.2761328125 0.2402086383601757 0.07250000000000001 0.10625
0 0.42567675 0.16335102489019032 0.055833999999999995 0.11500000000000002
0 0.4963408125 0.18038799414348464 0.04250000000000004 0.09124999999999998
0 0.5336064375 0.25560212298682283 0.060833999999999944 0.09625000000000002
0 0.59317675 0.20163799414348463 0.05499999999999994 0.09124999999999998
0 0.6263408125 0.10178257686676427 0.04250000000000009 0.06125000000000001
0 0.6591279375 0.1737097364568082 0.04500000000000004 0.08750000000000001
0 0.7446748125 0.17035322108345535 0.04166599999999998 0.07499999999999997
0 0.7844795 0.1371760614934114 0.015832999999999986 0.04875
0 0.8549609375 0.1917130307467057 0.04583300000000001 0.024999999999999984
0 0.848958 0.19299780380673498 0.03249999999999997 0.0425
0 0.8894795 0.20692715959004393 0.01666600000000007 0.028749999999999984
