0 0.10449770588235295 0.5002734375 0.07525899999999999 0.06187500000000001
0 0.19515382352941177 0.505 0.04421500000000001 0.03187499999999999
0 0.35966364705882353 0.3856640625 0.03856999999999999 0.049375
0 0.4264556470588235 0.34640625 0.038570000000000076 0.03937499999999999
0 0.45173647058823524 0.3285546875 0.03386600000000002 0.03875000000000001
0 0.49447988235294116 0.305 0.030104000000000124 0.03250000000000003
0 0.6070984705882353 0.750078125 0.13358400000000004 0.13
0 0.5910836470588234 0.29921875 0.03856999999999999 0.02375000000000005
0 0.6594654117647059 0.4624609375 0.048918000000000045 0.07812499999999994
0 0.7664618235294117 0.894765625 0.24647199999999997 0.208125
0 0.6892118823529412 0.283515625 0.03104399999999998 0.020625000000000004
0 0.8093336470588236 0.2754296875 0.03856999999999991 0.03749999999999998
