0 0.0894140625 0.5082786491228071 0.080625 0.08988799999999997
0 0.1341015625 0.31887798830409353 0.0037500000000000033 0.005618000000000008
0 0.1448046875 0.3119129766081871 0.0062500000000000056 0.008426999999999971
0 0.1998046875 0.32929196491228063 0.0062500000000000056 0.011236000000000058
0 0.2236328125 0.3486599298245614 0.010000000000000009 0.01966299999999999
0 0.2304296875 0.3330379649122807 0.006874999999999992 0.009362999999999998
0 0.230703125 0.3222119766081872 0.005624999999999991 0.007490999999999946
0 0.2397265625 0.32730498830409355 0.0037500000000000033 0.005618000000000008
0 0.259140625 0.3912548362573099 0.020625000000000004 0.04213399999999997
0 0.251953125 0.3339739649122807 0.0050000000000000044 0.010300000000000033
0 0.28328125 0.3377189649122807 0.009375000000000022 0.010299999999999991
0 0.281953125 0.38371394152046784 0.004999999999999949 0.014982000000000058
0 0.286953125 0.35989592982456137 0.0050000000000000044 0.01779000000000001
0 0.3172265625 0.3474929766081872 0.003750000000000031 0.007490999999999946
0 0.3254296875 0.36686094152046783 0.006249999999999978 0.01591699999999999
0 0.3534765625 0.3655139298245614 0.003750000000000031 0.01779000000000001
0 0.363203125 0.3516489883040936 0.0050000000000000044 0.005617999999999925
0 0.3641796875 0.3704909649122807 0.006249999999999978 0.009362999999999998
0 0.373203125 0.35457296491228074 0.004999999999999949 0.009363999999999966
0 0.384453125 0.3564459649122807 0.005624999999999991 0.011236000000000017
0 0.3885546875 0.3779819649122807 0.006249999999999978 0.011235000000000007
0 0.42515625 0.5240816725146199 0.03937499999999999 0.08426999999999997
0 0.410078125 0.36768196491228067 0.005624999999999991 0.010299999999999991
0 0.423203125 0.37715994152046783 0.0050000000000000044 0.014980999999999965
0 0.430703125 0.3690289766081871 0.0050000000000000044 0.007490999999999987
0 0.4378125 0.42724584795321635 0.017500000000000016 0.03838900000000003
0 0.438828125 0.37090197660818713 0.0050000000000000044 0.007489999999999978
0 0.455078125 0.37236396491228074 0.0050000000000000044 0.009362999999999998
0 0.494375 0.3769299883040936 0.0012499999999999734 0.005618000000000008
0 0.5065625 0.47892390643274857 0.015625 0.02340899999999999
0 0.571328125 0.3917309298245614 0.0050000000000000044 0.018725999999999996
0 0.603203125 0.347312918128655 0.005625000000000102 0.022471999999999992
0 0.64921875 0.4602468011695906 0.024375000000000036 0.052435000000000016
0 0.6428515625 0.24180295321637424 0.0025000000000000577 0.012172000000000002
0 0.668828125 0.4055459766081871 0.0050000000000000044 0.006553999999999993
0 0.702109375 0.3528159415204678 0.011874999999999969 0.014981000000000006
0 0.70640625 0.42064195321637426 0.008124999999999938 0.013109000000000037
0 0.74140625 0.4243869532163742 0.008749999999999925 0.013109000000000037
0 0.78078125 0.44498695321637427 0.009375000000000022 0.012172000000000002
0 0.7987890625 0.4556308830409357 0.018124999999999947 0.030898999999999965
0 0.8490625 0.6146096374269006 0.04874999999999996 0.091761
0 0.882109375 0.3188608011695907 0.04312500000000008 0.05149899999999995
