0 0.0185546875 0.8334538594436312 0.038125 0.180881
0 0.038593749999999996 0.5598538960468522 0.05500000000000001 0.11152799999999995
0 0.10140625 0.5265858653001464 0.03937499999999999 0.08809700000000001
0 0.126328125 0.4825368653001464 0.036875000000000005 0.08809700000000001
0 0.1246484375 0.4005939326500732 0.029375 0.044986
0 0.1762890625 0.6188988960468522 0.04999999999999999 0.11152699999999989
0 0.2076171875 0.3613471903367496 0.023125000000000007 0.05061
0 0.2565625 0.5370722210834554 0.04687500000000003 0.07403899999999995
0 0.25886718750000004 0.3978981903367496 0.02312499999999998 0.05248400000000001
0 0.2953515625 0.45846347877013177 0.034999999999999976 0.08153700000000001
0 0.360546875 0.3851880614934114 0.02812500000000001 0.04967200000000007
0 0.4887890625 0.29539341727672036 0.01937500000000003 0.03467600000000003
0 0.57875 0.48540896339677897 0.03249999999999997 0.06935299999999996
0 0.6708203125 0.42361306149341144 0.026875000000000093 0.04967199999999999
0 0.71625 0.4211518345534407 0.03312499999999996 0.06466699999999997
0 0.720703125 0.5869767364568083 0.03687499999999999 0.08622299999999992
0 0.72125 0.4704139633967789 0.0318750000000001 0.06747800000000007
0 0.7509375 0.5284598653001464 0.04874999999999996 0.08809799999999998
0 0.76875 0.6184318653001464 0.06437499999999996 0.08903499999999999
0 0.757890625 0.364452803806735 0.019999999999999907 0.04123700000000001
0 0.794921875 0.40580706149341145 0.028124999999999956 0.046860000000000006
0 0.811796875 0.741905411420205 0.06000000000000005 0.124649
0 0.809375 0.44997231918008784 0.032500000000000084 0.05529499999999998
0 0.8391015625 0.4230258345534407 0.034375000000000044 0.06654200000000003
0 0.8963671875 0.8770368286969253 0.08437499999999998 0.15557600000000005
0 0.9537109375 0.49103196339677896 0.04625000000000001 0.06747899999999996
0 0.9533984375 0.3978981903367496 0.030625000000000013 0.05061
0 0.972890625 0.6468976383601757 0.051875000000000004 0.10590500000000003
