0 0.0372265625 0.773544571010249 0.065 0.150094
0 0.0440234375 0.4167826749633968 0.030625 0.03846099999999993
0 0.1812890625 0.06477215959004393 0.018125000000000002 0.028142000000000004
0 0.306640625 0.4268030614934114 0.020625000000000004 0.047841999999999996
0 0.343984375 0.6567223806734993 0.04375000000000001 0.100375
0 0.3536328125 0.7426576691068814 0.041874999999999996 0.1303939999999999
0 0.390390625 0.4397085461200586 0.02124999999999999 0.03658499999999998
0 0.444140625 0.10657328843338214 0.019999999999999962 0.03001900000000001
0 0.496640625 0.43430806149341145 0.019999999999999962 0.047841999999999996
0 0.620859375 0.6952016017569546 0.07562500000000005 0.17354600000000003
0 0.626171875 0.4098038038067349 0.028124999999999956 0.04221400000000006
0 0.6682421875 0.43638563836017563 0.053750000000000075 0.10788000000000005
