0 0.413671875 0.4513020833333334 0.028124999999999956 0.03437499999999997
0 0.5306640625 0.3177083333333333 0.050000000000000044 0.07500000000000002
0 0.5986330625 0.346875 0.019530999999999965 0.03125
0 0.6171875 0.3505208333333334 0.017186999999999952 0.0260419999999999
0 0.7099611875 0.360417 0.02343699999999993 0.03333299999999998
0 0.7451171875 0.7505205 0.08593700000000004 0.140625
0 0.7330080625 0.37421908333333337 0.019531000000000076 0.036457999999999956
0 0.86249975 0.2609375 0.27343799999999996 0.235417
0 0.7521481875 0.39557325 0.021874999999999978 0.03958300000000007
0 0.7896486875 0.7140625000000002 0.06875000000000009 0.14062500000000008
0 0.7960935 0.430208 0.01640699999999995 0.03125
0 0.8095703125 0.4151045 0.026563000000000003 0.046875
0 0.866796625 0.4169270833333334 0.021094000000000057 0.035416999999999955
0 0.874608875 0.3609371666666667 0.028907000000000016 0.03854199999999993
0 0.89062475 0.4143225833333333 0.025000000000000022 0.051041999999999955
0 0.8921875 0.242708 0.01718799999999998 0.03125
0 0.919921875 0.3617184166666667 0.028905999999999987 0.04479200000000002
0 0.927733875 0.44453158333333337 0.028906999999999905 0.04999999999999997
0 0.9326171875 0.3013020833333333 0.02343700000000004 0.036458000000000025
0 0.95078075 0.47057325 0.02500100000000005 0.04166599999999998
0 0.9576174375 0.7838545 0.02968700000000002 0.08020799999999983
0 0.9595703125 0.30755208333333334 0.025780999999999943 0.03645799999999999
0 0.96406275 0.39244825 0.024218000000000073 0.04166599999999998
0 0.993359375 0.3239583333333333 0.011718999999999924 0.04374999999999999
