0 0.0490231875 0.37692406451612903 0.021875 0.06565099999999999
0 0.185156 0.3783903401759531 0.032031000000000004 0.069168
0 0.2263669375 0.3558354750733138 0.04531299999999999 0.11371699999999994
0 0.4501950625 0.4053605454545455 0.04921899999999996 0.09144200000000002
0 0.5189448125 0.42851016715542517 0.042188 0.07737400000000001
0 0.5806635625 0.44549730791788855 0.03359400000000001 0.036341999999999965
0 0.63593725 0.4302738211143695 0.03906299999999996 0.09613099999999995
0 0.7373049375 0.430851064516129 0.04531200000000002 0.06565099999999999
0 0.8205078125 0.4299589296187683 0.010938000000000003 0.021102000000000024
0 0.8822270625 0.34614568621700875 0.049217999999999984 0.05275500000000002
0 0.91093725 0.43582092961876834 0.00859399999999999 0.02110199999999994
0 0.978516125 0.47774816715542523 0.035937 0.07854600000000002
