0 0.0185546875 0.590381 0.0375 0.05268099999999992
0 0.147421875 0.5355267647058823 0.028124999999999983 0.059266000000000096
0 0.1756640625 0.380532705882353 0.019375000000000003 0.025398999999999963
0 0.21328125 0.7596166470588235 0.071875 0.14111000000000012
0 0.3146875 0.5713929411764705 0.04749999999999999 0.06491100000000007
0 0.3166015625 0.9057218823529413 0.03500000000000003 0.13170300000000001
0 0.396796875 0.501476294117647 0.027500000000000024 0.029163000000000033
0 0.4028515625 0.6956891176470588 0.034375000000000044 0.07149600000000007
0 0.3946875 0.5119434705882353 0.016249999999999987 0.03386600000000002
0 0.451875 0.8008241764705882 0.06437499999999996 0.10724400000000003
0 0.508984375 0.6645798235294118 0.043125000000000024 0.046096000000000005
0 0.5076171875 0.5366398235294118 0.021875000000000033 0.046096000000000005
0 0.5095703125 0.661401294117647 0.025624999999999953 0.02822199999999994
0 0.5675390625 0.5147115882352941 0.01937500000000003 0.05456200000000004
0 0.676796875 0.6568807647058824 0.05875000000000008 0.05926699999999991
0 0.720234375 0.5464043529411765 0.04312499999999997 0.06208899999999995
0 0.754765625 0.5271136470588235 0.02124999999999999 0.04045200000000009
0 0.7601171875 0.526000588235294 0.02312499999999995 0.05362100000000003
0 0.7771875 0.5227018823529411 0.016249999999999987 0.03104399999999998
0 0.7995703125 0.8606746470588235 0.026874999999999982 0.09030999999999999
0 0.809765625 0.5767995882352941 0.020625000000000004 0.0536220000000001
0 0.8871875 0.3646588823529412 0.016249999999999987 0.031985000000000034
0 0.9104296875 0.6998635294117647 0.03749999999999998 0.06961400000000006
0 0.9389453125 0.5548713529411765 0.026874999999999982 0.06396999999999999
