0 0.0048828125 0.19848034992679353 0.01 0.07692299999999998
0 0.0370703125 0.6129559326500732 0.025625000000000002 0.04596699999999993
0 0.109453125 0.8296539326500733 0.035625000000000004 0.04409000000000001
0 0.13386718749999998 0.1457188345534407 0.023124999999999993 0.065666
0 0.1433203125 0.4592942884333822 0.02562500000000001 0.030956999999999957
0 0.1858203125 0.1925796749633968 0.02687500000000001 0.040338
0 0.2707421875 0.42312115959004387 0.021874999999999978 0.027204
0 0.3486328125 0.1306397364568082 0.04125000000000001 0.08536600000000001
0 0.42859375 0.9367284114202049 0.14875000000000005 0.12382700000000002
0 0.382578125 0.6570027730600293 0.03562500000000002 0.019698999999999967
0 0.373359375 0.46574703074670565 0.013124999999999998 0.023452000000000094
0 0.4536328125 0.16470934992679356 0.04125000000000001 0.078799
0 0.504609375 0.4202370614934115 0.04312499999999997 0.04971799999999995
0 0.5091796875 0.5256006749633968 0.038125000000000075 0.038461000000000016
0 0.51515625 0.6819189019033675 0.040000000000000036 0.022514000000000034
0 0.5651171875 0.12853522108345536 0.053750000000000075 0.075047
0 0.586171875 0.590810644216691 0.028124999999999956 0.01688500000000004
0 0.5924609375 0.3418057730600293 0.015000000000000013 0.019698999999999967
0 0.70421875 0.16162267496339677 0.02375000000000005 0.04033800000000002
0 0.7232421875 0.3520546749633968 0.021874999999999978 0.03846099999999993
0 0.740859375 0.5504726442166911 0.011874999999999969 0.015009000000000088
0 0.8512109375 0.5146412884333821 0.015000000000000013 0.03095700000000004
0 0.8878125 0.19340341727672036 0.015625 0.032832999999999994
0 0.9077734375 0.594790159590044 0.02937500000000004 0.028142999999999946
