0 0.108671875 0.31734408333333336 0.05937500000000001 0.098333
0 0.143984375 0.26265625 0.04375000000000001 0.07083300000000003
0 0.2069921875 0.3957815833333333 0.08499999999999999 0.145
0 0.3203125 0.3011975833333333 0.048750000000000016 0.08083400000000003
0 0.3611328125 0.23255208333333335 0.04125000000000001 0.06583299999999996
0 0.4596875 0.34984408333333333 0.04874999999999996 0.09833300000000005
0 0.4916796875 0.28515625 0.03874999999999995 0.071667
0 0.6048828125 0.25015625 0.04125000000000001 0.07249999999999997
0 0.6504296875 0.21281283333333334 0.03750000000000009 0.058333
0 0.71671875 0.28651008333333333 0.055625000000000036 0.09833399999999999
0 0.7097265625 0.20223958333333333 0.034375000000000044 0.05000000000000001
0 0.7791015625 0.23161491666666667 0.03375000000000006 0.05999999999999998
0 0.8348828125 0.26786458333333335 0.04250000000000009 0.08333300000000003
0 0.9165625 0.27015625 0.048125000000000084 0.07250000000000001
0 0.9591796875 0.2092705 0.03749999999999998 0.04833399999999999
0 0.95671875 0.23901074999999997 0.024375000000000036 0.05666600000000003
