0 0.0744140625 0.30823634992679355 0.11187499999999999 0.078799
0 0.1587890625 0.3116024172767204 0.018750000000000017 0.032832999999999994
0 0.2497265625 0.2710982825768668 0.06562500000000002 0.12101399999999998
0 0.369375 0.3118309326500732 0.09499999999999997 0.045966
0 0.46296875 0.30869238067349924 0.05625000000000002 0.100375
0 0.6476171875 0.3385270248901904 0.05312499999999998 0.11632300000000001
0 0.7411328125 0.31700290190336755 0.010624999999999996 0.021575999999999974
0 0.7761328125 0.3109630307467057 0.010000000000000009 0.02345199999999997
0 0.7948046875 0.32450790190336753 0.007499999999999951 0.021575999999999974
0 0.9375390625 0.2930247730600293 0.018125000000000058 0.018762000000000004
