0 0.0816414375 0.6143214375 0.029412000000000008 0.029411999999999994
0 0.367531875 0.8851806875 0.06045800000000001 0.22548999999999997
0 0.37609775 0.60485575 0.024509999999999976 0.02450999999999992
0 0.393752625 0.5917645625 0.01960799999999996 0.03431400000000007
0 0.4517465 0.6739685 0.10947699999999999 0.11111100000000007
0 0.5431030625 0.596366625 0.017974000000000045 0.021241999999999983
0 0.60776625 0.6643371875 0.04085000000000005 0.022876000000000007
0 0.6587969375 0.5943943125 0.014705999999999997 0.026144000000000056
0 0.7695888125 0.67348375 0.009804000000000035 0.02450999999999992
0 0.8542175 0.61956175 0.01634000000000002 0.024510000000000032
0 0.8936566875 0.6778939375 0.07026199999999994 0.10784299999999991
0 0.9442339375 0.932100125 0.10784300000000002 0.13071900000000003
0 0.9401620625 0.6407845625 0.017973000000000017 0.034313999999999956
