0 0.15734375 0.36872072099853154 0.05499999999999999 0.09689600000000004
0 0.264140625 0.3804222922173275 0.05124999999999999 0.09313300000000001
0 0.2655078125 0.21944243465491922 0.04125000000000001 0.08748800000000002
0 0.346171875 0.29993286343612335 0.05874999999999997 0.08936899999999999
0 0.3443359375 0.14335729221732746 0.044999999999999984 0.091251
0 0.4196875 0.18192729221732748 0.04749999999999999 0.09313299999999998
0 0.4270703125 0.3922387209985315 0.057499999999999996 0.09407400000000003
0 0.5418359375 0.27859357709251104 0.04625000000000001 0.080903
0 0.54515625 0.16687629221732747 0.040000000000000036 0.09219199999999995
0 0.6057421875 0.3823042922173275 0.053750000000000075 0.091251
0 0.6515625 0.16081872099853156 0.04749999999999999 0.094073
0 0.6932421875 0.34990572099853157 0.053749999999999964 0.09407399999999999
0 0.7529296875 0.13748357709251102 0.03749999999999998 0.080903
0 0.77984375 0.41293472099853157 0.05500000000000005 0.096896
0 0.7742578125 0.2721234346549192 0.04249999999999998 0.086548
