0 0.1001953125 0.36395457562408223 0.02687500000000001 0.06109099999999999
0 0.12765625 0.38839157562408216 0.040624999999999994 0.06015000000000005
0 0.1646875 0.33546472246696035 0.048750000000000016 0.11560100000000006
0 0.338046875 0.3819294331864904 0.028124999999999956 0.06578999999999999
0 0.388203125 0.37276514831130686 0.03687499999999999 0.07706800000000008
0 0.4391796875 0.36054714831130685 0.038124999999999964 0.07894800000000005
0 0.497265625 0.32583100734214393 0.05124999999999996 0.10432300000000003
0 0.577890625 0.31895829368575623 0.05249999999999999 0.113722
0 0.7169140625 0.29663486930983846 0.08187500000000003 0.172932
0 0.819375 0.33211743318649045 0.03312500000000007 0.06578999999999995
0 0.8963671875 0.346920718061674 0.021874999999999978 0.05451099999999997
0 0.920234375 0.3275352907488987 0.04437499999999994 0.07330899999999996
