0 0.054218749999999996 0.08270955555555555 0.05500000000000001 0.11142300000000001
0 0.16328125 0.3391812865497076 0.07125000000000001 0.17977500000000005
0 0.2082421875 0.18885948538011696 0.05374999999999999 0.129213
0 0.2611328125 0.1913886374269006 0.04250000000000001 0.091761
0 0.4021875 0.191799649122807 0.04750000000000004 0.08988800000000001
0 0.4888671875 0.3146886023391813 0.08562499999999995 0.10206000000000001
0 0.569765625 0.20058776608187134 0.05249999999999999 0.058988999999999965
0 0.6200390625 0.26483364912280705 0.050000000000000044 0.088015
0 0.6627734375 0.21772161403508772 0.06187500000000001 0.099251
0 0.7355078125 0.45444840935672515 0.198125 0.398876
0 0.730625 0.17658869590643275 0.0625 0.07865100000000001
0 0.8962109375 0.306968649122807 0.04625000000000001 0.088015
0 0.9527734375 0.4597545204678362 0.09250000000000003 0.12078600000000005
0 0.957890625 0.23493673099415202 0.08250000000000002 0.06741600000000002
