0 0.2022265625 0.39411491666666665 0.034999999999999976 0.061666000000000075
0 0.4528515625 0.3502086666666666 0.03374999999999995 0.05333300000000004
0 0.4783984375 0.4656767499999999 0.029374999999999984 0.055000000000000084
0 0.49359375 0.38703125 0.02437499999999998 0.03916699999999995
0 0.533125 0.3697395833333333 0.032500000000000084 0.050000000000000044
0 0.5614453125 0.37677049999999995 0.02562500000000001 0.04833400000000002
0 0.5788671875 0.3472395833333333 0.021874999999999978 0.04999999999999997
0 0.6120703125 0.40687466666666666 0.026874999999999982 0.05333400000000007
0 0.6401953125 0.3777600833333334 0.02562500000000001 0.03416699999999998
0 0.6863671875 0.3535940833333333 0.02312499999999995 0.034166000000000064
0 0.699296875 0.4075003333333333 0.028749999999999942 0.04250000000000006
0 0.883046875 0.3329684166666667 0.028124999999999956 0.045833999999999965
