0 0.0362890625 0.16338541727672035 0.01875 0.032833000000000015
0 0.0821875 0.18871341727672036 0.015625 0.032832999999999994
0 0.1226171875 0.271904803806735 0.021875000000000006 0.042214000000000015
0 0.180546875 0.2432366749633968 0.02812500000000001 0.04033700000000001
0 0.2087890625 0.11460441727672036 0.019374999999999976 0.032833000000000015
0 0.2144921875 0.30984067496339673 0.023125000000000007 0.04033700000000001
0 0.243046875 0.362899803806735 0.027500000000000024 0.04221300000000004
0 0.2507421875 0.13160367496339678 0.021875000000000033 0.03846199999999999
0 0.2507421875 0.18120841727672035 0.021875000000000033 0.032833000000000015
0 0.254765625 0.2292789326500732 0.020625000000000004 0.045027999999999985
0 0.2831640625 0.11648041727672036 0.018125000000000002 0.034709000000000004
0 0.2994921875 0.17663167496339677 0.021874999999999978 0.03846200000000003
0 0.3032421875 0.2943045461200586 0.021875000000000033 0.036585999999999994
0 0.30796875 0.2347936749633968 0.02437499999999998 0.04033799999999998
0 0.3082421875 0.13899441727672035 0.023125000000000007 0.032832999999999994
0 0.337890625 0.151829803806735 0.020625000000000004 0.042213999999999995
0 0.3487890625 0.2279290614934114 0.019374999999999976 0.047841999999999996
0 0.3906640625 0.13149041727672037 0.018125000000000002 0.03470899999999998
0 0.4044921875 0.15494241727672034 0.021875000000000033 0.034709000000000025
0 0.409375 0.6626749326500732 0.033125000000000016 0.045966000000000125
0 0.4057421875 0.22136206149341142 0.023125000000000007 0.04784299999999997
0 0.407265625 0.07531867496339678 0.020625000000000004 0.03846199999999999
0 0.4707421875 0.26950267496339675 0.023125000000000007 0.03846199999999999
0 0.475390625 0.1626749326500732 0.019999999999999962 0.045027999999999964
0 0.504921875 0.633822448023426 0.02812500000000001 0.056285
0 0.5087890625 0.155581803806735 0.01937500000000003 0.042213999999999995
0 0.52046875 0.22834093265007321 0.024374999999999925 0.04408999999999997
0 0.5626953125 0.24575206149341142 0.02562500000000001 0.04784300000000001
0 0.5657421875 0.15851006149341143 0.021874999999999978 0.046904999999999995
0 0.562109375 0.036217288433382136 0.013124999999999942 0.030957000000000005
0 0.5795703125 0.39596031918008784 0.02562500000000001 0.05347099999999999
0 0.589140625 0.19550793265007324 0.020625000000000004 0.04596600000000002
0 0.5998828125 0.04987641727672036 0.011249999999999982 0.03470899999999999
0 0.6094921875 0.24710293265007324 0.02312499999999995 0.04596599999999996
0 0.6501171875 0.2795240614934114 0.021874999999999978 0.047841999999999996
0 0.6551953125 0.18676731918008785 0.02562500000000001 0.05347100000000001
0 0.713984375 0.5919502210834554 0.04437499999999994 0.07504699999999996
0 0.7069921875 0.22177393265007322 0.02312499999999995 0.04596699999999997
0 0.7433203125 0.28380219033674964 0.026874999999999982 0.05253300000000002
0 0.7458203125 0.3789610614934114 0.02562500000000001 0.047841999999999996
0 0.777265625 0.19820767496339678 0.020625000000000004 0.03846199999999999
0 0.813125 0.5564875768667643 0.03312499999999996 0.05909900000000001
0 0.826875 0.432133448023426 0.03187499999999999 0.057223000000000065
0 0.8375 0.34894206149341145 0.03312499999999996 0.047841999999999996
0 0.843046875 0.26931831918008786 0.028125000000000067 0.05347099999999999
