0 0.0386328125 0.46457529515418505 0.0725 0.13345899999999994
0 0.0951171875 0.2868264375917768 0.05374999999999999 0.12782000000000002
0 0.1066015625 0.10837343465491925 0.03375 0.08646699999999999
0 0.27890625 0.4451875888399412 0.13375 0.24624100000000002
0 0.28796875 0.28829814537444937 0.025000000000000022 0.037594000000000016
0 0.38796875 0.28600657415565345 0.02375000000000005 0.03947400000000002
0 0.47078125 0.3491522907488987 0.040000000000000036 0.07330800000000001
0 0.52921875 0.2979308604992658 0.025000000000000022 0.04699300000000003
0 0.5668359375 0.3367585741556534 0.014999999999999902 0.03947400000000002
0 0.733671875 0.37582100293685755 0.02750000000000008 0.04135400000000003
0 0.77671875 0.3075057165932452 0.025000000000000022 0.03383500000000002
0 0.79796875 0.3445122892804699 0.02375000000000005 0.05075199999999998
0 0.82671875 0.30169086049926574 0.025000000000000022 0.048872000000000054
0 0.841328125 0.7593957209985316 0.036250000000000004 0.09586499999999999
0 0.908125 0.3710630044052863 0.032500000000000084 0.06390900000000005
0 0.958125 0.34850600440528634 0.03249999999999997 0.06391000000000002
0 0.9785546875 0.6971310058737151 0.03875000000000006 0.08270699999999999
0 0.9918359375 0.5116284331864905 0.01375000000000004 0.06578999999999995
