0 0.1962890625 0.55859375 0.017969000000000013 0.05520800000000007
0 0.2367185 0.5859375 0.01718800000000001 0.046875
0 0.285546625 0.58255175 0.021094 0.05624999999999991
0 0.30859375 0.7122399166666668 0.054688000000000014 0.09166600000000003
0 0.3486330625 0.4575520833333333 0.01953100000000002 0.03541700000000003
0 0.496484625 0.41927049999999993 0.02109300000000003 0.046875
0 0.624609625 0.40182325 0.021094000000000057 0.039583
0 0.6685544375 0.6132809166666666 0.029688000000000048 0.06041700000000009
0 0.675390125 0.5138024166666667 0.035156999999999994 0.07604099999999996
0 0.8306640625 0.5664059166666666 0.04921900000000001 0.1229170000000001
0 0.911719 0.36067674999999993 0.03125 0.05520900000000003
0 0.9671875 0.34843716666666663 0.017187000000000063 0.03750000000000001
0 0.9873041875 0.3476565833333334 0.022656999999999927 0.05208299999999999
