0 0.1383203125 0.32640212298682286 0.05750000000000001 0.09474599999999998
0 0.177578125 0.5534622825768668 0.06687499999999999 0.1210139999999999
0 0.2552734375 0.42407638067349934 0.06062500000000001 0.10225199999999998
0 0.3130859375 0.36152299414348466 0.044999999999999984 0.09099400000000003
0 0.3672265625 0.6355841903367496 0.03375 0.05159500000000004
0 0.400390625 0.5544703806734992 0.05249999999999999 0.10225200000000002
0 0.4129296875 0.32976819033674964 0.03875000000000001 0.051594999999999995
0 0.4198828125 0.41881609224011707 0.04125000000000001 0.07317100000000001
0 0.4992578125 0.6157439941434846 0.04125000000000001 0.09193300000000006
0 0.5198828125 0.3356247057101025 0.04249999999999998 0.061914
0 0.5273828125 0.41675573645680825 0.04249999999999998 0.08630400000000002
0 0.5937109375 0.41881609224011707 0.04499999999999993 0.07317100000000001
0 0.6034375 0.5536466383601757 0.04875000000000007 0.10787999999999996
0 0.6492578125 0.6402050922401171 0.04249999999999998 0.07316999999999996
0 0.662109375 0.4219287057101025 0.04312499999999997 0.061914
0 0.6791796875 0.2979874480234261 0.03874999999999995 0.058161
0 0.757890625 0.528616251830161 0.05124999999999991 0.097561
0 0.7787890625 0.30636034992679356 0.04999999999999993 0.076923
0 0.8 0.7100090248901904 0.0625 0.1153849999999999
0 0.87796875 0.5603969941434848 0.05500000000000005 0.09193299999999989
0 0.8938671875 0.30429999414348463 0.053749999999999964 0.091932
