0 0.013020833333333334 0.204296875 0.026667 0.028749999999999998
0 0.013020833333333334 0.27328125 0.026667 0.03937500000000005
0 0.013281583333333333 0.3491796875 0.020833000000000004 0.03749999999999998
0 0.02755175 0.1703515625 0.024999999999999998 0.03437499999999999
0 0.03442708333333334 0.3096484375 0.034166999999999996 0.030625000000000013
0 0.030416666666666665 0.0826171875 0.022500000000000003 0.021875000000000006
0 0.053958 0.3316015625 0.03166700000000001 0.03437499999999999
0 0.05682291666666667 0.1014453125 0.02999999999999999 0.02562500000000001
0 0.08182291666666668 0.225078125 0.02999999999999999 0.036250000000000004
0 0.09208366666666667 0.061171875 0.022499999999999982 0.027499999999999997
0 0.10505175 0.0914453125 0.024999999999999984 0.026874999999999996
0 0.161042 0.3369140625 0.095833 0.11312499999999998
0 0.18692708333333333 0.398125 0.03416699999999998 0.03249999999999997
0 0.20635383333333335 0.35671875 0.02749999999999997 0.02375000000000005
0 0.208958 0.5392578125 0.031667 0.04125000000000001
0 0.21578158333333333 0.3941796875 0.02083299999999999 0.03750000000000003
0 0.21838575000000002 0.25992187499999997 0.024999999999999984 0.028750000000000026
0 0.2211455 0.0995703125 0.016667000000000026 0.02562500000000001
0 0.23291666666666666 0.1708984375 0.02333300000000001 0.029375000000000012
0 0.23671875 0.1220703125 0.024999999999999984 0.02562500000000001
0 0.24182291666666667 0.3361328125 0.02916699999999998 0.04125000000000001
0 0.2553125 0.2676953125 0.016666999999999987 0.026874999999999982
0 0.26828158333333335 0.2083203125 0.02083300000000003 0.02562500000000001
0 0.26958366666666667 0.149296875 0.022500000000000003 0.027499999999999997
0 0.26958366666666667 0.32625 0.022500000000000003 0.03250000000000003
0 0.2745836666666666 0.2747265625 0.022500000000000037 0.03437499999999999
0 0.2810940833333333 0.3773046875 0.034166000000000064 0.03875000000000001
0 0.27234341666666667 0.17671875 0.01416700000000004 0.023749999999999993
0 0.2932815833333333 0.2551171875 0.02083300000000003 0.022499999999999964
0 0.2982815833333334 0.277890625 0.020000000000000018 0.020625000000000004
0 0.3049475833333333 0.1520703125 0.019999999999999945 0.02562500000000001
0 0.3091145833333333 0.3440234375 0.02083300000000003 0.030625000000000013
0 0.3104166666666666 0.2101953125 0.02333300000000001 0.02562499999999998
0 0.3144795 0.2551171875 0.01666599999999996 0.022499999999999964
0 0.32088575 0.281796875 0.024999999999999984 0.027500000000000024
0 0.3220836666666667 0.3175 0.022500000000000003 0.03249999999999997
0 0.3866145833333334 0.2731640625 0.018332999999999933 0.01874999999999999
0 0.3866145833333334 0.2928125 0.020832999999999952 0.01687500000000003
0 0.3955208333333333 0.2525 0.026666999999999996 0.03125
0 0.41958366666666663 0.3302734375 0.023332999999999975 0.030625000000000013
0 0.47171875 0.1970703125 0.024999999999999984 0.026874999999999982
0 0.4860940833333333 0.239296875 0.03583300000000008 0.027499999999999997
0 0.500625 0.495078125 0.031666999999999966 0.03625000000000006
0 0.5125003333333333 0.3975 0.04333299999999999 0.03125
0 0.5140621666666667 0.26296875 0.03666699999999993 0.02375000000000005
0 0.5335940833333334 0.344765625 0.034166000000000064 0.020625000000000004
0 0.5348961666666666 0.289375 0.03666600000000001 0.03250000000000003
0 0.538958 0.370625 0.031666999999999966 0.03250000000000003
0 0.5401559166666666 0.1671484375 0.029167000000000016 0.030625000000000013
0 0.57453125 0.3797265625 0.03916699999999995 0.034375000000000044
0 0.573125 0.52265625 0.031667000000000035 0.03937499999999994
0 0.5744270833333333 0.278671875 0.03416700000000006 0.02749999999999997
0 0.6426559166666667 0.1719921875 0.029166999999999943 0.021875000000000006
0 0.6730208333333333 0.1976171875 0.027500000000000007 0.021874999999999978
0 0.6755208333333332 0.150546875 0.027500000000000007 0.027499999999999997
0 0.7605205 0.218828125 0.11000000000000003 0.06687499999999999
0 0.7755208333333332 0.1823828125 0.027500000000000153 0.010624999999999996
0 0.8413538333333334 0.15671875 0.027499999999999858 0.024375000000000008
0 0.8463538333333332 0.5441796875 0.027500000000000007 0.038124999999999964
0 0.8505208333333334 0.18734375 0.027499999999999858 0.024375000000000008
0 0.8688538333333332 0.13609375 0.027500000000000153 0.024374999999999994
0 0.8910940833333334 0.2039453125 0.03416599999999992 0.02562500000000001
0 0.9108333333333333 0.31734375 0.04333299999999992 0.023749999999999993
0 0.9172920000000001 0.1626953125 0.031665999999999826 0.02562500000000001
0 0.9423961666666667 0.492734375 0.03666600000000001 0.044375
0 0.9501559166666667 0.2552734375 0.029167000000000016 0.030624999999999986
0 0.9855208333333333 0.4798046875 0.02666700000000007 0.03750000000000003
0 0.9882815833333334 0.5430078125 0.020000000000000018 0.04249999999999998
0 0.9911455 0.1458203125 0.015834000000000053 0.02562500000000001
