0 0.1512109375 0.2870021229868228 0.044999999999999984 0.09474700000000003
0 0.491640625 0.5088150702781845 0.7075 0.9127579999999998
0 0.1974609375 0.5142034787701317 0.04625000000000001 0.08067500000000007
0 0.219765625 0.9283113499267935 0.05250000000000002 0.07879899999999995
0 0.2371875 0.24396438067349926 0.048750000000000016 0.10225100000000001
0 0.2373046875 0.4009229941434846 0.03812500000000002 0.09286999999999998
0 0.256640625 0.5420478653001465 0.05124999999999996 0.08818000000000002
0 0.3161328125 0.14031834992679354 0.04124999999999995 0.07692300000000002
0 0.341640625 0.3844057057101024 0.05125000000000002 0.06191299999999998
0 0.346171875 0.2343558653001464 0.028124999999999956 0.08818000000000002
0 0.3634375 0.4794934787701318 0.04874999999999996 0.08161400000000002
0 0.3790625 0.9097778653001465 0.04749999999999999 0.08818000000000002
0 0.40625 0.16365709224011712 0.03187499999999999 0.07129400000000001
0 0.4150390625 0.77739360761347 0.04999999999999999 0.08255100000000003
0 0.4403515625 0.4686493499267936 0.03437499999999999 0.07879899999999995
0 0.44453125 0.09281812298682285 0.040000000000000036 0.09474700000000001
0 0.4678125 0.9039213499267936 0.04874999999999996 0.07879899999999995
0 0.4793359375 0.36955412298682283 0.044999999999999984 0.09474600000000002
0 0.4784765625 0.7757451229868229 0.03375 0.09380900000000002
0 0.5060546875 0.17502834992679356 0.03875000000000001 0.076923
0 0.5179296875 0.6496993499267935 0.038124999999999964 0.07692300000000009
0 0.5459375 0.2598240614934114 0.04749999999999999 0.047841999999999996
0 0.547734375 0.8620491229868228 0.043749999999999956 0.09474700000000007
0 0.6117578125 0.20651047877013173 0.0412499999999999 0.08067599999999998
0 0.6154296875 0.3330382210834553 0.038124999999999964 0.07504699999999996
0 0.63953125 0.7201264480234262 0.04062500000000002 0.058160999999999956
0 0.6484375 0.8817491229868228 0.04749999999999999 0.09380800000000004
0 0.662734375 0.41998260761346995 0.04375000000000007 0.08255100000000003
0 0.66125 0.3014418345534407 0.03312499999999996 0.06566600000000003
0 0.6930078125 0.3443393806734993 0.041874999999999996 0.10131300000000003
0 0.7573046875 0.2544677364568082 0.03874999999999995 0.08630299999999998
0 0.769140625 0.7255710922401172 0.05249999999999999 0.07129400000000001
0 0.8170703125 0.8451631229868228 0.057499999999999996 0.09568500000000013
0 0.819609375 0.40174673645680814 0.04312500000000008 0.08536600000000005
