0 0.052734375 0.7197395833333333 0.043125 0.04999999999999997
0 0.151875 0.38348925 0.03312499999999999 0.070834
0 0.156328125 0.6780725833333334 0.03624999999999998 0.04999999999999997
0 0.268828125 0.4061458333333334 0.036250000000000004 0.059167000000000046
0 0.2886328125 0.7269788333333334 0.04249999999999998 0.058333999999999886
0 0.370546875 0.41234375 0.027500000000000024 0.055000000000000014
0 0.4203515625 0.7039065833333332 0.03437499999999999 0.05166599999999999
0 0.4473828125 0.42807258333333337 0.04125000000000001 0.051666999999999984
0 0.501328125 0.66286425 0.036250000000000004 0.03916699999999995
0 0.5423046875 0.4217705 0.03749999999999998 0.04833400000000002
0 0.578515625 0.6680725833333333 0.051875000000000004 0.051666999999999984
0 0.59375 0.41473958333333333 0.03312499999999996 0.051666999999999984
0 0.6960546875 0.65703125 0.03875000000000006 0.03999999999999996
0 0.7091015625 0.44817675 0.03500000000000003 0.055000000000000014
0 0.7735546875 0.4293746666666667 0.03874999999999995 0.05333399999999999
0 0.81328125 0.6602600833333333 0.040000000000000036 0.03583399999999992
0 0.8372265625 0.4416663333333333 0.03499999999999992 0.041667000000000044
0 0.9159765625 0.4039065833333333 0.03499999999999992 0.051666000000000066
0 0.9317578125 0.6801045 0.04249999999999998 0.04833299999999996
