0 0.1898828125 0.4578125 0.01125000000000001 0.017499999999999998
0 0.214453125 0.18348924999999996 0.03562500000000002 0.07083400000000001
0 0.337734375 0.4628125 0.013124999999999998 0.015832999999999986
0 0.3628515625 0.17552116666666664 0.03375 0.06833300000000002
0 0.487734375 0.4624475833333333 0.013124999999999998 0.019167000000000007
0 0.5142578125 0.17588508333333333 0.04125000000000001 0.06666700000000002
0 0.7698828125 0.5075520833333332 0.04125000000000001 0.06750000000000005
0 0.782578125 0.2133850833333333 0.036250000000000004 0.0675
0 0.924609375 0.5055211666666667 0.04375000000000007 0.06916599999999999
0 0.9311328125 0.2191149166666667 0.041874999999999996 0.062499999999999965
