0 0.022890624999999998 0.35949461904761904 0.020625000000000004 0.03963400000000002
0 0.0626171875 0.342586253968254 0.05375 0.10975599999999998
0 0.0865234375 0.5373891587301587 0.060625000000000005 0.11890200000000006
0 0.1012890625 0.7844555873015874 0.08124999999999999 0.1768299999999999
0 0.080390625 0.2835947142857143 0.020625000000000004 0.031504000000000004
0 0.12648437499999998 0.34546111111111105 0.013125000000000012 0.02439000000000005
0 0.149765625 0.34621573015873014 0.01999999999999999 0.06199200000000003
0 0.193515625 0.35974682539682534 0.01999999999999999 0.05182900000000003
0 0.2015625 0.3175764126984127 0.016875 0.027438999999999974
0 0.246171875 0.38152334920634917 0.05999999999999997 0.098577
0 0.3126953125 0.3458966349206349 0.02562500000000001 0.07113800000000002
0 0.34 0.3436124285714286 0.03187499999999999 0.05894299999999998
0 0.3826171875 0.3690184285714286 0.023125000000000007 0.05996000000000004
0 0.4153125 0.32340285714285716 0.04750000000000004 0.11585400000000001
0 0.41296875 0.3927794126984127 0.02437499999999998 0.028455999999999995
0 0.4875390625 0.9358887619047619 0.08062499999999995 0.125
0 0.61296875 0.3032621746031746 0.05625000000000002 0.14939
0 0.6871875 0.36202085714285714 0.04875000000000007 0.11483700000000004
0 0.78078125 0.9602889365079366 0.07187500000000002 0.07520299999999996
0 0.7809375 0.6115761587301587 0.046875 0.11890200000000006
0 0.7792578125 0.39098944444444445 0.04125000000000001 0.08943099999999997
0 0.87703125 0.6104912698412698 0.07062499999999994 0.140244
0 0.937578125 0.586488253968254 0.03562499999999991 0.11077300000000001
0 0.946953125 0.31674373015873014 0.03562500000000002 0.06199200000000008
