0 0.015625 0.37746128752642705 0.031875 0.11111100000000003
0 0.06 0.5778974418604651 0.033125 0.14227600000000007
0 0.066796875 0.3053196279069767 0.028750000000000005 0.09349600000000002
0 0.21859375 0.33572546300211414 0.024375000000000008 0.08943100000000004
0 0.217734375 0.3460754735729387 0.012499999999999983 0.06639599999999998
0 0.297890625 0.342337133192389 0.019999999999999962 0.08130100000000001
0 0.336640625 0.2930671437632136 0.02062499999999995 0.058264999999999983
0 0.4513671875 0.2850429894291755 0.02250000000000002 0.027099999999999985
0 0.5583203125 0.27442280338266384 0.02562500000000001 0.07588100000000002
0 0.6351953125 0.2376744735729387 0.025624999999999898 0.06368599999999998
0 0.6807421875 0.25485696828752646 0.022499999999999964 0.079946
0 0.71859375 0.2049911437632135 0.024374999999999925 0.05826500000000002
0 0.7256640625 0.31160463847780134 0.018124999999999947 0.07181499999999992
0 0.7832421875 0.20531780338266384 0.022500000000000075 0.07452500000000001
0 0.8514453125 0.24038447357293868 0.026874999999999982 0.063686
