0 0.0087890625 0.09822492663476874 0.01875 0.06632599999999998
0 0.0863671875 0.25244306060606064 0.053750000000000006 0.12142800000000001
0 0.13874999999999998 0.379547956937799 0.06375000000000001 0.12551
0 0.266015625 0.09918420095693779 0.05250000000000002 0.087756
0 0.3399609375 0.35811895693779905 0.07687499999999997 0.12755099999999997
0 0.3943359375 0.20856506060606061 0.07687499999999997 0.12346999999999997
0 0.4753515625 0.24688661562998407 0.06562500000000004 0.07346900000000002
0 0.553046875 0.20077175598086122 0.05874999999999997 0.03979600000000001
0 0.5623828125 0.38681974960127596 0.073125 0.13367299999999996
0 0.6385546875 0.27884526794258374 0.06937499999999996 0.11632600000000003
0 0.771875 0.3123894752791068 0.06374999999999997 0.11122500000000006
0 0.8951171875 0.38069674960127586 0.08437499999999998 0.13163300000000003
