0 0.0234375 0.41500547507331376 0.0475 0.11163199999999993
0 0.1233203125 0.3794686158357771 0.02562500000000001 0.07317
0 0.164296875 0.3824636480938416 0.06 0.10318999999999998
0 0.2296875 0.40098954545454546 0.048750000000000016 0.09099400000000003
0 0.282265625 0.4275477184750733 0.05124999999999996 0.08442699999999997
0 0.384921875 0.3569620263929619 0.059374999999999956 0.11913699999999994
0 0.5035937500000001 0.34857509677419357 0.05499999999999999 0.09943700000000004
0 0.6301953125 0.39395775073313777 0.057499999999999996 0.11538500000000003
0 0.696484375 0.22569350733137833 0.07437499999999997 0.146342
0 0.8230078125 0.33015934017595305 0.04249999999999998 0.06941900000000001
0 0.8252734375 0.4177569941348973 0.030625000000000013 0.08536500000000004
0 0.85734375 0.43006954545454545 0.05625000000000002 0.09380899999999998
0 0.9125 0.3238929237536657 0.0625 0.10600399999999995
0 0.9773828125 0.45686482111436943 0.04249999999999998 0.09568500000000005
