0 0.09875 0.41854459266802446 0.09375 0.246736
0 0.25625 0.3202130753564155 0.06312500000000001 0.15796300000000002
0 0.3704296875 0.27519879633401223 0.03750000000000003 0.12271599999999995
0 0.501328125 0.09342315682281059 0.036250000000000004 0.10705
0 0.53390625 0.26898543584521384 0.039999999999999925 0.13968699999999998
0 0.7007421875 0.2289324562118126 0.05437500000000006 0.12793799999999997
0 0.84046875 0.4980222729124237 0.08750000000000002 0.23759699999999992
0 0.826953125 0.3703424765784114 0.03687499999999999 0.11488200000000005
0 0.8859375 0.1137872586558045 0.015625 0.04569199999999999
0 0.9451171875 0.04835593890020366 0.02187500000000009 0.037859000000000004
