0 0.011640625 0.0989484081942337 0.020624999999999998 0.037938
0 0.0696875 0.5402700273141122 0.078125 0.12159500000000008
0 0.0648828125 0.13817105614567526 0.010000000000000009 0.02821
0 0.167578125 0.36062067526555386 0.0675 0.11381300000000001
0 0.331328125 0.3755613793626707 0.06687500000000002 0.13326899999999997
0 0.35078125 0.22062225341426403 0.008750000000000036 0.017510000000000026
0 0.439375 0.5156013232169955 0.06437499999999996 0.10408499999999991
0 0.6285546875 0.39575657663125946 0.07000000000000006 0.11965000000000002
0 0.7548046875 0.3066520698027314 0.03750000000000009 0.08949400000000002
0 0.8316015625 0.4707754779969651 0.06625000000000003 0.12548700000000004
0 0.8974609375 0.2994923657056146 0.04562500000000003 0.07198499999999998
