0 0.0078125 0.46796875 0.0175 0.08666699999999998
0 0.124453125 0.48140658333333336 0.036250000000000004 0.051666000000000066
0 0.222578125 0.49052049999999997 0.06750000000000003 0.11166700000000003
0 0.2688671875 0.5380211666666667 0.021875000000000033 0.06916599999999999
0 0.34765625 0.48713575 0.07187500000000002 0.08749999999999998
0 0.4180078125 0.4856253333333333 0.04249999999999998 0.0741660000000001
0 0.5423828125 0.44963574999999995 0.073125 0.08750000000000006
0 0.7903515625 0.4822916666666666 0.06562499999999993 0.115833
0 0.808125 0.39546841666666666 0.03125 0.046667000000000014
0 0.9277734375 0.8799996666666666 0.030625000000000013 0.08333399999999995
0 0.9612109375 0.5087496666666667 0.07625000000000004 0.14749999999999996
0 0.9671875 0.9415100833333333 0.046875 0.09833399999999992
0 0.9648046875 0.7097395833333334 0.03874999999999995 0.051666999999999984
0 0.99453125 0.9127604166666666 0.008750000000000036 0.07583299999999997
