0 0.00390625 0.29700528843338214 0.00875 0.030957
0 0.0201953125 0.6424929633967789 0.025625000000000002 0.06941800000000005
0 0.032890625 0.35656031918008785 0.019999999999999997 0.055346999999999986
0 0.0442578125 0.26822290190336745 0.010625000000000002 0.02063800000000004
0 0.0996875 0.28462593265007324 0.016875 0.04409000000000001
0 0.105390625 0.3360365768667643 0.020625000000000004 0.06003799999999996
0 0.162109375 0.2789979326500732 0.012500000000000011 0.04409000000000001
0 0.2130859375 0.2688622884333821 0.013750000000000012 0.031895000000000014
0 0.2430078125 0.6481132459736457 0.07375000000000001 0.18855499999999986
0 0.2554296875 0.28387228843338214 0.006249999999999978 0.030957
0 0.3629296875 0.26511028843338214 0.006250000000000033 0.03001900000000002
0 0.6012109375 0.19276403074670567 0.01375000000000004 0.02345199999999999
0 0.73640625 0.26822290190336745 0.008124999999999938 0.02063800000000004
0 0.8467578125 0.31352257686676427 0.011249999999999982 0.06003799999999996
0 0.9105078125 0.17223928843338213 0.011249999999999982 0.030957
0 0.9311328125 0.2949449326500732 0.011249999999999982 0.045966
