0 0.13078125 0.5669457730600294 0.008125000000000021 0.01969999999999994
0 0.14015625 0.7279991595900439 0.00874999999999998 0.027204
0 0.15828125 0.5717500307467057 0.00874999999999998 0.02345299999999998
0 0.1735546875 0.14679703074670572 0.007500000000000007 0.026266999999999974
0 0.2036328125 0.7223701595900439 0.010624999999999996 0.029081000000000006
0 0.20953125 0.16432341727672034 0.008750000000000008 0.032833000000000015
0 0.2361328125 0.1786920307467057 0.011249999999999982 0.025328999999999997
0 0.249609375 0.1162529019033675 0.013125000000000026 0.022513999999999992
0 0.2598046875 0.585181644216691 0.007500000000000007 0.016886000000000012
0 0.2617578125 0.4857446442166911 0.009999999999999953 0.01688599999999993
0 0.26703125 0.723834288433382 0.00874999999999998 0.03095700000000004
0 0.2680078125 0.2335139019033675 0.010000000000000009 0.020637000000000027
0 0.2854296875 0.587057644216691 0.007500000000000007 0.01501000000000006
0 0.3090625 0.1824450307467057 0.015625 0.025328000000000024
0 0.331484375 0.590810644216691 0.011875000000000024 0.01688500000000004
0 0.349609375 0.7321630307467057 0.012500000000000011 0.025328999999999935
0 0.3673046875 0.5937389019033674 0.007500000000000007 0.020638
0 0.4384375 0.1956922884333821 0.01687500000000003 0.03095700000000002
0 0.4762109375 0.2260089019033675 0.01375000000000004 0.022513999999999992
0 0.5249609375 0.20694928843338212 0.015000000000000013 0.030957
0 0.5287109375 0.13835503074670571 0.015000000000000013 0.025327999999999982
0 0.5615625 0.1900632884333821 0.016875000000000084 0.030019
0 0.5973828125 0.17452815959004392 0.011249999999999982 0.029081000000000006
0 0.59765625 0.5979027730600293 0.008750000000000036 0.018761999999999963
0 0.614609375 0.733627159590044 0.013124999999999942 0.029080999999999923
0 0.6317578125 0.5125367730600293 0.011250000000000093 0.017824000000000072
0 0.6330078125 0.17036328843338214 0.010000000000000009 0.03095700000000002
0 0.63328125 0.6012429019033675 0.008750000000000036 0.02157599999999989
0 0.6548828125 0.16514715959004392 0.010000000000000009 0.029081000000000006
0 0.686484375 0.1406429019033675 0.011874999999999969 0.021575999999999974
0 0.68828125 0.5960267730600294 0.008125000000000049 0.018761999999999963
0 0.7105859375 0.7317511595900439 0.014375000000000027 0.02720499999999997
0 0.722109375 0.5960267730600294 0.011874999999999969 0.018761999999999963
0 0.7598828125 0.7618844172767203 0.010000000000000009 0.03283299999999991
0 0.793984375 0.7298751595900439 0.013125000000000053 0.029081000000000006
0 0.8554296875 0.5889336442166911 0.007499999999999951 0.01688599999999993
0 0.89703125 0.5866457730600293 0.008125000000000049 0.018762000000000046
