0 0.0905078125 0.40966360761347004 0.041249999999999995 0.08349000000000001
0 0.1330078125 0.47025267496339673 0.010000000000000009 0.04033800000000002
0 0.2741015625 0.41758047877013177 0.03437499999999999 0.08067499999999998
0 0.3540234375 0.42275244802342604 0.030625000000000013 0.05816200000000001
0 0.4346484375 0.4528857057101025 0.030625000000000013 0.061914
0 0.5065234375000001 0.46256431918008784 0.030624999999999958 0.05534700000000003
0 0.597421875 0.44977309224011713 0.028750000000000053 0.07129499999999998
0 0.6908984375 0.44538070571010246 0.030625000000000013 0.061914
0 0.765703125 0.45540209224011713 0.03562499999999991 0.07129400000000001
0 0.834375 0.45416547877013175 0.03187499999999999 0.08067599999999996
