0 0.0107421875 0.22440457686676427 0.021875 0.060037000000000035
0 0.02265625 0.39206812298682286 0.040624999999999994 0.09474600000000002
0 0.061640625 0.5342010922401171 0.05125 0.07317099999999993
0 0.0872265625 0.3151710614934114 0.03375 0.04971800000000003
0 0.1276171875 0.6843392518301611 0.023125000000000007 0.097561
0 0.1653515625 0.40961944802342604 0.035 0.056285
0 0.1793359375 0.8325562518301611 0.04562500000000003 0.09943700000000004
0 0.1713671875 0.31100619033674964 0.021875000000000006 0.051594999999999995
0 0.2701171875 0.34500570571010253 0.02312499999999995 0.061913999999999955
0 0.3737109375 0.4853068345534407 0.015000000000000013 0.06566599999999999
0 0.456875 0.40252731918008783 0.033125000000000016 0.05534700000000003
0 0.5530859375 0.12954331918008785 0.015000000000000013 0.055348
