0 0.0884375 0.06542611764705883 0.04875 0.07156299999999999
0 0.1719921875 0.085782 0.05374999999999999 0.10075299999999998
0 0.2070703125 0.054951941176470585 0.02562500000000001 0.065913
0 0.2699609375 0.4448769411764706 0.07687500000000003 0.16572499999999998
0 0.2594140625 0.04401205882352941 0.018125000000000002 0.036724000000000014
0 0.3162890625 0.06243264705882353 0.01874999999999999 0.03860599999999999
0 0.3725390625 0.07090664705882353 0.019374999999999976 0.04048999999999999
0 0.4150390625 0.09267982352941177 0.01874999999999999 0.04614
0 0.45890625 0.5147360000000001 0.070625 0.152543
0 0.445390625 0.10021282352941177 0.020000000000000018 0.044257000000000005
0 0.4776953125 0.11686558823529414 0.026874999999999982 0.053673
0 0.5057031249999999 0.18919052941176473 0.03562500000000007 0.06779699999999998
0 0.6166015625 0.5516807647058823 0.09750000000000003 0.209981
0 0.586875 0.15182276470588235 0.03312499999999996 0.06026300000000001
