0 0.5062503333333334 0.5258466875 0.981481 0.9444440000000001
0 0.3212966666666666 0.9782766875 0.085185 0.03888900000000006
0 0.39415516666666667 0.436762375 0.03703700000000006 0.04305500000000001
0 0.39765591666666666 0.233376625 0.029630000000000045 0.02083299999999999
0 0.7554105833333332 0.6537981875 0.020371000000000066 0.022222000000000075
0 0.7945028333333334 0.1765843125 0.02777699999999994 0.026388999999999996
0 0.8302377499999999 0.14644075 0.025924999999999976 0.023610999999999993
0 0.9129342499999998 0.967361 0.07222200000000001 0.0625
0 0.91501725 0.1074000625 0.00925899999999998 0.018056000000000003
0 0.95245975 0.07751725 0.025925999999999966 0.008333000000000007
0 0.9868925833333334 0.093098625 0.020369999999999926 0.02083399999999999
