0 0.040135 0.76953125 0.03268 0.04085000000000013
0 0.043071083333333336 0.84632825 0.03431399999999999 0.04084999999999998
0 0.08361375 0.8045090833333334 0.024509999999999994 0.03431300000000004
0 0.11432783333333334 0.8518940833333334 0.026144000000000018 0.03431399999999988
0 0.1287275 0.7855649166666666 0.017974000000000007 0.029412000000000067
0 0.162684 0.84469425 0.03268000000000002 0.039215999999999994
0 0.1855855833333333 0.7790289166666667 0.01960700000000004 0.031045999999999907
0 0.23427266666666666 0.7986369166666666 0.02124200000000002 0.029411000000000225
0 0.28165866666666667 0.7924328333333334 0.022876000000000007 0.026143999999999945
0 0.291769 0.8757146666666666 0.032679999999999966 0.052288000000000036
0 0.5164672499999999 0.4464358333333333 0.10294100000000002 0.151961
