0 0.0048828125 0.10169071806167403 0.01125 0.05362199999999999
0 0.0048828125 0.6024594317180616 0.01125 0.046096000000000054
0 0.005859375 0.7819097165932452 0.0125 0.03386700000000007
0 0.0068359375 0.4462974317180617 0.01375 0.04609599999999997
0 0.0783984375 0.5972280029368575 0.030625 0.042333000000000016
0 0.0828515625 0.7525638604992658 0.035 0.04797700000000004
0 0.0892578125 0.14696057562408224 0.041249999999999995 0.06114700000000001
0 0.0851171875 0.2976614317180617 0.022500000000000006 0.044214
0 0.0945703125 0.4462974317180617 0.025624999999999995 0.04609599999999997
0 0.1609765625 0.7607321468428783 0.03375 0.05738400000000001
0 0.1583203125 0.46722314684287813 0.026874999999999982 0.05832499999999995
0 0.1569140625 0.6005774317180618 0.019375000000000003 0.044214999999999983
0 0.167421875 0.29472457415565345 0.02812500000000001 0.03857000000000003
0 0.1657421875 0.1519622892804699 0.023125000000000007 0.051740000000000015
0 0.2226953125 0.7234008604992658 0.02687500000000001 0.04797699999999996
0 0.2271484375 0.43812914537444936 0.029375000000000012 0.036689
0 0.227421875 0.5879348604992658 0.02812500000000001 0.047036999999999995
0 0.2276953125 0.30748200293685757 0.02562500000000001 0.042332999999999975
0 0.24109375 0.1721308604992658 0.02437499999999998 0.04985900000000001
0 0.3178125 0.5799504302496329 0.017500000000000016 0.023518999999999988
0 0.3239453125 0.37333300293685756 0.025624999999999953 0.042333000000000016
0 0.3228125 0.4441867165932452 0.016874999999999973 0.03292599999999996
0 0.3237890625 0.5082715741556535 0.018125000000000002 0.040450999999999966
0 0.3243359375 0.3053712878120411 0.014374999999999971 0.031043999999999995
0 0.3544140625 0.3097765741556534 0.018125000000000002 0.04045100000000001
0 0.3530078125 0.3749852878120411 0.010624999999999996 0.031043999999999995
0 0.353984375 0.5085692878120411 0.013124999999999998 0.03198499999999994
0 0.3549609375 0.5697172878120411 0.014374999999999971 0.031043999999999995
0 0.3825390625 0.5741225741556534 0.018124999999999947 0.03857000000000007
0 0.3840625 0.3764537165932452 0.01687500000000003 0.03292599999999996
0 0.3840625 0.504278859030837 0.01687500000000003 0.029162999999999925
0 0.3853125 0.43789943024963285 0.015625 0.026340999999999996
0 0.3865625 0.3116575741556535 0.015625 0.03856999999999998
0 0.4357421875 0.7144064317180617 0.021875000000000033 0.04609599999999997
0 0.4408984375 0.4747491468428781 0.029374999999999984 0.056443999999999966
0 0.437265625 0.5902294317180616 0.020625000000000004 0.045154999999999945
0 0.4458203125 0.3628011468428781 0.02562500000000001 0.05644400000000001
0 0.44734375 0.24192871659324522 0.024375000000000036 0.03386700000000003
0 0.4857421875 0.685885718061674 0.021875000000000033 0.053622000000000045
0 0.4894921875 0.461991718061674 0.02312499999999995 0.053622000000000045
0 0.4868359375 0.5837592892804699 0.014375000000000027 0.05268100000000002
0 0.491015625 0.3456384317180617 0.02062499999999995 0.044215000000000025
0 0.4934375 0.24016157415565342 0.016249999999999987 0.03857100000000004
0 0.532265625 0.564531718061674 0.020625000000000004 0.053621999999999954
0 0.5325390625 0.6823065741556533 0.018124999999999947 0.03857000000000015
0 0.53546875 0.45363957562408225 0.024374999999999925 0.05926599999999998
0 0.537265625 0.23997871806167398 0.020625000000000004 0.054562000000000006
0 0.5412890625 0.3491727165932452 0.01937500000000003 0.03480700000000003
0 0.572265625 0.6706050029368577 0.020000000000000018 0.04233299999999993
0 0.578515625 0.5653578604992657 0.020625000000000004 0.04797700000000004
0 0.5778125 0.46258814537444937 0.015625 0.036688999999999916
0 0.583515625 0.24750371806167398 0.020625000000000004 0.05456300000000002
0 0.6121875 0.5559498604992658 0.015625 0.04985900000000001
0 0.6131640625 0.6621380029368577 0.01937500000000003 0.04233299999999993
0 0.619609375 0.45547571659324526 0.012499999999999956 0.03480699999999995
0 0.6215625 0.3635124317180617 0.016249999999999987 0.04609599999999993
0 0.6215625 0.26097243171806167 0.01749999999999996 0.044214999999999983
0 0.6459375 0.6493815741556533 0.01749999999999996 0.03856999999999998
0 0.6496875 0.5582444317180616 0.01750000000000007 0.044214999999999983
0 0.6524609375 0.45905486049926575 0.015000000000000013 0.04797700000000004
0 0.655390625 0.26744357415565345 0.020625000000000004 0.040450999999999966
0 0.6571875 0.3691574317180617 0.016874999999999973 0.04421399999999996
0 0.6790625 0.6523184317180616 0.016874999999999973 0.046096000000000054
0 0.6850390625 0.5580157165932452 0.018124999999999947 0.03480700000000003
0 0.6853125 0.4557044317180617 0.016874999999999973 0.044214999999999983
0 0.6880859375 0.37103843171806167 0.014375000000000027 0.046096000000000054
0 0.688359375 0.27391371659324526 0.013125000000000053 0.03292599999999996
0 0.7105078125 0.6418555741556535 0.010625000000000107 0.03856999999999998
0 0.7137109375 0.5647155741556535 0.014374999999999916 0.03856999999999998
0 0.7159375 0.46258814537444937 0.015625 0.036688999999999916
0 0.7196875 0.2849040029368576 0.015625 0.04233299999999993
0 0.7196875 0.37122228781204114 0.015625 0.031043999999999954
0 0.7390625 0.6389187165932453 0.016875000000000084 0.03480699999999995
0 0.7415625 0.5527842878120411 0.015625 0.03010299999999997
0 0.745234375 0.38021671659324524 0.012499999999999956 0.03480699999999999
0 0.7462109375 0.4615332878120411 0.01375000000000004 0.031043999999999995
0 0.7496875 0.30225057415565343 0.016250000000000098 0.03856999999999998
0 0.7671875 0.5548950029368576 0.015625 0.042333000000000016
0 0.766484375 0.6343295741556534 0.013125000000000053 0.03857000000000007
0 0.7696875 0.4688754317180617 0.016875000000000084 0.044214
0 0.7730859375 0.3944425741556534 0.01375000000000004 0.03856999999999998
0 0.7740625 0.29807400293685754 0.016249999999999987 0.042333000000000016
0 0.7903125 0.5527842878120411 0.016874999999999973 0.03010299999999997
0 0.789609375 0.6258625741556535 0.013125000000000053 0.03856999999999998
0 0.7937890625 0.3906795741556534 0.018124999999999947 0.03857000000000003
0 0.7955078125 0.3120711453744493 0.011249999999999982 0.03668800000000002
0 0.8109375 0.6258625741556535 0.016874999999999973 0.03856999999999998
0 0.816484375 0.5527842878120411 0.013124999999999942 0.03010299999999997
0 0.8180078125 0.391390859030837 0.010624999999999996 0.028221999999999983
0 0.820234375 0.31436571659324525 0.01187500000000008 0.03480699999999999
0 0.8336328125 0.6214572878120411 0.011249999999999982 0.031044999999999975
0 0.837109375 0.5430785741556535 0.013124999999999942 0.040450999999999966
0 0.8398828125 0.393271859030837 0.010624999999999996 0.028221999999999983
0 0.84015625 0.47075643171806164 0.009374999999999911 0.04515500000000003
0 0.8430859375 0.31730257415565344 0.014374999999999916 0.03856999999999998
