0 0.0409375 0.50171875 0.01625 0.025832999999999995
0 0.1000390625 0.4741663333333333 0.019375000000000003 0.04333400000000006
0 0.252578125 0.44140625 0.005624999999999991 0.008332999999999998
0 0.37109375 0.3600524166666667 0.05562499999999998 0.10833299999999994
0 0.3772265625 0.4259371666666667 0.003750000000000031 0.0074999999999999884
0 0.5606640625 0.3536975833333333 0.05062500000000003 0.08249999999999998
0 0.6381640625 0.37859375 0.04937499999999995 0.11750000000000001
0 0.7472265625 0.42890625 0.003750000000000031 0.008333000000000071
0 0.7504296875 0.40901041666666665 0.006249999999999978 0.01416700000000004
0 0.794453125 0.4067711666666667 0.0050000000000000044 0.0074999999999999884
0 0.8241796875 0.41104133333333337 0.006249999999999978 0.01083400000000001
0 0.834453125 0.41140625 0.0050000000000000044 0.009167000000000073
0 0.8679296875 0.40380208333333334 0.007500000000000062 0.004999999999999967
0 0.8791796875 0.39901041666666665 0.0068750000000000755 0.014999999999999977
0 0.8992578125 0.4006774166666667 0.010624999999999996 0.013332999999999965
