0 0.1833984375 0.01762114537444934 0.030624999999999986 0.036689
0 0.2275 0.33584058002936856 0.09562499999999999 0.12323599999999997
0 0.42953125 0.3212021512481645 0.07187500000000002 0.11759099999999997
0 0.5971875 0.019915716593245227 0.016249999999999987 0.032926000000000004
0 0.6274609375 0.45072443759177677 0.07687500000000003 0.12888100000000002
0 0.71140625 0.05928871953010279 0.04062500000000002 0.075258
0 0.80171875 0.40584401174743023 0.11874999999999991 0.16557000000000002
0 0.7715234375 0.06158329074889868 0.02937500000000004 0.071495
0 0.940234375 0.023494860499265784 0.04312500000000008 0.04985900000000001
0 0.9809765625 0.02936857562408223 0.03500000000000003 0.059266
