0 0.05875 0.7716941340206186 0.03125 0.07590800000000007
0 0.13664062500000002 0.45037579381443305 0.052500000000000005 0.07920800000000003
0 0.1828125 0.09579443298969072 0.048750000000000016 0.08828400000000002
0 0.2140625 0.5410334742268041 0.047500000000000014 0.0742569999999999
0 0.215625 0.6758828144329897 0.0325 0.07095699999999994
0 0.2474609375 0.46440279381443295 0.045625 0.07755700000000001
0 0.38390625 0.21208449484536085 0.04062500000000002 0.06518199999999996
0 0.4398828125 0.4969975154639175 0.04249999999999998 0.058581000000000036
0 0.515234375 0.4553821752577319 0.04437499999999994 0.06023100000000009
0 0.521484375 0.20491851546391754 0.04437500000000005 0.057755
0 0.5969921875 0.7646304742268041 0.02312499999999995 0.07425699999999998
0 0.6721875 0.21207605154639173 0.046875 0.10643599999999998
0 0.8340234375 0.6089954329896907 0.030000000000000027 0.0882839999999999
