0 0.022109375 0.557905768707483 0.04375 0.10888500000000004
0 0.048710937499999996 0.2993111496598639 0.045 0.07317100000000004
0 0.062109375 0.41189632653061226 0.043750000000000004 0.08275299999999995
0 0.1282421875 0.4206073265306123 0.05375000000000002 0.08275300000000003
0 0.15765625 0.34575251700680276 0.040624999999999994 0.06358899999999998
0 0.171328125 0.5720589455782312 0.0675 0.12195100000000007
0 0.1956640625 0.7846528435374149 0.08124999999999999 0.14634100000000005
0 0.2148828125 0.49747750340136054 0.04250000000000001 0.0932060000000001
0 0.2711328125 0.3680190612244898 0.04125000000000001 0.06794399999999996
0 0.3015234375 0.4488138843537415 0.030625000000000013 0.056620000000000004
0 0.355703125 0.5698938843537416 0.06812499999999999 0.055748999999999965
0 0.3605859375 0.4691804421768707 0.04562499999999997 0.027874000000000006
0 0.41 0.9307776666666666 0.06437500000000002 0.13501800000000005
0 0.5028125 0.6316327959183674 0.04749999999999999 0.04965099999999995
0 0.594921875 0.7216604761904762 0.08999999999999997 0.15418200000000004
0 0.6126953125 0.9228804761904763 0.12062499999999998 0.15243899999999994
0 0.645234375 0.16662548979591837 0.07437499999999997 0.12456399999999998
0 0.853203125 0.8989717278911565 0.09875 0.199477
