0 0.1057421875 0.27848924999999997 0.05374999999999999 0.07249999999999997
0 0.18390625 0.3981770833333333 0.07125000000000001 0.09666700000000006
0 0.1962109375 0.7165624999999999 0.07750000000000001 0.07916699999999999
0 0.2183203125 0.23260383333333334 0.05812500000000001 0.089167
0 0.2721484375 0.3279163333333333 0.06187500000000001 0.10499999999999998
0 0.3068359375 0.59276075 0.07624999999999998 0.11750000000000009
0 0.3352734375 0.1965100833333333 0.060624999999999984 0.09833400000000002
0 0.449140625 0.3059895833333333 0.051875000000000004 0.11249999999999998
0 0.47046875 0.16994825 0.055625000000000036 0.10333300000000001
0 0.502578125 0.5416666666666666 0.06687500000000002 0.08583300000000005
0 0.5283203125 0.30828125 0.05687500000000001 0.10333300000000005
0 0.6158984375 0.3437503333333334 0.06187500000000001 0.10500000000000002
0 0.638046875 0.19338541666666667 0.059374999999999956 0.10833299999999997
0 0.657578125 0.5171875 0.06812499999999999 0.11166699999999989
0 0.7066015625 0.35770799999999997 0.06500000000000006 0.094167
0 0.7219140625 0.22703158333333331 0.04937499999999995 0.08250000000000002
0 0.78078125 0.4096875 0.07125000000000004 0.11083300000000003
0 0.81171875 0.2463545 0.055624999999999925 0.111666
0 0.9159765625 0.367917 0.03374999999999995 0.06500000000000002
0 0.9622265625 0.5455729166666666 0.06499999999999995 0.09333300000000004
0 0.97828125 0.41161425 0.04062500000000002 0.10166700000000002
0 0.9771875 0.300625 0.015625 0.03250000000000001
