0 0.0107421875 0.6551045 0.021875 0.048333000000000036
0 0.1881640625 0.2046875 0.08124999999999999 0.11000000000000003
0 0.258515625 0.2888541666666667 0.05187499999999998 0.07000000000000002
0 0.3791015625 0.18682325 0.03500000000000003 0.07250000000000001
0 0.4134375 0.3602079999999999 0.04749999999999999 0.09500000000000001
0 0.45421875 0.5900520833333333 0.025000000000000022 0.06583300000000003
0 0.5093359375 0.75213575 0.044999999999999984 0.08666599999999998
0 0.5909765625 0.19531283333333335 0.03375000000000006 0.057499999999999996
0 0.6441015625 0.43791699999999995 0.03375000000000006 0.06333300000000001
0 0.6716796875 0.32973958333333336 0.03875000000000006 0.051666999999999984
0 0.7108203125 0.4351045 0.026249999999999996 0.048333000000000036
0 0.7486328125 0.3501559166666666 0.010000000000000009 0.029167000000000016
0 0.920390625 0.6104166666666666 0.05249999999999999 0.1475000000000001
0 0.9521484375 0.322917 0.09312500000000001 0.18916599999999997
