0 0.25472656250000003 0.19569786899563318 0.09687500000000002 0.192737
0 0.3696875 0.3812507263464338 0.016249999999999987 0.09310999999999994
0 0.4568359375 0.605527518195051 0.04625000000000001 0.085661
0 0.5026953125 0.5561140815138282 0.026874999999999982 0.05865900000000004
0 0.616171875 0.5158406652110626 0.028124999999999956 0.04748600000000001
0 0.6285546875 0.5697918937409026 0.03875000000000006 0.0670389999999999
0 0.6621484375 0.7131808937409025 0.06062500000000004 0.06890099999999993
0 0.6838671875 0.5167716652110625 0.021874999999999978 0.04934899999999999
0 0.7658984375 0.599233269286754 0.02937500000000004 0.05120999999999998
0 0.7762890625 0.4956458529839884 0.01937500000000003 0.03817499999999992
0 0.7799609375 0.40614164483260545 0.01375000000000004 0.03258900000000008
0 0.79625 0.5101364570596798 0.03187499999999999 0.041899000000000054
0 0.8118359375 0.6293818937409025 0.0462499999999999 0.06797000000000004
0 0.8282421875 0.48621664483260546 0.021874999999999978 0.03258800000000013
0 0.8707421875 0.4034668529839884 0.021874999999999978 0.038175
0 0.9033203125 0.5273028529839884 0.02562500000000001 0.040037000000000024
0 0.908515625 0.4219706448326056 0.02124999999999999 0.03445099999999995
