0 0.005859375 0.6248614444444445 0.0125 0.07888900000000001
0 0.0390234375 0.49173588888888886 0.030625 0.06222200000000003
0 0.1355078125 0.5718058888888888 0.042499999999999996 0.09333300000000004
0 0.26234375 0.5377777777777778 0.024375000000000036 0.055555999999999967
0 0.295546875 0.5115976666666666 0.02812500000000001 0.05222200000000004
0 0.330859375 0.6113192222222222 0.013124999999999998 0.03888899999999998
0 0.4042578125 0.3725692222222222 0.04125000000000001 0.10222199999999997
0 0.4735546875 0.7082634444444444 0.07 0.1077779999999999
0 0.47671875 0.72125 0.05624999999999997 0.06444400000000014
0 0.6503515625 0.4485421111111111 0.03437499999999993 0.06777700000000003
0 0.6508203125 0.46333377777777784 0.026874999999999982 0.05666600000000003
0 0.6723828125 0.354653 0.04249999999999998 0.095555
0 0.780234375 0.7538194444444444 0.10624999999999996 0.10888899999999996
