0 0.148125 0.41911425 0.0625 0.10333399999999997
0 0.253359375 0.4319274166666667 0.044375 0.07749999999999997
0 0.3448046875 0.40015625 0.03875000000000001 0.07250000000000001
0 0.377734375 0.5560934166666667 0.04375000000000001 0.07749999999999997
0 0.4148046875 0.38401075 0.03750000000000003 0.05666600000000003
0 0.4686328125 0.3997913333333334 0.04249999999999998 0.07416699999999994
0 0.4790625 0.4872913333333333 0.048750000000000016 0.0741670000000001
0 0.5438671875 0.505208 0.05437500000000006 0.09583399999999997
0 0.60578125 0.40479133333333334 0.039999999999999925 0.07416700000000002
0 0.646015625 0.5186975833333333 0.051875000000000004 0.08166700000000009
0 0.746015625 0.5059378333333333 0.05249999999999999 0.08916600000000008
0 0.7901953125 0.44546875 0.05687500000000001 0.08666699999999998
