0 0.1369140625 0.7856265401459854 0.019375000000000003 0.030840999999999983
0 0.25625 0.7702023722627737 0.0325 0.05420600000000005
0 0.292890625 0.778791102189781 0.020625000000000004 0.040187000000000014
0 0.366953125 0.6603388540145986 0.0050000000000000044 0.005607000000000021
0 0.3923046875 0.6417625620437957 0.006249999999999978 0.011214999999999923
0 0.4285546875 0.664486 0.006250000000000033 0.0018690000000000622
0 0.43078125 0.7213182700729927 0.00874999999999998 0.016822000000000028
0 0.4686328125 0.6719009781021897 0.010000000000000009 0.021496000000000005
0 0.4835546875 0.6871474160583942 0.007499999999999951 0.013085000000000032
0 0.599296875 0.6552493722627737 0.028125000000000067 0.05420599999999997
0 0.7998828125 0.6407055182481752 0.011249999999999982 0.05233600000000002
