0 0.505234375 0.48868792961876834 0.011874999999999969 0.021576
0 0.5349609375 0.4971309296187683 0.014375000000000027 0.020637999999999972
0 0.5387109375 0.4872216539589443 0.01375000000000004 0.019700000000000023
0 0.5551171875 0.49267703225806453 0.021874999999999978 0.034708999999999914
0 0.598984375 0.46283165395894427 0.013124999999999942 0.018761000000000017
0 0.613515625 0.4659452375366569 0.020625000000000004 0.05816200000000004
0 0.6123828125 0.4691699618768328 0.011249999999999982 0.05534700000000005
0 0.6675390625 0.4544521348973607 0.018750000000000044 0.045966000000000014
0 0.7324609375 0.43863109677419354 0.04562500000000003 0.09849899999999998
0 0.8380078125 0.3910251994134897 0.073125 0.10975600000000003
0 0.9175390625 0.36957616129032256 0.08062500000000006 0.16135
