0 0.13321630400782014 0.3375703333333333 0.09272699999999998 0.16707100000000005
0 0.2668233421309873 0.34919458333333336 0.03999999999999999 0.050848000000000004
0 0.319687376344086 0.2715085 0.043636000000000015 0.07990299999999999
0 0.34694009872922776 0.38081091666666667 0.069091 0.12348599999999998
0 0.5916906500488759 0.26011124999999996 0.07454599999999995 0.13317199999999998
0 0.7055524789833821 0.32866083333333335 0.05636300000000002 0.12106500000000005
0 0.7527077223851417 0.28811308333333335 0.02545500000000004 0.03389899999999998
0 0.8363051671554251 0.3815864166666667 0.07636300000000006 0.07748199999999998
0 0.8399807223851418 0.28085008333333333 0.025454000000000008 0.033897999999999984
0 0.9675075131964809 0.2834094166666667 0.06 0.10895899999999996
