0 0.06496093750000001 0.41994825 0.04499999999999999 0.10333299999999997
0 0.1537109375 0.3028128333333333 0.045625 0.05916600000000002
0 0.1737890625 0.23255208333333335 0.049375 0.06583299999999996
0 0.2921875 0.3297913333333333 0.048750000000000016 0.07416700000000002
0 0.34625 0.5639586666666666 0.06312499999999999 0.11583300000000007
0 0.412578125 0.295417 0.036250000000000004 0.06333300000000004
0 0.5093359375 0.25916666666666666 0.044999999999999984 0.08416700000000003
0 0.5564453125 0.2801565833333333 0.05812500000000009 0.11416599999999999
0 0.6325390625 0.27427083333333335 0.04937499999999995 0.08916699999999995
0 0.7476953125 0.091875 0.05812499999999998 0.09500000000000001
0 0.8388671875 0.30041633333333334 0.053749999999999964 0.10499999999999998
