0 0.06468750000000001 0.30471186530014643 0.048749999999999995 0.09005599999999997
0 0.129765625 0.3477937672035139 0.05249999999999999 0.10975599999999995
0 0.184921875 0.2268067057101025 0.028124999999999983 0.06378999999999999
0 0.26070312500000004 0.2604634480234261 0.03562499999999999 0.056285999999999975
0 0.3433984375 0.2667328345534407 0.02937500000000004 0.06566599999999999
0 0.393515625 0.2893600922401171 0.020625000000000004 0.070357
0 0.5095703125 0.2577637057101025 0.025624999999999953 0.061914
0 0.5783203125 0.6031725651537335 0.11937500000000001 0.24015100000000003
0 0.56625 0.23138344802342606 0.03187499999999999 0.058161
0 0.694921875 0.23836231918008785 0.028124999999999956 0.055346999999999986
0 0.808828125 0.28496770571010244 0.03562500000000002 0.06285200000000002
