0 0.08203125 0.5273438333333332 0.070313 0.057292000000000044
0 0.2929685625 0.5260419166666667 0.03515600000000002 0.061198000000000086
0 0.32617175 0.3971353333333334 0.02441399999999999 0.04296899999999996
0 0.3984374375 0.5312502499999999 0.029297000000000017 0.07291600000000005
0 0.5097655624999999 0.49999975 0.034180000000000044 0.05598999999999991
0 0.626953 0.5117189166666667 0.032227000000000006 0.059896000000000026
0 0.684569875 0.4739586666666667 0.02832100000000004 0.053385000000000016
0 0.7441406875 0.5312501666666667 0.038086000000000064 0.06900999999999995
0 0.8749998125 0.5221352499999999 0.04101599999999994 0.07031300000000007
0 0.916992125 0.45703125 0.03710899999999995 0.070313
