0 0.072266 0.37500035294117645 0.033202999999999996 0.06323500000000003
0 0.166016 0.34264658823529415 0.03320300000000001 0.054411999999999947
0 0.247069875 0.2911767647058824 0.02734399999999998 0.060293999999999966
0 0.3476565 0.2661764117647059 0.04785100000000003 0.09705899999999998
0 0.4257809375 0.34558864705882353 0.10742199999999996 0.189705
0 0.5361331874999999 0.2147059411764706 0.11718699999999999 0.166176
0 0.622070625 0.15294123529411766 0.05175799999999997 0.09264700000000001
0 0.664062625 0.10882382352941178 0.021483999999999948 0.045588
0 0.694335625 0.09411764705882353 0.019531999999999994 0.039706
0 0.7666015 0.0720585294117647 0.04882799999999998 0.11911799999999999
0 0.839844 0.04852988235294118 0.03222599999999998 0.080882
0 0.918945 0.008823529411764706 0.03125 0.020588
