0 0.0458984375 0.4885416666666667 0.0925 0.17916699999999994
0 0.16316406249999998 0.34557325 0.08187499999999999 0.135
0 0.286328125 0.44380175 0.13 0.213334
0 0.3828515625 0.3067708333333334 0.06624999999999998 0.09083299999999994
0 0.5235156249999999 0.30953125 0.08249999999999996 0.16416699999999998
0 0.5175 0.17348991666666666 0.03125 0.029166000000000008
0 0.575625 0.4658854166666666 0.09562499999999996 0.23250000000000007
0 0.6644140625 0.10765625 0.05062500000000003 0.0725
0 0.70265625 0.25958333333333333 0.07062500000000005 0.10500000000000002
0 0.756015625 0.11734408333333335 0.05125000000000002 0.098333
0 0.7930859375 0.25807291666666665 0.10875000000000001 0.21750000000000003
0 0.9055859375 0.06026041666666667 0.0462499999999999 0.07750000000000001
0 0.9633984375 0.1522916666666667 0.06062500000000004 0.11583299999999996
