0 0.0896484375 0.5657014421669108 0.09250000000000001 0.1482179999999999
0 0.1411328125 0.1486740307467057 0.010624999999999996 0.026266
0 0.3120703125 0.3085963440702782 0.08937499999999998 0.16697900000000002
0 0.3911328125 0.2341455710102489 0.073125 0.15197000000000002
0 0.469453125 0.6839887613469985 0.09875 0.19981200000000013
0 0.5278125 0.23707382869692534 0.07937499999999997 0.155722
0 0.599375 0.5021841171303074 0.09375 0.18667900000000007
0 0.6965625 0.3328279267935578 0.078125 0.13602300000000003
0 0.70703125 0.45864618448023425 0.07187500000000002 0.14071300000000003
0 0.7229296875 0.6871445344070277 0.10125000000000006 0.21951199999999998
0 0.9156640625 0.6419591171303074 0.11250000000000004 0.18667900000000007
