0 0.09830137094682231 0.32671875 0.058970999999999996 0.05625000000000002
0 0.1978673372243839 0.23 0.05232500000000002 0.06312500000000001
0 0.23320562386511023 0.6163671875 0.09800700000000001 0.08562500000000006
0 0.2989912697795072 0.492109375 0.04318999999999999 0.07500000000000001
0 0.39554133722438395 0.091171875 0.053987000000000035 0.06
0 0.4260682697795072 0.891484375 0.043188999999999936 0.07562500000000005
0 0.5004542866407263 0.6615625 0.04485100000000002 0.078125
0 0.5949793709468223 0.099140625 0.057309000000000034 0.051250000000000004
0 0.6365535226977951 0.374765625 0.08139499999999998 0.08374999999999999
0 0.9091825901426719 0.6694140625 0.09136300000000001 0.08187500000000003
0 0.9185932697795072 0.084140625 0.041528000000000044 0.052500000000000005
