0 0.028383015873015872 0.235625 0.032056 0.0325
0 0.08751500854700854 0.404375 0.017201000000000004 0.03125
0 0.09840801709401709 0.348046875 0.034401 0.027500000000000024
0 0.128268010989011 0.2642578125 0.023456 0.04124999999999998
0 0.17493301465201466 0.301875 0.029710999999999984 0.03125
0 0.24530101465201465 0.2890234375 0.029710999999999984 0.030625000000000013
0 0.2844900170940171 0.236875 0.035966 0.03249999999999997
0 0.32881002075702076 0.23578125 0.042220999999999946 0.03937499999999999
0 0.39301902319902315 0.181328125 0.046912 0.03562499999999999
0 0.3920440183150183 0.242734375 0.03831199999999998 0.043125000000000024
0 0.5161040415140415 0.1900390625 0.08522199999999996 0.081875
0 0.5770030195360196 0.1665625 0.04065699999999996 0.04749999999999999
0 0.6655460244200244 0.198125 0.04925700000000005 0.0325
0 0.7458420085470086 0.308671875 0.017201000000000022 0.028749999999999998
0 0.754539010989011 0.0739453125 0.023455000000000028 0.026874999999999996
0 0.7693410195360196 0.29203125 0.040655999999999914 0.03937499999999999
0 0.8580340183150184 0.322578125 0.036746999999999946 0.036250000000000004
0 0.8899400244200244 0.3125390625 0.04925700000000005 0.049375
0 0.8948770207570207 0.1590234375 0.04300300000000004 0.029374999999999984
0 0.9443270256410256 0.36375 0.051603000000000065 0.06312499999999999
0 0.9939380048840049 0.1567578125 0.010164000000000083 0.04249999999999998
