0 0.04296875 0.551382720116618 0.086875 0.21848700000000004
0 0.2185546875 0.7746531720116617 0.10125 0.22315500000000002
0 0.201953125 0.567150889212828 0.03687499999999999 0.045750999999999965
0 0.2272265625 0.47692424489795915 0.035 0.06349200000000003
0 0.286171875 0.4648521632653061 0.028124999999999956 0.04201700000000002
0 0.2965234375 0.46975006705539357 0.02937500000000004 0.054154999999999995
0 0.3056640625 0.48994871137026236 0.018125000000000002 0.03641400000000009
0 0.3323828125 0.5541264227405247 0.04249999999999998 0.0709620000000001
0 0.38375 0.4704551632653061 0.03125 0.04201599999999998
0 0.3851953125 0.41238379300291544 0.02562500000000001 0.05695600000000002
0 0.4130859375 0.4641480670553936 0.013749999999999984 0.053221000000000025
0 0.444375 0.5037064227405248 0.03249999999999997 0.07282899999999999
0 0.460546875 0.7900586005830903 0.06 0.08029900000000013
0 0.484375 0.9323724897959184 0.0625 0.12511699999999992
0 0.4750390625 0.45248625947521864 0.019374999999999976 0.030811999999999964
0 0.5303125 0.779902052478134 0.04749999999999999 0.085901
0 0.5455859375 0.4852127930029155 0.04500000000000004 0.05602299999999993
0 0.5731640625 0.5470666967930028 0.050000000000000044 0.06909399999999999
0 0.6024609375 0.9535720524781341 0.07687500000000003 0.08496699999999988
0 0.588359375 0.4454255335276968 0.011874999999999969 0.02894499999999999
0 0.608125 0.4648521632653061 0.03312499999999996 0.04201700000000002
0 0.6705078125 0.8214622448979592 0.04249999999999998 0.06349200000000003
0 0.7373046875 0.6609690758017494 0.09999999999999998 0.2334269999999999
0 0.818046875 0.4502089854227405 0.028125000000000067 0.03454699999999995
0 0.8793359375 0.5529645189504373 0.013749999999999929 0.059756999999999956
0 0.8959375 0.5719149562682216 0.04749999999999999 0.09803899999999999
0 0.8875390625 0.439232889212828 0.018124999999999947 0.04388399999999999
0 0.8989453125 0.4879003411078717 0.02562500000000001 0.05135300000000001
0 0.9290625 0.4419194373177842 0.016249999999999987 0.03828200000000003
0 0.9380859375 0.47849642274052473 0.014375000000000027 0.07096100000000005
