0 0.0890234375 0.4056870281690141 0.061875 0.11311299999999998
0 0.1806640625 0.39516946635367767 0.04999999999999999 0.0900899999999999
0 0.291484375 0.38228335680751174 0.043749999999999956 0.09409399999999997
0 0.380078125 0.3804646306729264 0.03562500000000002 0.08008000000000005
0 0.460703125 0.3817757949921753 0.036250000000000004 0.07007000000000001
0 0.528515625 0.36958052112676054 0.020625000000000004 0.08608600000000002
0 0.60640625 0.369510014084507 0.04062499999999991 0.05705699999999998
0 0.701953125 0.3367307949921753 0.03562500000000002 0.07006999999999997
0 0.7998046875 0.3234076306729264 0.03749999999999998 0.08008000000000005
0 0.9060546875 0.31195957589984347 0.03875000000000006 0.08208200000000002
