0 0.15203125 0.6106421229868229 0.040624999999999994 0.09568499999999996
0 0.2413671875 0.47212967496339675 0.02312499999999998 0.038461000000000016
0 0.276875 0.5026037057101025 0.033125000000000016 0.06378999999999994
0 0.3495703125 0.5576530922401172 0.026875000000000038 0.07317100000000001
0 0.4099609375 0.5769853806734994 0.04625000000000001 0.100375
0 0.4434375 0.47212967496339675 0.016250000000000042 0.04033700000000005
0 0.4678125 0.4616964172767204 0.01749999999999996 0.03470899999999994
0 0.5044140625 0.47524128843338215 0.01937500000000003 0.030956999999999957
0 0.5278125 0.4411726749633968 0.016874999999999973 0.04033800000000002
0 0.563515625 0.7146558653001465 0.05125000000000002 0.09005599999999997
0 0.6102734375 0.4508512884333821 0.02937500000000004 0.030019000000000063
0 0.6118359375 0.4481515461200586 0.014375000000000027 0.03658499999999998
0 0.630625 0.49885170571010246 0.03187499999999999 0.06379000000000003
0 0.7421484375 0.45265719033674967 0.02937499999999993 0.052532999999999934
0 0.7512109375 0.55600460761347 0.04500000000000004 0.08255199999999992
0 0.8433984375 0.464028448023426 0.02937500000000004 0.057223000000000065
0 0.887578125 0.5271079633967789 0.03687499999999999 0.06754299999999999
0 0.9915625 0.5541286076134699 0.015625 0.08255200000000008
