0 0.1408203125 0.863125 0.02562500000000001 0.03333299999999998
0 0.15390625 0.7912496666666667 0.008750000000000008 0.020833999999999946
0 0.3868359375 0.8477600833333333 0.014374999999999971 0.03416699999999991
0 0.437109375 0.8986982500000001 0.011874999999999969 0.03999999999999989
0 0.47609375 0.8719270833333334 0.024375000000000036 0.034999999999999996
0 0.4903125 0.8260940833333333 0.01687500000000003 0.03583300000000008
0 0.56765625 0.8283333333333333 0.008750000000000036 0.04249999999999998
0 0.5868359375 0.78088575 0.014375000000000027 0.025832999999999995
0 0.6212109375 0.9528645833333332 0.04500000000000004 0.08166700000000009
0 0.818515625 0.9046354166666667 0.020625000000000004 0.04666699999999994
0 0.8536328125 0.8160940833333333 0.010624999999999996 0.03583299999999993
0 0.955390625 0.9319270833333334 0.020625000000000004 0.03583299999999993
