0 0.035664062499999996 0.38790320527859234 0.019375 0.025328000000000045
0 0.1125390625 0.3923020322580645 0.018125000000000002 0.03470900000000008
0 0.318984375 0.2842568211143695 0.075625 0.09662300000000003
0 0.3894140625 0.36704492375366565 0.04999999999999999 0.10788
0 0.476640625 0.4160069560117302 0.05250000000000005 0.14071299999999995
0 0.5294140625 0.3212515454545455 0.050000000000000044 0.092871
0 0.58984375 0.3491033724340176 0.05625000000000002 0.10225100000000001
0 0.666484375 0.3961884046920821 0.07562499999999994 0.132271
0 0.7937109375 0.42220248093841645 0.015000000000000013 0.02908
0 0.83390625 0.4409634809384164 0.009375000000000022 0.02908099999999998
0 0.84265625 0.38403265395894426 0.008750000000000036 0.019699000000000005
0 0.9190625 0.40238392961876834 0.01749999999999996 0.021576
0 0.9653125 0.4009176539589443 0.016249999999999987 0.019700000000000023
