0 0.1123046875 0.6125 0.13125 0.15625
0 0.1126953125 0.09296825 0.120313 0.164063
0 0.115625 0.8630854375 0.12656299999999998 0.15468800000000005
0 0.1345708125 0.365234375 0.135937 0.1375
0 0.354688 0.35 0.126562 0.15781300000000004
0 0.362890625 0.85625 0.114062 0.1265630000000001
0 0.396484875 0.605078125 0.12187399999999998 0.12968800000000003
0 0.39140625 0.1267578125 0.10312499999999997 0.13593700000000003
0 0.607421375 0.0978510625 0.13749999999999996 0.175
0 0.605078125 0.601953125 0.12968800000000003 0.16093800000000003
0 0.6349614375 0.86484325 0.15468700000000002 0.16562600000000005
0 0.61171925 0.36875 0.103124 0.125
0 0.8673828125 0.6115239375 0.135938 0.13906200000000002
0 0.869141125 0.3718745 0.129687 0.140625
0 0.8875 0.85703075 0.15625 0.18125100000000005
0 0.86796825 0.0984375 0.10312600000000005 0.140625
