0 0.057734375 0.09639607194244605 0.043125000000000004 0.07742
0 0.1096484375 0.1536721870503597 0.030624999999999986 0.03594399999999999
0 0.18140625 0.2443585035971223 0.07062500000000002 0.124424
0 0.2158984375 0.13627288489208633 0.029374999999999984 0.041475
0 0.2183984375 0.2127038273381295 0.029375000000000012 0.06175200000000001
0 0.306015625 0.1981171654676259 0.05249999999999999 0.094009
0 0.3548828125 0.2141426762589928 0.04125000000000001 0.06359499999999998
0 0.3838671875 0.1561447338129496 0.021875000000000033 0.04331800000000004
0 0.4233984375 0.1690943741007194 0.030625000000000013 0.07189000000000002
0 0.6271484375 0.5045919856115108 0.15499999999999992 0.30783400000000005
0 0.5851171875 0.22212680575539567 0.053750000000000075 0.11889399999999999
0 0.630390625 0.19441074820143886 0.05249999999999999 0.140092
0 0.6626953125 0.23932012949640288 0.02562500000000001 0.057141999999999936
0 0.6819921875 0.20960073381294964 0.021874999999999978 0.04331800000000004
0 0.7296484375 0.19150582733812946 0.02937500000000004 0.060830000000000016
0 0.7384375 0.22308764028776978 0.016249999999999987 0.028572
0 0.7580859375 0.19802388489208633 0.01375000000000004 0.042396999999999976
0 0.7803125 0.20488003597122303 0.016875000000000084 0.03963099999999999
0 0.854609375 0.32996080575539566 0.04312499999999997 0.11889400000000003
0 0.8753125 0.0696884892086331 0.015625 0.030413999999999997
0 0.8999609375 0.2576200143884892 0.04625000000000001 0.09677400000000003
