0 0.16609375 0.3048261229868228 0.05499999999999999 0.093808
0 0.175 0.1260198345534407 0.033125000000000016 0.065666
0 0.2515625 0.3202469941434846 0.047500000000000014 0.090995
0 0.26089843749999997 0.07922909224011714 0.029375000000000012 0.07129500000000001
0 0.32328125 0.32655954026354317 0.03999999999999998 0.12851800000000005
0 0.36984375 0.35200179795021963 0.05499999999999999 0.13320900000000002
0 0.42875 0.07776496339677892 0.03312499999999996 0.06754199999999999
0 0.4638671875 0.3488901844802343 0.05375000000000002 0.140713
0 0.5352734375 0.40915569985358713 0.06062500000000004 0.153846
0 0.5371875 0.11430680380673498 0.015625 0.04127500000000003
0 0.610234375 0.3984679882869693 0.07437499999999997 0.182927
0 0.6173046875 0.2883088345534407 0.038124999999999964 0.06472800000000001
0 0.7612890625 0.2655221595900439 0.018125000000000058 0.02814300000000003
0 0.849375 0.5246981171303075 0.09499999999999997 0.18480299999999997
0 0.8310546875 0.2527750922401171 0.03749999999999998 0.07317099999999997
0 0.95265625 0.34220892679355785 0.07187500000000002 0.13508499999999993
