0 0.01171875 0.5440822825768667 0.025 0.12007499999999995
0 0.1353125 0.5284942767203514 0.10999999999999999 0.212946
0 0.2863671875 0.5334646691068814 0.053749999999999964 0.13039400000000007
0 0.4069921875 0.5217256998535872 0.08437500000000003 0.153846
0 0.4474609375 0.6381888960468521 0.044999999999999984 0.11350799999999998
0 0.5669921875 0.45903211713030745 0.11562499999999998 0.18480299999999997
0 0.71625 0.5746091903367495 0.03187499999999999 0.05159400000000007
0 0.764609375 0.4624423440702782 0.07562499999999994 0.1688550000000001
0 0.755078125 0.5942563133235725 0.036250000000000004 0.14446499999999993
0 0.8165234375 0.48471060761346996 0.02937500000000004 0.08349000000000005
0 0.875703125 0.5788172210834553 0.03562500000000002 0.07504699999999996
0 0.9399609375 0.5938703806734992 0.07687500000000003 0.10225100000000013
0 0.988515625 0.5192534729136165 0.020625000000000004 0.17167
