0 0.0507685625 0.2728184480234261 0.033333 0.05625000000000002
0 0.12895800000000002 0.28303257686676425 0.03166699999999999 0.05875000000000004
0 0.156171875 0.281568448023426 0.027500000000000024 0.05625000000000002
0 0.233671875 0.2957467057101025 0.027499999999999997 0.0625
0 0.32911425 0.2201336017569546 0.10166700000000001 0.17375
0 0.4393623125 0.31117496339677897 0.025832999999999995 0.06999999999999992
0 0.494504875 0.29053257686676426 0.028334000000000026 0.05875000000000004
0 0.5042187499999999 0.23614019033674963 0.024999999999999967 0.04999999999999997
0 0.5593876875 0.38867496339677887 0.03833399999999998 0.07
0 0.6358203125 0.47560212298682286 0.05666699999999991 0.09500000000000007
0 0.682004875 0.31949670571010247 0.02833400000000008 0.0625
0 0.69005175 0.112997803806735 0.025000000000000022 0.043750000000000004
0 0.7240625 0.6328477306002929 0.07999999999999996 0.17624999999999996
0 0.7193876875 0.3697108345534407 0.03749999999999998 0.06500000000000002
0 0.7796484375 0.3147108345534407 0.030833 0.06625
0 0.8896484375 0.31178257686676425 0.030833 0.05875
0 0.9918359375 0.07260431918008785 0.01416700000000004 0.05374999999999999
