0 0.0788330625 0.5480004172767203 0.018762 0.032832999999999994
0 0.1247605 0.5304750307467057 0.01563500000000001 0.026266000000000022
0 0.2740321875 0.5811751903367497 0.023138999999999965 0.052532999999999934
0 0.306047375 0.5370410307467057 0.01250699999999999 0.026266999999999912
0 0.30784625 0.5670600307467057 0.008755000000000013 0.024389999999999905
0 0.3533029375 0.5244341595900438 0.014383999999999952 0.02908100000000009
0 0.6749071875 0.528940803806735 0.021889000000000047 0.042213999999999974
0 0.7785679375 0.5548650307467057 0.015010000000000079 0.026266000000000022
0 0.822619375 0.5567410307467057 0.012507999999999964 0.026266999999999995
0 0.88976775 0.5507443191800878 0.024390000000000023 0.05347099999999999
0 0.9149039375 0.5400835461200586 0.013758000000000048 0.035647000000000005
0 0.9772015625 0.5444058345534407 0.03439700000000001 0.06566599999999999
