0 0.03484375 0.31871276720351394 0.024375 0.10881800000000001
0 0.15203125 0.28295150951683745 0.03937499999999999 0.10506599999999999
0 0.2866015625 0.46541476134699855 0.09625000000000003 0.201688
0 0.3676953125 0.2755877057101025 0.02562500000000001 0.061913000000000024
0 0.420390625 0.2356356383601757 0.05249999999999999 0.10787999999999996
0 0.4658203125 0.3686775036603221 0.08937499999999998 0.19606
0 0.5608203125 0.41711573060029283 0.08812500000000001 0.17729899999999996
0 0.6659765625 0.45997011713030744 0.09687499999999993 0.184803
0 0.6870703125 0.22980506149341143 0.02562500000000001 0.049718999999999965
0 0.7107421875 0.24252619033674963 0.02187500000000009 0.05253300000000002
0 0.76703125 0.2599113806734993 0.04062499999999991 0.10037599999999998
