0 0.026953125 0.29875 0.03625 0.06333300000000001
0 0.2236328125 0.49348924999999993 0.04125000000000001 0.07250000000000008
0 0.30140625 0.48734375 0.040000000000000036 0.05499999999999994
0 0.322421875 0.2775003333333333 0.02749999999999997 0.04333299999999999
0 0.3921484375 0.44651075 0.030625000000000013 0.05666600000000003
0 0.40734375 0.26656216666666666 0.02437499999999998 0.038334000000000014
0 0.4866015625 0.42567675 0.03375000000000006 0.055834000000000016
0 0.4902734375 0.25953125 0.030624999999999958 0.03916700000000003
0 0.547421875 0.23963541666666666 0.028125000000000067 0.04500000000000004
0 0.5822265625 0.4568746666666667 0.03374999999999995 0.05333399999999999
0 0.61109375 0.23963541666666666 0.024375000000000036 0.04500000000000004
0 0.6746484375 0.24151075 0.029999999999999916 0.055000000000000014
0 0.6997265625 0.45911491666666665 0.03500000000000003 0.05999999999999998
0 0.7258203125 0.24208299999999996 0.02562500000000001 0.063334
0 0.8054296875 0.51432325 0.03875000000000006 0.070833
0 0.8097265625 0.24875 0.03500000000000003 0.06499999999999999
