0 0.445703125 0.13150791381872212 0.036250000000000004 0.05428600000000001
0 0.4479296875 0.5880422184249628 0.03749999999999998 0.07238100000000004
0 0.44890625 0.3526146389301635 0.03999999999999998 0.08857099999999996
0 0.4514453125 0.7838489569093611 0.02562500000000001 0.027618999999999977
0 0.56078125 0.11089921842496286 0.03937499999999994 0.072381
0 0.56203125 0.5865563343239227 0.03937500000000005 0.06952400000000007
0 0.559375 0.3638889138187222 0.03312500000000007 0.055237999999999954
0 0.561328125 0.8163846820208023 0.03562500000000002 0.05999999999999999
0 0.65140625 0.5803484071322437 0.040000000000000036 0.09428499999999998
0 0.64734375 0.34609826151560175 0.024375000000000036 0.04476100000000001
0 0.6527734375 0.1273935661218425 0.029999999999999916 0.062858
0 0.661328125 0.8091089866270431 0.03562499999999991 0.0780949999999999
0 0.7441796875 0.818060145616642 0.038125000000000075 0.05047599999999992
0 0.7461328125 0.5803484071322437 0.041874999999999996 0.092381
0 0.747109375 0.14381410252600296 0.04375000000000007 0.07619
0 0.74890625 0.35969975482912336 0.040000000000000036 0.085715
0 0.8387109375 0.1272039866270431 0.04499999999999993 0.07809600000000001
0 0.8373046875 0.8073935661218427 0.03749999999999998 0.06285799999999989
0 0.8392578125 0.5748229866270431 0.04125000000000001 0.0780959999999999
0 0.843203125 0.35352768202080237 0.03687499999999999 0.06190400000000005
0 0.9233984375 0.3504411456166419 0.030625000000000013 0.04857100000000002
0 0.932578125 0.11745145022288261 0.036250000000000004 0.06666700000000002
0 0.9396875 0.6087656820208024 0.04749999999999999 0.06095200000000006
0 0.9360546875 0.8191269138187222 0.03749999999999998 0.05618999999999986
