0 0.17083164631043257 0.6893359375 0.026894999999999985 0.01375000000000004
0 0.20180164631043257 0.67234375 0.026894999999999985 0.023749999999999938
0 0.2928234402035623 0.592421875 0.03341400000000001 0.02749999999999997
0 0.4358051755725191 0.617265625 0.03178499999999997 0.020625000000000004
0 0.43687838167938925 0.656640625 0.024450000000000045 0.020625000000000004
0 0.5152169109414757 0.64171875 0.02852500000000003 0.02375000000000005
0 0.6067551170483461 0.7326171875 0.020374999999999917 0.022499999999999964
0 0.7338941170483461 0.6015625 0.022819999999999965 0.015625
0 0.8313363816793893 0.675390625 0.024450000000000045 0.020625000000000004
0 0.8638368524173028 0.6663671875 0.017930000000000015 0.021874999999999978
