0 0.0107421875 0.26696034992679357 0.0225 0.078799
0 0.0947265625 0.5056202825768668 0.06625 0.12007499999999995
0 0.2658203125 0.1649368653001464 0.05687500000000001 0.09005600000000004
0 0.3597265625 0.4275307672035139 0.06562499999999999 0.11069499999999999
0 0.44984375 0.3774709941434846 0.05499999999999999 0.09287000000000002
0 0.494375 0.4494495402635432 0.06312499999999999 0.12664099999999995
0 0.6280859375 0.36772128257686676 0.04500000000000004 0.12289000000000001
0 0.67515625 0.4646428960468521 0.07187500000000002 0.11350800000000007
0 0.7265625 0.1480518653001464 0.046875 0.090056
0 0.788515625 0.7447881229868228 0.019999999999999907 0.09380900000000002
0 0.933203125 0.5275639941434846 0.06687500000000002 0.09287099999999995
0 0.992109375 0.4122500922401171 0.013125000000000053 0.07317000000000004
