0 0.2911328125 0.3038194444444444 0.04125000000000001 0.10888900000000001
0 0.3528125 0.319097 0.04750000000000004 0.09555599999999995
0 0.3704296875 0.12138844444444447 0.006250000000000033 0.015555999999999978
0 0.4523828125 0.2895828888888889 0.04125000000000001 0.09111200000000001
0 0.468984375 0.440208 0.04375000000000001 0.09555600000000004
0 0.475703125 0.12409733333333334 0.0050000000000000044 0.011110999999999994
0 0.5712109375 0.3617356666666667 0.04625000000000001 0.117778
0 0.5535546875 0.08076433333333333 0.007499999999999951 0.011111000000000006
0 0.6505078125 0.07361144444444445 0.010000000000000009 0.015554999999999998
0 0.6709375 0.44048644444444446 0.04875000000000007 0.11111099999999999
0 0.72328125 0.4614582222222222 0.040000000000000036 0.10222200000000006
