0 0.296015625 0.7767409562043796 0.020625000000000004 0.042016000000000074
0 0.420390625 0.6793975401459854 0.020625000000000004 0.02987900000000005
0 0.4734375 0.692062394160584 0.016874999999999973 0.034546999999999994
0 0.479140625 0.7852626642335767 0.020625000000000004 0.04948599999999987
0 0.4908203125 0.5133829343065693 0.02562500000000001 0.06162500000000007
0 0.4880859375 0.5990985401459854 0.013749999999999984 0.031746999999999984
0 0.6233203125 0.7825803722627737 0.02562500000000001 0.055087999999999984
0 0.6457421875 0.7856698102189781 0.021874999999999978 0.04388400000000009
0 0.6550390625 0.5757565401459854 0.01937500000000003 0.03081200000000001
0 0.659765625 0.7551462481751825 0.020625000000000004 0.035481
0 0.711171875 0.7442983722627737 0.028124999999999956 0.053220999999999935
0 0.7238671875 0.5712062481751825 0.021874999999999978 0.03641500000000009
0 0.753515625 0.7530418321167883 0.020625000000000004 0.024276999999999938
0 0.791015625 0.7320406642335766 0.020000000000000018 0.04762000000000003
0 0.837890625 0.576401102189781 0.020625000000000004 0.040149000000000025
0 0.8650390625 0.680042102189781 0.01937500000000003 0.038281999999999976
0 0.9182421875 0.6652218102189781 0.021874999999999978 0.04575200000000002
0 0.9331640625 0.5751786642335767 0.01937500000000003 0.04948600000000004
