0 0.0927734375 0.8184852518301611 0.061875 0.09849899999999998
0 0.114453125 0.2802258286969253 0.03624999999999999 0.15666000000000002
0 0.1573828125 0.6444313440702782 0.04250000000000001 0.168855
0 0.238046875 0.720872374816984 0.09125 0.190431
0 0.2980859375 0.31729279795021964 0.07687499999999997 0.134146
0 0.456875 0.8400525344070279 0.09562500000000002 0.21951200000000007
0 0.513125 0.684102019033675 0.09500000000000003 0.20637899999999992
0 0.5205859374999999 0.39078734992679354 0.04625000000000007 0.07692400000000006
0 0.6155078125 0.44315421522694 0.10375000000000001 0.16510300000000003
0 0.875625 0.6996199267935579 0.09375 0.1360229999999999
0 0.938984375 0.18600495754026355 0.07437499999999997 0.15947500000000003
0 0.9449609375 0.37977708638360175 0.07687500000000003 0.16135000000000002
