0 0.1478515625 0.41901075 0.03375 0.05666600000000003
0 0.1916015625 0.4273437500000001 0.03375 0.05666699999999995
0 0.250546875 0.35619825 0.028749999999999998 0.04083300000000004
0 0.25179687500000003 0.4138024166666667 0.027499999999999997 0.04583300000000001
0 0.299921875 0.3946354166666666 0.02812500000000001 0.046667000000000014
0 0.310625 0.43963541666666667 0.03125 0.04583300000000001
0 0.332421875 0.35786425 0.02812500000000001 0.04083399999999996
0 0.40375 0.4273437500000001 0.03250000000000003 0.05666699999999995
0 0.423515625 0.36619825 0.02124999999999999 0.039166000000000034
0 0.46171875 0.43796841666666664 0.024999999999999967 0.04583400000000001
0 0.46609375 0.37453125 0.024375000000000036 0.040000000000000036
0 0.498671875 0.4221354166666667 0.02749999999999997 0.04666699999999994
0 0.5134765625 0.51786425 0.034999999999999976 0.04083399999999996
0 0.5353515625 0.41151075 0.03374999999999995 0.05583300000000002
0 0.5344921875 0.35953125 0.021874999999999978 0.03916699999999995
0 0.5813671875 0.3957291666666667 0.02312499999999995 0.036667000000000005
0 0.611875 0.5929684166666668 0.032500000000000084 0.045833999999999854
0 0.61546875 0.4291663333333333 0.025000000000000022 0.041667000000000044
0 0.6697265625 0.39223958333333336 0.03375000000000006 0.04999999999999997
0 0.725625 0.41708300000000004 0.03187499999999999 0.0625
0 0.7841015625 0.47484375 0.03500000000000003 0.05583300000000002
0 0.8096484375 0.4022395833333334 0.029999999999999916 0.04999999999999997
