0 0.0675481875 0.31360472262773725 0.085555 0.12790700000000002
0 0.103307625 0.5952419708029197 0.114444 0.16279100000000002
0 0.2217233125 0.33701003649635036 0.088889 0.099668
0 0.2102389375 0.21650178832116787 0.04555500000000001 0.06644600000000003
0 0.340477875 0.4862622408759124 0.091111 0.177741
0 0.376501625 0.23568203649635036 0.05111100000000002 0.10132800000000002
0 0.448689125 0.12015678832116788 0.036667000000000005 0.06644500000000002
0 0.4839108125 0.460035700729927 0.07333299999999998 0.14617999999999995
0 0.5722265625 0.17678828467153285 0.06555599999999995 0.13621200000000003
0 0.6819921875 0.39172855474452556 0.08444399999999996 0.15116300000000002
0 0.662022125 0.13722191240875914 0.03555600000000003 0.083056
0 0.7100045625 0.22058072262773726 0.06555500000000003 0.12790700000000002
0 0.80067675 0.26024657664233575 0.05555599999999994 0.12956800000000002
0 0.9290625 0.33721436496350365 0.07999999999999996 0.19435199999999997
