0 0.0146484375 0.05151075 0.030625 0.056666
0 0.017578125 0.13026041666666666 0.03625 0.075833
0 0.041015625 0.23942741666666667 0.051250000000000004 0.075833
0 0.08058593750000001 0.3717190833333333 0.04499999999999999 0.06583300000000003
0 0.1359375 0.2069791666666667 0.11 0.22499999999999998
0 0.3331640625 0.06520866666666666 0.04999999999999999 0.05333299999999999
0 0.3405078125 0.2580211666666667 0.04125000000000001 0.06833299999999998
0 0.4096875 0.17437466666666665 0.04750000000000004 0.05333400000000001
0 0.4980078125 0.06317708333333333 0.04187500000000005 0.096667
0 0.5740625 0.21734375000000003 0.109375 0.18083300000000002
0 0.6410546875 0.04520866666666667 0.03874999999999995 0.05333299999999999
0 0.7825390625 0.26395833333333335 0.05062499999999992 0.07416700000000002
0 0.8305078125 0.18067675000000002 0.0412499999999999 0.05499999999999999
0 0.8877734375 0.2711975833333333 0.06187500000000001 0.08249999999999998
0 0.9222265625 0.1026045 0.03437499999999993 0.048332999999999994
0 0.9494140625 0.392917 0.04999999999999993 0.06499999999999995
0 0.9833984375 0.20276041666666667 0.030625000000000013 0.075833
