0 0.2506640625 0.3132288333333333 0.08124999999999999 0.12083400000000011
0 0.29515625 0.0390625 0.070625 0.08
0 0.433125 0.30046875 0.06312500000000004 0.08749999999999998
0 0.5765234375 0.21583366666666667 0.06125000000000003 0.085
0 0.6056640625 0.2907295 0.018124999999999947 0.07916600000000003
0 0.6175390625 0.22927050000000002 0.01937500000000003 0.04749999999999995
0 0.644453125 0.3494791666666666 0.03687499999999999 0.10000000000000009
0 0.6972265625 0.5351565833333334 0.03499999999999992 0.11249999999999998
0 0.7306640625 0.213958 0.018124999999999947 0.031667
0 0.855859375 0.27421908333333334 0.011874999999999969 0.06750000000000005
0 0.9471484375 0.363958 0.030000000000000027 0.03249999999999997
