0 0.0322265625 0.52432325 0.066 0.19733299999999998
0 0.1083671875 0.23062466666666667 0.054000000000000006 0.11466699999999996
0 0.1474375 0.12296875 0.04799999999999999 0.08800000000000001
0 0.2064140625 0.05233366666666667 0.05000000000000002 0.085333
0 0.242921875 0.4071767499999999 0.08999999999999997 0.18133400000000008
0 0.386734375 0.4651041666666667 0.10599999999999998 0.13066699999999995
0 0.4303203125 0.3171350833333333 0.057999999999999996 0.12800000000000003
0 0.5685546875 0.09449999999999999 0.03799999999999992 0.125333
0 0.6084609375 0.20836458333333333 0.04600000000000004 0.08266699999999998
0 0.6485546875 0.3976975833333333 0.038000000000000034 0.08266700000000005
0 0.7265546875 0.11931283333333333 0.038000000000000034 0.058665999999999996
0 0.7503671875 0.3655100833333333 0.05400000000000005 0.09866700000000002
0 0.8234375 0.053760416666666665 0.04799999999999993 0.077333
