0 0.043085937500000004 0.593159896046852 0.045 0.111633
0 0.089765625 0.3627855461200586 0.020000000000000004 0.03658499999999998
0 0.108125 0.4307835768667643 0.03312499999999999 0.05909900000000001
0 0.2025390625 0.3642496749633968 0.018125000000000002 0.03846099999999993
0 0.224296875 0.5252319633967789 0.028124999999999983 0.06941900000000002
0 0.2349609375 0.37321780380673497 0.014374999999999999 0.042213999999999974
0 0.2968359375 0.35006441727672033 0.015000000000000013 0.03470899999999998
0 0.3187109375 0.43094099414348463 0.04625000000000001 0.09287100000000004
0 0.3706640625 0.26183154026354316 0.04999999999999999 0.12758000000000003
0 0.5759375 0.36905393265007325 0.01749999999999996 0.04408999999999997
0 0.67375 0.5806672825768668 0.0625 0.12288899999999989
0 0.7381640625 0.2760696749633968 0.018125000000000058 0.038461000000000016
0 0.753203125 0.47251560761347 0.036250000000000004 0.08348900000000009
0 0.7628125 0.3344150307467057 0.015625 0.02439000000000003
0 0.8346875 0.3303644172767204 0.01749999999999996 0.03470899999999998
0 0.8728125 0.3388074172767203 0.016874999999999973 0.03377100000000001
0 0.9031640625 0.35006441727672033 0.018124999999999947 0.03470899999999998
0 0.981875 0.4436890614934114 0.03312499999999996 0.04971800000000003
