0 0.31375 0.8091579150805273 0.1575 0.317073
0 0.4396484375 0.34245466325036605 0.12437499999999996 0.22138899999999995
0 0.703515625 0.4895408038067349 0.02124999999999999 0.042213999999999974
0 0.73453125 0.5246626749633968 0.008750000000000036 0.04033699999999997
0 0.8817578125 0.27805993265007317 0.010000000000000009 0.045966
0 0.8942578125 0.26950267496339675 0.010624999999999996 0.03846199999999999
0 0.9229296875 0.2963649019033675 0.0068749999999999645 0.021576000000000015
0 0.9398046875 0.31606490190336745 0.006249999999999978 0.021576000000000057
0 0.9566796875 0.2888609019033675 0.006249999999999978 0.021575999999999974
0 0.97265625 0.30293190190336755 0.009375000000000022 0.02251399999999995
0 0.9966015625 0.27156303074670574 0.003750000000000031 0.02626599999999998
