0 0.0423046875 0.7215628333333334 0.0375 0.12083300000000004
0 0.0934765625 0.3777086666666667 0.035 0.053333
0 0.1862890625 0.38166666666666665 0.050625 0.08416700000000003
0 0.2080859375 0.3296878333333333 0.014374999999999999 0.027500000000000007
0 0.2669140625 0.33265591666666666 0.018125000000000002 0.029167000000000016
0 0.363359375 0.49005208333333333 0.16812500000000002 0.31750000000000006
0 0.514453125 0.35984375 0.03562499999999996 0.055832999999999945
0 0.5287890625 0.3532291666666667 0.01937500000000003 0.03833299999999995
0 0.5434375 0.45151075 0.04749999999999999 0.05666599999999996
0 0.6593359375 0.38932325000000007 0.17125 0.32249999999999995
0 0.770078125 0.4084899166666667 0.036250000000000004 0.15500000000000003
