0 0.0224609375 0.46671259854014596 0.045 0.10924400000000005
0 0.054375 0.5093594963503649 0.031874999999999994 0.07282899999999996
0 0.0628515625 0.44522293430656934 0.035 0.06349199999999995
0 0.0950390625 0.6731136204379563 0.05 0.08776899999999997
0 0.09 0.3477097883211679 0.03125 0.06535900000000004
0 0.160390625 0.4336774744525548 0.05249999999999999 0.09337100000000001
0 0.178359375 0.3439747883211679 0.043125000000000024 0.064426
0 0.3251171875 0.4138997445255475 0.053749999999999964 0.107376
0 0.3441796875 0.29192420437956207 0.03749999999999998 0.076564
0 0.352109375 0.7165904744525547 0.04375000000000001 0.09057000000000003
0 0.5130078124999999 0.4895817664233576 0.04187500000000005 0.08683400000000009
0 0.5409765625 0.3649022408759124 0.06562499999999993 0.17553699999999997
0 0.6816015625 0.4364638102189781 0.03499999999999992 0.046684999999999977
0 0.749609375 0.36848820437956203 0.043749999999999956 0.07656400000000003
0 0.7573828125 0.5315977664233577 0.04125000000000001 0.08496800000000009
0 0.7821484375 0.41137251824817517 0.030000000000000027 0.05135400000000005
0 0.81828125 0.48414949635036497 0.03937500000000005 0.07282900000000005
0 0.853203125 0.3756020802919708 0.036250000000000004 0.06069100000000002
0 0.873984375 0.5593203284671532 0.04312499999999997 0.09617200000000006
0 0.9641796875 0.4521817445255475 0.03749999999999998 0.10550799999999995
