0 0.0827734375 0.33101347058823527 0.030625 0.08281000000000001
0 0.1726953125 0.3564991176470588 0.02687500000000001 0.07151799999999998
0 0.2490234375 0.31454490196078433 0.029374999999999984 0.07779200000000001
0 0.28046875 0.3333649019607843 0.024375000000000036 0.07653700000000001
0 0.3533203125 0.33101347058823527 0.026874999999999982 0.08532000000000002
0 0.44234375 0.3673994705882353 0.024375000000000036 0.082811
0 0.4776953125 0.34504854901960785 0.025624999999999953 0.06398999999999998
0 0.5189453125 0.38394454901960784 0.02562500000000001 0.06398999999999998
0 0.6052734375 0.2919599019607843 0.02937500000000004 0.07653699999999995
0 0.68671875 0.32371854901960784 0.024374999999999925 0.06524499999999998
0 0.76734375 0.35312576470588236 0.024375000000000036 0.058970999999999996
0 0.856796875 0.31313233333333335 0.028124999999999956 0.07026399999999997
0 0.9414453125 0.3201121176470588 0.02562500000000001 0.07277299999999999
