0 0.11595948563611491 0.3677734375 0.128721 0.12312499999999998
0 0.33394140902872776 0.5657421874999999 0.14798599999999995 0.17812500000000003
0 0.33968739808481535 0.8581640625 0.15061300000000002 0.20687500000000003
0 0.33307275923392615 0.331796875 0.062172000000000005 0.027500000000000024
0 0.37980651846785224 0.409375 0.12171599999999998 0.09562500000000002
0 0.5031116388508892 0.6563671875 0.091069 0.14687499999999998
0 0.5755663324213406 0.43890625 0.16725100000000004 0.10249999999999998
0 0.758030266757866 0.76640625 0.18476299999999993 0.19625000000000004
0 0.7734156060191518 0.4251171875 0.10070100000000003 0.11625000000000002
0 0.8897167264021888 0.3873828125 0.06917700000000004 0.10375000000000001
0 0.8963947920656634 0.248671875 0.05429100000000005 0.05937500000000001
0 0.9532557154582764 0.6045703125 0.07180400000000006 0.08875
0 0.9380988577291381 0.390546875 0.03590200000000003 0.05937500000000001
