0 0.045234375 0.25079664222873904 0.075625 0.18890999999999997
0 0.1663671875 0.08211143695014662 0.085 0.166353
0 0.2935546875 0.5140316041055718 0.13249999999999998 0.24154099999999998
0 0.2708203125 0.2803424750733138 0.02562500000000001 0.11184199999999998
0 0.3384375 0.2833135073313783 0.11125000000000002 0.143797
0 0.4225 0.08797653958944282 0.09500000000000003 0.178571
0 0.494765625 0.11928882111436949 0.05125000000000002 0.095865
0 0.6222265625 0.2080543284457478 0.12812500000000004 0.23778200000000002
0 0.720625 0.04985337243401759 0.06312499999999999 0.10150400000000001
0 0.77265625 0.37880615542521995 0.1343749999999999 0.24811999999999995
0 0.794765625 0.12515392375366569 0.05125000000000002 0.10620300000000002
0 0.836953125 0.168312853372434 0.06812499999999999 0.12876
