0 0.4990234375 0.5087190336749634 0.999375 0.979362
0 0.0439453125 0.44299679795021957 0.057499999999999996 0.134146
0 0.1136328125 0.343857411420205 0.07375 0.12570399999999998
0 0.1697265625 0.6323496017569545 0.09625000000000002 0.17354600000000012
0 0.2078515625 0.38467738067349927 0.06562499999999999 0.10131299999999994
0 0.2401953125 0.4858501844802342 0.08874999999999997 0.14258900000000008
0 0.260546875 0.2732728960468521 0.05874999999999997 0.11350799999999998
0 0.31375 0.9452405095168376 0.09375 0.10506599999999987
0 0.3071484375 0.26050760761347 0.030625000000000013 0.08442799999999995
0 0.423984375 0.1841808345534407 0.043749999999999956 0.065666
0 0.4480078125 0.4162478286969253 0.07250000000000001 0.15759900000000004
0 0.4412890625 0.2535988345534407 0.04999999999999999 0.06472800000000001
0 0.6368359375 0.23603879209370424 0.10750000000000004 0.22514099999999998
0 0.7518359375 0.26881041142020495 0.04625000000000001 0.12382699999999998
0 0.8109375 0.37549795754026355 0.078125 0.159475
0 0.8030859375 0.1845927057101025 0.04625000000000001 0.06378999999999999
0 0.863828125 0.1916858345534407 0.0368750000000001 0.06566600000000003
0 0.906015625 0.22918289604685216 0.05125000000000002 0.11256999999999999
0 0.968671875 0.5082239882869692 0.06000000000000005 0.182927
0 0.9876171875 0.34051728257686675 0.022499999999999964 0.12101300000000001
