0 0.1180859375 0.41257902541106123 0.07687499999999999 0.16826000000000005
0 0.12515625 0.2875352197309417 0.03937499999999999 0.03728500000000001
0 0.17984375 0.3854301225710015 0.05562500000000001 0.10420699999999997
0 0.2683203125 0.4060458908819133 0.057499999999999996 0.10611800000000005
0 0.3928125 0.39408774439461886 0.048750000000000016 0.08317300000000001
0 0.474375 0.34741690284005977 0.03250000000000003 0.06692100000000001
0 0.598515625 0.4305372810164425 0.05125000000000002 0.08890999999999993
0 0.6221484375 0.37663567115097163 0.02937499999999993 0.07074599999999999
0 0.7468359375 0.42867790284005985 0.04500000000000004 0.06787799999999995
0 0.8566796875 0.43782167115097165 0.03749999999999998 0.07074499999999996
