0 0.3484765625 0.32732190190336746 0.003750000000000031 0.022514000000000034
0 0.357109375 0.33377464421669106 0.013124999999999998 0.015009000000000005
0 0.3748046875 0.33606251537335285 0.006249999999999978 0.013133999999999982
0 0.4905078125 0.3456720307467057 0.010625000000000051 0.02345199999999997
0 0.5273046875 0.38559715959004387 0.007499999999999951 0.029081000000000048
0 0.604375 0.3724122825768668 0.06374999999999997 0.12101300000000001
0 0.740234375 0.4334401595900439 0.013125000000000053 0.027204
0 0.797734375 0.4416546442166911 0.011874999999999969 0.016884999999999956
0 0.873359375 0.46709690190336745 0.013124999999999942 0.021576000000000057
0 0.9119921875 0.4397085461200586 0.021874999999999978 0.03658499999999998
0 0.9337109375 0.4712617730600293 0.015000000000000013 0.019698999999999967
0 0.94828125 0.47929190190336746 0.009375000000000022 0.022514000000000034
0 0.9611328125 0.5331747730600293 0.011249999999999982 0.018761999999999963
0 0.964609375 0.48492090190336745 0.012499999999999956 0.022514000000000034
