0 0.052734375 0.2949895844346549 0.10625 0.18233100000000002
0 0.1249609375 0.29587500440528636 0.04562500000000001 0.06390899999999997
0 0.1940625 0.26268301174743025 0.079375 0.165414
0 0.271875 0.20652786637298087 0.06312500000000001 0.13063900000000006
0 0.3183984375 0.22385857709251103 0.02999999999999997 0.08176600000000003
0 0.46921875 0.42375072393538915 0.08624999999999994 0.13627800000000004
0 0.5678125 0.2778411483113069 0.04749999999999999 0.07706699999999997
0 0.751796875 0.35284901321585904 0.09124999999999994 0.18702999999999997
0 0.7855078125 0.20294686196769457 0.041874999999999996 0.069549
0 0.89578125 0.2205101483113069 0.03937500000000005 0.07706700000000004
0 0.9822265625 0.2988697209985316 0.03375000000000006 0.09586399999999998
