0 0.0403125 0.3134322352941176 0.0175 0.041430999999999996
0 0.0969921875 0.3086070588235294 0.023125000000000007 0.03672399999999995
0 0.1600390625 0.2939544705882353 0.018125000000000002 0.03295599999999999
0 0.1968359375 0.2786561176470588 0.013749999999999984 0.022598000000000028
0 0.2390625 0.28306788235294117 0.017499999999999988 0.031073000000000035
0 0.32328125 0.3696409411764706 0.133125 0.2664780000000001
0 0.5400390625 0.31190570588235295 0.11187499999999995 0.274953
0 0.561328125 0.033823529411764704 0.03562500000000002 0.067797
0 0.73875 0.27634911764705883 0.03312499999999996 0.07156300000000003
0 0.8257421875 0.24869258823529414 0.023125000000000062 0.05555600000000002
0 0.881640625 0.3430869411764706 0.020000000000000018 0.06591399999999994
0 0.8831640625 0.20926076470588237 0.018749999999999933 0.06120599999999998
0 0.8949609375 0.1279855294117647 0.014374999999999916 0.06967999999999999
0 0.9026171875 0.31619335294117645 0.021874999999999978 0.06214700000000001
0 0.9112890625 0.22685552941176473 0.018750000000000044 0.06967999999999999
0 0.9168359375 0.13616329411764708 0.014374999999999916 0.07721299999999998
0 0.9250390625 0.2585742941176471 0.01937500000000003 0.079096
