0 0.01953125 0.34660215124816446 0.04 0.11947300000000002
0 0.0170703125 0.164810436123348 0.026875 0.10818499999999998
0 0.0327734375 0.15916643612334802 0.030625000000000003 0.106303
0 0.06789062500000001 0.31913629515418496 0.0525 0.1326440000000001
0 0.0662109375 0.1577438663729809 0.045 0.13076200000000002
0 0.109296875 0.14110858002936857 0.05875000000000001 0.12041400000000001
0 0.1275390625 0.5226340088105726 0.081875 0.12605800000000011
0 0.1226171875 0.27928172246696037 0.05374999999999999 0.11571
0 0.1666796875 0.585318436123348 0.06875 0.10818500000000002
0 0.1619140625 0.12082515124816445 0.04999999999999999 0.117592
0 0.1605078125 0.2596415800293686 0.04249999999999998 0.12323599999999997
0 0.189453125 0.25200072246696037 0.036250000000000004 0.11571
0 0.210546875 0.5216471497797357 0.05875 0.09783599999999996
0 0.2765625 0.48782600881057264 0.07937500000000003 0.1260590000000001
0 0.346875 0.06461086637298091 0.0625 0.129821
0 0.4339453125 0.5734330088105727 0.08937499999999998 0.12511799999999998
0 0.43390625 0.2728574390602056 0.07187500000000002 0.14769500000000002
0 0.4645703125 0.4296158663729809 0.08937499999999998 0.13076199999999996
0 0.515078125 0.21682601027900147 0.06812500000000005 0.14675400000000002
0 0.6106640625 0.19695615271659325 0.08187499999999992 0.140169
0 0.6333203125 0.35619300734214393 0.057499999999999996 0.10442099999999997
0 0.7048046875 0.1623778678414097 0.06874999999999998 0.150518
0 0.7713671875 0.11681029662261379 0.053749999999999964 0.15428000000000003
0 0.794453125 0.3105554375917768 0.06687500000000002 0.12888100000000002
0 0.834140625 0.10386901174743025 0.08374999999999999 0.16556900000000002
0 0.8310546875 0.34788672393538916 0.03874999999999995 0.13640599999999994
0 0.8664453125 0.3572937239353891 0.057499999999999996 0.13640599999999994
0 0.900859375 0.09276386784140969 0.07437499999999997 0.150517
0 0.8983203125 0.39040358002936854 0.05812499999999998 0.12323599999999997
