0 0.0139453125 0.3630208333333333 0.02625 0.028333000000000014
0 0.1378125 0.3248961666666667 0.016249999999999987 0.03666600000000001
0 0.238046875 0.3356774166666667 0.06 0.13999999999999999
0 0.3913671875 0.3863541666666666 0.11625000000000002 0.19500000000000006
0 0.528828125 0.30260383333333335 0.036250000000000004 0.09000000000000001
0 0.527421875 0.35031283333333335 0.028749999999999942 0.058333000000000045
0 0.6249609375 0.3674479166666667 0.10875000000000001 0.18500000000000003
0 0.853515625 0.2855729166666667 0.020000000000000018 0.09166700000000001
0 0.8732421875 0.305625 0.022499999999999964 0.031667000000000035
0 0.9598046875 0.292917 0.03874999999999995 0.06333300000000004
