0 0.2330859375 0.6209225061425062 0.013749999999999984 0.014150999999999993
0 0.2368359375 0.6693210073710074 0.013749999999999984 0.01572299999999992
0 0.25406249999999997 0.6308970098280098 0.017499999999999988 0.02201300000000002
0 0.2880859375 0.6633755061425062 0.013749999999999984 0.014150999999999993
0 0.2903125 0.6347290073710073 0.017500000000000016 0.015724000000000047
0 0.340859375 0.6375305085995087 0.012499999999999956 0.017294999999999984
0 0.3705859375 0.6230360098280098 0.014999999999999958 0.020440000000000104
0 0.3880859375 0.6265245085995085 0.015000000000000013 0.01886700000000012
0 0.4143359375 0.6155175085995085 0.01375000000000004 0.017296000000000113
0 0.4330859375 0.5997945085995086 0.013749999999999984 0.018868000000000038
