0 0.01953125 0.40679476299112793 0.040625 0.16545000000000004
0 0.0985546875 0.3922391051964512 0.03749999999999999 0.066505
0 0.18625 0.39107636628643855 0.03312499999999999 0.11030100000000001
0 0.34109375 0.3367006920152091 0.18062500000000004 0.290349
0 0.4555859375 0.5425356577946768 0.04625000000000001 0.09975700000000003
0 0.5259765625 0.4909380544993663 0.09687499999999993 0.15652900000000006
0 0.5133203125 0.368059969581749 0.05812499999999998 0.055150000000000005
0 0.6425 0.44800023067173644 0.03312500000000007 0.09651199999999999
0 0.66578125 0.43674708491761727 0.040000000000000036 0.103812
0 0.812578125 0.3720349531051964 0.161875 0.33333300000000005
0 0.74734375 0.40268691888466407 0.025000000000000022 0.14274200000000004
0 0.981328125 0.5616094106463878 0.03562500000000002 0.28386000000000006
