0 0.031718750000000004 0.2441045768667643 0.024374999999999997 0.06097500000000001
0 0.153515625 0.2836178345534407 0.05125000000000002 0.066604
0 0.34609375 0.270028803806735 0.024375000000000036 0.042213999999999974
0 0.392421875 0.2547211903367496 0.028749999999999998 0.05253300000000002
0 0.5183203125 0.2765257057101025 0.026874999999999982 0.06285100000000005
0 0.5723828125 0.2788577364568082 0.04249999999999998 0.08630399999999998
0 0.6416015625 0.25847319033674965 0.034375000000000044 0.052532999999999976
0 0.639765625 0.25636967496339674 0.020625000000000004 0.04033799999999998
0 0.675 0.25389744802342606 0.03125 0.056285
0 0.7229296875 0.29697934992679353 0.03875000000000006 0.076923
0 0.8484375 0.27796289604685215 0.04875000000000007 0.113509
0 0.9070703125 0.25581760761347 0.026874999999999982 0.08255099999999999
