0 0.0107421875 0.5915587647058823 0.021875 0.05932200000000006
0 0.042890625 0.5774976470588236 0.020624999999999998 0.04049000000000003
0 0.11546875 0.5995564705882352 0.055624999999999994 0.08474599999999997
0 0.1719921875 0.574906 0.023125000000000007 0.05273099999999999
0 0.248828125 0.5149160588235294 0.0675 0.135593
0 0.3260546875 0.5473133529411764 0.007500000000000007 0.01412500000000011
0 0.3348046875 0.5620831176470589 0.006250000000000033 0.02165700000000002
0 0.33578125 0.5454303529411765 0.008750000000000036 0.012240999999999962
0 0.4413671875 0.5932511176470588 0.05375000000000002 0.12146899999999995
0 0.485390625 0.5568988235294118 0.02124999999999999 0.04613900000000003
0 0.4923046875 0.5350723529411765 0.007500000000000007 0.013182999999999953
0 0.548359375 0.6152682352941176 0.04312499999999997 0.09227900000000004
0 0.5330078125 0.5308929411764706 0.010000000000000009 0.015066000000000034
0 0.6576171875 0.5568988235294118 0.023125000000000062 0.044256000000000115
0 0.697890625 0.6070265882352942 0.05249999999999999 0.10451899999999993
0 0.7319921875 0.5235294117647059 0.023125000000000062 0.04802300000000001
0 0.8673828125 0.5191176470588236 0.010000000000000009 0.03860600000000005
0 0.9186328125 0.5566548823529412 0.04250000000000009 0.081921
0 0.93765625 0.528713705882353 0.008125000000000049 0.025424
0 0.9818359375 0.5052898823529413 0.014375000000000027 0.031072999999999993
