0 0.0145703125 0.5147555768667643 0.025625000000000002 0.059044000000000055
0 0.0181640625 0.4538976749633968 0.018125000000000002 0.0403
0 0.0719140625 0.44722041727672035 0.019375000000000003 0.034677000000000006
0 0.074140625 0.488163803806735 0.020625000000000004 0.04217499999999998
0 0.093125 0.5278765768667643 0.031875 0.05998100000000006
0 0.1032421875 0.46086854612005856 0.021875000000000006 0.036551000000000014
0 0.112890625 0.8357998286969253 0.021250000000000005 0.15557600000000005
0 0.1199609375 0.4560662884333821 0.013749999999999984 0.02998999999999996
0 0.1407421875 0.48400493265007316 0.022499999999999992 0.044049000000000074
0 0.1566015625 0.5405877057101025 0.03437499999999999 0.061854999999999986
0 0.1580859375 0.38753303074670564 0.014374999999999999 0.02436700000000005
0 0.1637109375 0.4669024172767204 0.015000000000000013 0.03280199999999994
0 0.189765625 0.5082556749633967 0.02125000000000002 0.040300000000000086
0 0.1890625 0.44200728843338216 0.016250000000000014 0.030927999999999935
0 0.205859375 0.44552377306002927 0.011874999999999997 0.019680999999999973
0 0.2130078125 0.4346866442166911 0.010000000000000009 0.015932999999999958
0 0.2209375 0.4687764172767203 0.016249999999999987 0.034677000000000006
0 0.240859375 0.44657703074670574 0.012500000000000011 0.02342999999999996
0 0.25199218749999996 0.49888367496339675 0.023125000000000034 0.0403
0 0.25589843749999996 0.570638803806735 0.029375000000000012 0.04217400000000001
0 0.2491796875 0.4353310307467057 0.0062500000000000056 0.02530399999999997
0 0.2684375 0.48189741727672036 0.017500000000000016 0.03280199999999994
0 0.2905859375 0.4480411595900439 0.015000000000000013 0.02905400000000001
0 0.2948828125 0.37898177306002934 0.011250000000000038 0.01874400000000001
0 0.317890625 0.48939541727672037 0.020000000000000018 0.03467600000000003
0 0.3333203125 0.5446303191800879 0.02562500000000001 0.05342
0 0.33890625 0.44552377306002927 0.00874999999999998 0.019680999999999973
0 0.3455859375 0.4756310307467057 0.013749999999999984 0.02342999999999996
0 0.3774609375 0.4606350307467057 0.014375000000000027 0.026242000000000026
0 0.384140625 0.49888367496339675 0.020625000000000004 0.0403
0 0.4147265625 0.5233078345534408 0.03375 0.06560399999999997
0 0.4041796875 0.4010639019033675 0.007500000000000007 0.021555999999999954
0 0.4061328125 0.4447030307467057 0.010624999999999996 0.02530399999999997
0 0.41140625 0.46707877306002926 0.009375000000000022 0.018744000000000052
0 0.4396875 0.4695971595900439 0.015625 0.02905300000000004
0 0.4582421875 0.509719803806735 0.023125000000000007 0.04217400000000001
0 0.4871875 0.48271815959004394 0.01687500000000003 0.029052999999999957
0 0.498359375 0.4658481595900439 0.012500000000000011 0.027179000000000033
0 0.5170703125 0.584519448023426 0.026874999999999982 0.05623199999999991
0 0.52078125 0.41324790190336746 0.008750000000000036 0.02249300000000004
0 0.535234375 0.47229190190336745 0.013124999999999942 0.021556000000000037
0 0.5619140625 0.509719803806735 0.01937500000000003 0.04311199999999999
0 0.5611328125 0.39690503074670574 0.010624999999999996 0.02342999999999996
0 0.567109375 0.4731126442166911 0.013124999999999942 0.015931999999999984
0 0.5973828125 0.42261990190336746 0.010000000000000009 0.02061900000000003
0 0.6215625 0.48189741727672036 0.015625 0.034677000000000006
0 0.6205078125 0.4199251595900439 0.011249999999999982 0.028116000000000037
0 0.6299609375 0.5151102884333821 0.015000000000000013 0.030926999999999965
0 0.663359375 0.4151219019033675 0.01187500000000008 0.02061900000000003
0 0.681640625 0.5462708038067351 0.020625000000000004 0.0421749999999999
0 0.693515625 0.42080206149341143 0.020625000000000004 0.047797000000000006
0 0.7137890625 0.4191044172767203 0.018125000000000058 0.033740000000000006
0 0.7335546875 0.4151219019033675 0.007500000000000062 0.02249300000000004
0 0.7812109375 0.4257087613469986 0.07687499999999992 0.19962500000000008
0 0.9228125 0.47867160761347 0.04749999999999999 0.08247400000000002
