0 0.0074609375 0.39293167256637174 0.015 0.05382499999999999
0 0.0430859375 0.3807191887905605 0.013750000000000005 0.03493799999999995
0 0.0540625 0.3342144837758112 0.015625 0.021719
0 0.0690234375 0.6468821563421829 0.030625000000000006 0.07554299999999996
0 0.1691015625 0.39210452507374627 0.03375 0.060435
0 0.178984375 0.6719732625368732 0.011874999999999997 0.03210600000000003
0 0.3096484375 0.32577082005899705 0.02937500000000004 0.049103000000000036
0 0.5096484375 0.34748882005899706 0.02937500000000004 0.04815900000000001
0 0.5441796875 0.7205996725663717 0.007499999999999951 0.053823999999999955
0 0.60890625 0.6745090412979351 0.008750000000000036 0.04060500000000001
0 0.7013671875 0.3539819675516224 0.021874999999999978 0.04249299999999998
0 0.9661328125 0.5171102625368731 0.009999999999999898 0.03210600000000003
