0 0.08524402489019034 0.08859375 0.11538399999999997 0.11812500000000001
0 0.1269578345534407 0.029296875 0.066604 0.059375
0 0.2909384787701318 0.0816796875 0.08161400000000002 0.06999999999999999
0 0.39165625183016106 0.1310546875 0.097561 0.10124999999999999
0 0.4411467364568082 0.5834765625 0.08724199999999996 0.06625000000000003
0 0.49667709224011714 0.0776953125 0.07223299999999995 0.08875
0 0.5884958345534407 0.0126953125 0.06660400000000004 0.026875
0 0.6684613499267935 0.164609375 0.076923 0.07500000000000001
0 0.7065104787701317 0.017578125 0.08161400000000002 0.036875
0 0.9538678653001464 0.2246875 0.0891179999999999 0.07875000000000001
0 0.9823344172767203 0.0205078125 0.032832999999999994 0.041875
