0 0.4990234375 0.14192708333333334 0.999375 0.285
0 0.0269140625 0.14578125 0.050624999999999996 0.10333300000000001
0 0.06203125 0.0342705 0.04 0.048333999999999995
0 0.1033203125 0.03869825 0.026874999999999996 0.041666
0 0.1314453125 0.035937500000000004 0.026249999999999996 0.048332999999999994
0 0.158125 0.1761461666666667 0.031875000000000014 0.10083299999999999
0 0.1829296875 0.09864616666666666 0.03875000000000001 0.10083299999999999
0 0.2653125 0.022135416666666668 0.048750000000000016 0.04666699999999999
0 0.3023828125 0.08578091666666667 0.04125000000000001 0.06
0 0.3649609375 0.17093783333333334 0.044999999999999984 0.09083299999999998
0 0.3791796875 0.04786425 0.03750000000000003 0.039167
0 0.460390625 0.16604166666666667 0.02124999999999999 0.053333
0 0.5380859375 0.04192741666666666 0.04500000000000004 0.07750000000000001
0 0.56453125 0.1740625 0.039999999999999925 0.07916699999999999
0 0.6703515625 0.039114916666666666 0.03499999999999992 0.061666
0 0.717578125 0.016927083333333332 0.036250000000000004 0.035
0 0.7520703125 0.15177083333333333 0.05812499999999998 0.09083300000000001
0 0.8539453125 0.10307291666666667 0.0568749999999999 0.09249999999999999
0 0.902578125 0.03875 0.036250000000000004 0.06499999999999999
0 0.963046875 0.04244791666666667 0.028750000000000053 0.06249999999999999
0 0.97953125 0.11286458333333332 0.03937500000000005 0.081667
0 0.9816015625 0.24708300000000002 0.034375000000000044 0.063334
