0 0.0537109375 0.500789837758112 0.108125 0.20868699999999998
0 0.1265625 0.055992861356932155 0.046875 0.08687399999999999
0 0.1318359375 0.40736835398230087 0.04500000000000001 0.18602400000000002
0 0.3459765625 0.23835771386430676 0.03500000000000003 0.09254000000000004
0 0.3763671875 0.24355530383480828 0.021875000000000033 0.06798799999999992
0 0.4990234375 0.20029767256637165 0.030000000000000027 0.053824
0 0.62078125 0.24160378761061946 0.040000000000000036 0.09065199999999998
0 0.685546875 0.28020293510324484 0.028124999999999956 0.084985
0 0.7107421875 0.28775693510324485 0.023125000000000062 0.08309699999999999
0 0.764765625 0.35131197640117995 0.05249999999999999 0.12370200000000005
0 0.79796875 0.4597174277286135 0.08687500000000004 0.18413600000000002
0 0.80671875 0.08639023008849558 0.023749999999999938 0.071765
0 0.9108203125 0.5065645103244838 0.12 0.259678
