0 0.2623051875 0.19687466666666667 0.05312399999999998 0.11666699999999997
0 0.413672375 0.041666666666666664 0.04374900000000004 0.085417
0 0.4208989375 0.2109375 0.04687399999999997 0.11041699999999999
0 0.4576176875 0.36901008333333335 0.037499000000000005 0.09791700000000003
0 0.50703125 0.757292 0.07187499999999997 0.09583300000000013
0 0.5080078125 0.1171875 0.04218800000000006 0.11041699999999999
0 0.5294926875 0.3036455 0.03906200000000004 0.07916699999999999
0 0.63046825 0.3062496666666667 0.04062600000000005 0.08541699999999992
0 0.647265625 0.11276008333333333 0.051562 0.09791700000000002
0 0.692578125 0.390625 0.035937999999999914 0.09583299999999999
0 0.7390625 0.25234375000000003 0.04843800000000009 0.11874999999999998
0 0.7486323125 0.05078125 0.057813 0.102083
