0 0.09109375 0.699327853372434 0.056249999999999994 0.12875999999999993
0 0.1575390625 0.5321839941348974 0.05000000000000002 0.08552600000000009
0 0.287890625 0.7006430967741935 0.05249999999999999 0.09962400000000005
0 0.31375 0.5668069618768328 0.03250000000000003 0.05545100000000002
0 0.324609375 0.4193250322580645 0.011875000000000024 0.03289399999999995
0 0.333359375 0.36804575659824046 0.013124999999999998 0.031015000000000046
0 0.386875 0.560040340175953 0.03187499999999999 0.06954899999999997
0 0.390078125 0.4165819941348974 0.036250000000000004 0.085526
0 0.4459375 0.3950015835777126 0.017500000000000016 0.040413000000000004
0 0.47265625 0.3745122052785924 0.00874999999999998 0.02537599999999996
0 0.53921875 0.4718819618768329 0.024375000000000036 0.054510999999999955
0 0.648984375 0.39729430791788856 0.012500000000000067 0.036653999999999964
0 0.68046875 0.657034853372434 0.05625000000000002 0.12688000000000005
0 0.8106640625 0.4880465835777126 0.018124999999999947 0.038534000000000096
0 0.853671875 0.599400788856305 0.028750000000000053 0.062029999999999925
