0 0.0884375 0.9360531994134897 0.04875 0.10881800000000004
0 0.1141015625 0.27868289149560116 0.03375 0.07504699999999999
0 0.2273046875 0.5873689618768329 0.03875000000000001 0.05440899999999994
0 0.231875 0.3359609618768329 0.0325 0.05440899999999998
0 0.38453125 0.31702634017595305 0.040000000000000036 0.069418
0 0.478671875 0.32429423753665687 0.02749999999999997 0.056285
0 0.627421875 0.2923992375366569 0.028749999999999942 0.058162
0 0.7498046875 0.30178023753665695 0.03875000000000006 0.05628499999999996
0 0.8751953125 0.1629432375366569 0.026249999999999996 0.056285999999999996
0 0.93421875 0.17959213489736067 0.02375000000000005 0.04690500000000002
