0 0.0137109375 0.2920166749633968 0.013750000000000002 0.03846200000000003
0 0.1429296875 0.25711560175695464 0.10124999999999999 0.17542200000000005
0 0.14597656250000002 0.5573467613469986 0.06499999999999999 0.20168899999999998
0 0.2794921875 0.35386057686676425 0.021875000000000033 0.060037000000000035
0 0.3284375 0.39509241727672034 0.015625 0.034709000000000025
0 0.3280859375 0.3547544172767203 0.014375000000000027 0.034709000000000066
0 0.3273046875 0.34777554612005857 0.007499999999999951 0.036585999999999994
0 0.4534375 0.39092754612005853 0.01687500000000003 0.03658599999999991
0 0.5294921875 0.36623993265007315 0.021874999999999978 0.04409000000000001
0 0.649140625 0.3198705651537335 0.083125 0.24296499999999993
0 0.7098828125 0.3397990805270864 0.073125 0.253283
0 0.9213671875 0.3331966383601757 0.05437499999999995 0.10787999999999996
