0 0.067578125 0.35125 0.03624999999999999 0.0625
0 0.1870703125 0.4951038333333333 0.05812500000000001 0.09000000000000001
0 0.1885546875 0.35354166666666664 0.03749999999999998 0.053332999999999964
0 0.2904296875 0.380417 0.03750000000000003 0.0625
0 0.34625 0.510208 0.06312499999999999 0.09416699999999996
0 0.411328125 0.38494791666666667 0.036250000000000004 0.06166700000000006
0 0.5349609375 0.36135416666666664 0.04500000000000004 0.06833299999999994
0 0.60203125 0.534167 0.07187500000000002 0.125833
0 0.6205078125 0.40625 0.041874999999999996 0.0625
0 0.7437890625 0.3884378333333333 0.050000000000000044 0.09000000000000008
0 0.84046875 0.42416666666666664 0.055625000000000036 0.08416700000000003
