0 0.1616106875 0.30552131918008785 0.037500000000000006 0.054165999999999985
0 0.1908203125 0.5368286076134701 0.056943999999999995 0.08333399999999992
0 0.220703125 0.8581133806734992 0.068056 0.10208400000000023
0 0.2516279375 0.2863778345534407 0.04583300000000001 0.06458299999999999
0 0.3219404375 0.27303257686676424 0.06111099999999997 0.060417000000000054
0 0.336240875 0.4706133806734993 0.059723000000000026 0.09999999999999994
0 0.3624781875 0.7299597364568082 0.05277799999999999 0.08750000000000006
0 0.3651045 0.14240144802342605 0.048611000000000015 0.05625000000000002
0 0.4238499375 0.30197319033674963 0.04583300000000001 0.05000000000000001
0 0.4491533125 0.8839586383601756 0.05694499999999997 0.10625000000000004
0 0.4655169375 0.1072108345534407 0.04583300000000001 0.06458300000000002
0 0.479817375 0.24031844802342606 0.04444499999999996 0.05625000000000002
