0 0.1140234375 0.2717204480234261 0.029375 0.056285999999999975
0 0.22875 0.39115606149341137 0.0325 0.04971799999999999
0 0.3069140625 0.53161460761347 0.050000000000000044 0.08442799999999995
0 0.32390625 0.43629831918008777 0.03999999999999998 0.05534700000000003
0 0.3534375 0.5322108345534406 0.04749999999999999 0.06566599999999999
0 0.3534375 0.3869480307467057 0.01749999999999996 0.026266000000000022
0 0.425 0.3743401595900439 0.033125000000000016 0.029081000000000006
0 0.573203125 0.6490771844802342 0.06812499999999999 0.14258900000000008
0 0.58265625 0.4324752210834554 0.040000000000000036 0.07504699999999996
0 0.6789453125 0.4899708960468521 0.057499999999999996 0.11163199999999995
0 0.684296875 0.30350219033674963 0.028124999999999956 0.05253199999999996
0 0.7390625 0.4557438653001464 0.0475000000000001 0.08818000000000002
0 0.7429296875 0.5454321537335286 0.03875000000000006 0.11726099999999993
0 0.7983984375 0.31791496339677894 0.02937500000000004 0.06941899999999998
0 0.8234765625 0.32759357686676427 0.034375000000000044 0.059099999999999986
0 0.920625 0.9511671229868228 0.156875 0.0947469999999999
0 0.987890625 0.5740301844802342 0.02124999999999999 0.14258900000000008
