0 0.042188 0.30104155555555556 0.032031000000000004 0.081945
0 0.07968725 0.3607635555555555 0.039844000000000004 0.08194500000000006
0 0.1091794375 0.2621531111111111 0.029687999999999992 0.068055
0 0.131640625 0.522222 0.05156300000000001 0.12638900000000003
0 0.135937 0.26111111111111107 0.03281300000000001 0.09861100000000003
0 0.1658208125 0.32673577777777774 0.041406 0.08750000000000006
0 0.244140875 0.40729166666666666 0.060156000000000015 0.11666699999999998
0 0.26484325 0.21770855555555554 0.03906299999999999 0.083333
0 0.2650385625 0.32499966666666663 0.033593999999999985 0.08333400000000005
0 0.3142575625 0.3378467777777778 0.03515600000000002 0.08750000000000001
0 0.357031 0.3444445555555556 0.03281300000000004 0.113889
0 0.411327875 0.3892362222222222 0.02734399999999998 0.10138900000000002
0 0.5125 0.3902781111111111 0.032030999999999976 0.09999999999999994
0 0.5533198125 0.3197913333333333 0.04140700000000008 0.073611
0 0.6720705625 0.24548655555555557 0.033592999999999984 0.08333300000000003
0 0.7056643125 0.4361111111111111 0.057031000000000054 0.09999999999999999
0 0.6994145625 0.26979122222222224 0.034375000000000044 0.10277800000000001
0 0.7705078125 0.26736088888888887 0.042188 0.09305600000000003
0 0.808984125 0.4819441111111112 0.06796899999999995 0.0999999999999999
0 0.919140375 0.26909755555555553 0.042969000000000035 0.08194400000000002
0 0.964452625 0.357986 0.051563000000000025 0.09583299999999999
0 0.984765875 0.2923608888888889 0.028124999999999956 0.09166700000000001
