0 0.065578125 0.5595003333333334 0.036000000000000004 0.042666000000000016
0 0.1167890625 0.5421354166666666 0.018000000000000002 0.04533299999999999
0 0.16971875 0.5394684166666667 0.023999999999999994 0.045333999999999985
0 0.2327890625 0.5381045 0.017999999999999988 0.04800000000000004
0 0.2523671875 0.68544825 0.05400000000000002 0.10399999999999994
0 0.271671875 0.5155940833333333 0.02799999999999997 0.03466599999999994
0 0.2927421875 0.463625 0.02200000000000002 0.03199999999999995
0 0.391484375 0.56830175 0.043999999999999984 0.08800000000000001
0 0.4825546875 0.6548121666666668 0.03799999999999998 0.10133400000000004
0 0.521671875 0.4807395833333334 0.028000000000000025 0.05066699999999994
0 0.7267421875 0.46486425 0.02200000000000002 0.040000000000000036
0 0.8944609375 0.5260725833333334 0.04600000000000004 0.05066700000000002
0 0.9366015625 0.6016038333333333 0.03399999999999992 0.09066699999999998
