0 0.0009765625 0.7884185454545455 0.00375 0.09193300000000008
0 0.0078125 0.3305065835777126 0.0175 0.03939899999999999
0 0.015625 0.4627849941348974 0.0325 0.086304
0 0.1090625 0.3090481348973607 0.016249999999999987 0.04502900000000004
0 0.150078125 0.4114811671554253 0.036250000000000004 0.07879999999999997
0 0.1478125 0.33091630791788856 0.017499999999999988 0.035646999999999984
0 0.1816015625 0.3791129618768328 0.03375 0.05440900000000006
0 0.2203125 0.2804329296187683 0.017500000000000016 0.020637999999999972
0 0.2408984375 0.4746253401759531 0.02999999999999997 0.069418
0 0.2490625 0.33091630791788856 0.016250000000000014 0.035646999999999984
0 0.3403515625 0.35888568621700884 0.03375 0.052532999999999955
0 0.3418359375 0.2858883079178886 0.014999999999999958 0.035646999999999984
0 0.3465625 0.4397343079178886 0.017500000000000016 0.03752300000000001
0 0.39546875 0.3393042375366569 0.023749999999999993 0.056285
0 0.4188671875 0.6055466158357771 0.053749999999999964 0.07317100000000001
0 0.406015625 0.28776430791788854 0.02124999999999999 0.035646999999999984
0 0.47140625 0.7564144046920822 0.07124999999999992 0.13320799999999997
0 0.4666015625 0.3916001348973607 0.034999999999999976 0.046904
0 0.4678125 0.28189920527859236 0.01749999999999996 0.024390000000000012
0 0.5000390625 0.3363716862170088 0.01874999999999999 0.050656
0 0.5730078125 0.8699942961876832 0.10499999999999998 0.20637900000000006
0 0.5386328125 0.2769170322580645 0.011250000000000093 0.03377100000000001
0 0.571015625 0.3073457565982405 0.02124999999999999 0.030018999999999966
0 0.603984375 0.48365909677419355 0.043749999999999956 0.099437
0 0.6062890625 0.33466830791788854 0.018749999999999933 0.03752399999999998
0 0.6300390625 0.34282013489736074 0.018750000000000044 0.045027999999999985
0 0.6350390625 0.3388310322580645 0.018750000000000044 0.03377100000000001
0 0.6782421875 0.39412296187683293 0.022499999999999964 0.05440899999999998
0 0.706875 0.5092792697947214 0.03249999999999997 0.09005600000000005
0 0.728515625 0.5252813401759531 0.020000000000000018 0.06754200000000002
0 0.73421875 0.41335816715542517 0.023749999999999938 0.076923
0 0.756171875 0.5511376158357771 0.028749999999999942 0.07129500000000004
0 0.769765625 0.3503241348973607 0.02124999999999999 0.04690499999999998
0 0.825234375 0.4283671671554252 0.04375000000000007 0.07692299999999996
0 0.881328125 0.46459751319648096 0.036250000000000004 0.060038000000000015
0 0.898046875 0.5967489618768328 0.05874999999999997 0.0544090000000001
0 0.9155859375 0.3133844809384164 0.01375000000000004 0.02814200000000001
0 0.9215625 0.2804329296187683 0.01750000000000007 0.022514000000000034
0 0.936171875 0.3609353079178885 0.028750000000000053 0.03752300000000001
0 0.9803125 0.2954419296187683 0.01749999999999996 0.020638000000000014
