0 0.3989623125 0.574127624633431 0.744215 0.44465300000000013
0 0.0502954375 0.4854716158357771 0.029394000000000003 0.07223300000000006
0 0.253032625 0.4714640967741935 0.051281999999999994 0.0975610000000001
0 0.261941875 0.663670366568915 0.058787000000000034 0.18761699999999998
0 0.373425125 0.46805834017595305 0.03564799999999996 0.06754200000000002
0 0.5293354375 0.5752999237536657 0.061914000000000025 0.10788
0 0.6097129375 0.6155660322580645 0.014383999999999952 0.034709
0 0.6208928125 0.5946919296187683 0.011257000000000073 0.021576
0 0.754374375 0.0747800586510264 0.262664 0.15197
0 0.642189875 0.5262193401759531 0.028142 0.06848100000000003
0 0.6944484375 0.40244741055718475 0.030644000000000005 0.047841999999999996
0 0.7545295 0.38128113489736065 0.016260000000000052 0.04596599999999997
