0 0.025156249999999998 0.16846134992679357 0.040625 0.07692299999999998
0 0.1171875 0.05122628843338214 0.016249999999999987 0.03095700000000001
0 0.139296875 0.25231906149341143 0.028750000000000026 0.047841999999999996
0 0.233984375 0.15764215959004393 0.013124999999999998 0.029081000000000006
0 0.3125390625 0.1055220307467057 0.018125000000000002 0.025328000000000003
0 0.338203125 0.18376896339677892 0.03562500000000002 0.067542
0 0.363359375 0.1256339019033675 0.011875000000000024 0.021575999999999994
0 0.3943359375 0.14315928843338213 0.015000000000000013 0.030957
0 0.4529296875 0.13208564421669106 0.007500000000000007 0.015948000000000014
0 0.480234375 0.24504257686676428 0.013124999999999998 0.06097500000000001
0 0.4979296875 0.09550064421669106 0.007499999999999951 0.015947999999999993
0 0.510859375 0.17722790190336749 0.011874999999999969 0.021575999999999994
0 0.607265625 0.2608321595900439 0.020625000000000004 0.029080000000000033
0 0.68734375 0.24178976720351392 0.05499999999999994 0.11069399999999997
0 0.9398046875 0.3739724480234261 0.03874999999999995 0.058160999999999914
0 0.9758984375 0.331942803806735 0.030624999999999902 0.042213999999999974
