0 0.0126953125 0.3589410833333333 0.027083 0.06666700000000003
0 0.06412793750000001 0.3622395833333334 0.015624999999999993 0.04999999999999997
0 0.28268262499999997 0.18819433333333335 0.11458300000000002 0.23055599999999998
0 0.3285810625 0.34973925 0.080208 0.13333400000000006
0 0.4939453125 0.3327259166666667 0.026041999999999954 0.06111100000000006
0 0.6661455 0.3465276666666666 0.0791670000000001 0.14722200000000005
0 0.7300126875 0.2975693333333333 0.038541999999999965 0.075
0 0.812890625 0.3004335833333333 0.11354200000000003 0.23888900000000002
0 0.9711591875 0.4088538333333333 0.05416600000000005 0.15138899999999997
0 0.9755205 0.27074675 0.046875 0.08750000000000002
