0 0.2541015625 0.32008468221574343 0.03375 0.10074700000000002
0 0.3940625 0.2888469504373178 0.14250000000000002 0.311568
0 0.4442578125 0.11754323032069972 0.04125000000000001 0.09514899999999998
0 0.476875 0.2656329416909621 0.03250000000000003 0.128731
0 0.570234375 0.20400540816326532 0.04375000000000007 0.10261200000000004
0 0.6733203125 0.37828511370262397 0.1825 0.3507469999999999
0 0.7807421875 0.275074778425656 0.022499999999999964 0.08768699999999999
0 0.79921875 0.26697060058309036 0.025000000000000022 0.08022400000000002
0 0.9150390625 0.2363040524781341 0.018750000000000044 0.08582100000000001
0 0.9630078125 0.2673183411078717 0.04249999999999998 0.05037300000000001
