0 0.1021481875 0.4670777239353891 0.05312499999999999 0.13513499999999998
0 0.148828125 0.30521757709251096 0.035937 0.07990600000000005
0 0.19375025 0.47501871953010283 0.03984299999999999 0.07520599999999998
0 0.28984325 0.33077386343612336 0.03984399999999999 0.08930699999999998
0 0.3419926875 0.5020470044052864 0.03749999999999998 0.0634549999999999
0 0.3861328125 0.6691975785609398 0.041406 0.10105799999999998
0 0.42421825 0.386298577092511 0.03984399999999999 0.07990600000000005
0 0.4763666875 0.4923500058737152 0.03828199999999998 0.08225599999999995
0 0.4865239375 0.7267740088105727 0.014842999999999995 0.124559
0 0.5666015625 0.4089202907488987 0.0335939999999999 0.07167999999999998
0 0.634765375 0.46179572099853156 0.04375000000000007 0.09518199999999999
0 0.7166015625 0.41068214831130684 0.03359400000000001 0.07873100000000009
0 0.7431638125 0.6595054346549193 0.04140700000000008 0.08695699999999991
