0 0.11609375 0.35557258333333336 0.024375000000000008 0.051666999999999984
0 0.1866015625 0.4113024166666666 0.034999999999999976 0.04666600000000002
0 0.234296875 0.26796841666666665 0.02812500000000001 0.04666699999999998
0 0.27359375 0.28380241666666667 0.02437499999999998 0.04500000000000004
0 0.34390625 0.3246871666666667 0.04062499999999997 0.07000000000000002
0 0.3598828125 0.5346871666666666 0.04250000000000004 0.06916700000000005
0 0.4061328125 0.262083 0.04125000000000001 0.06500000000000002
0 0.5313281249999999 0.8478642500000001 0.06750000000000006 0.16416699999999995
0 0.7320703125 0.7995836666666666 0.08937499999999998 0.14833300000000005
0 0.950625 0.84921875 0.09562499999999996 0.15000000000000005
