0 0.0228125 0.7054337604327667 0.015625 0.027722999999999907
0 0.0290625 0.6850761653786708 0.016874999999999998 0.022772999999999984
0 0.0542578125 0.6444821653786708 0.010624999999999996 0.022772999999999984
0 0.0573828125 0.7123647604327665 0.011250000000000003 0.026732999999999976
0 0.06890625 0.6291967604327666 0.008749999999999994 0.024752
0 0.080859375 0.6918859752704792 0.013124999999999998 0.017822000000000043
0 0.0892578125 0.6737507604327666 0.011249999999999996 0.024753000000000025
0 0.1023046875 0.6324799752704792 0.006874999999999992 0.017821999999999952
0 0.1079296875 0.6890371653786708 0.007500000000000007 0.021781999999999944
0 0.11515625 0.6418263802163833 0.008749999999999994 0.01386100000000003
0 0.1198828125 0.6824203802163833 0.009999999999999995 0.01386100000000003
0 0.1223828125 0.6706595703245749 0.010000000000000009 0.018811999999999975
0 0.1392578125 0.6433719752704791 0.01125000000000001 0.017821000000000017
0 0.14203125 0.6958469752704792 0.008750000000000008 0.017821999999999952
0 0.145234375 0.662738570324575 0.012500000000000011 0.020792000000000012
0 0.1629296875 0.7009181653786708 0.007500000000000007 0.02277200000000005
0 0.1648828125 0.660758570324575 0.010000000000000009 0.020792000000000012
0 0.17765625 0.6914515703245749 0.008125000000000021 0.019802000000000167
0 0.1786328125 0.653827570324575 0.010625000000000023 0.020793000000000034
0 0.183359375 0.7003625703245749 0.011874999999999997 0.020792000000000012
0 0.2005078125 0.655808570324575 0.010624999999999996 0.01881200000000006
0 0.2111328125 0.6761661653786708 0.01125000000000001 0.02376199999999998
0 0.2211328125 0.655808570324575 0.010000000000000009 0.01881200000000006
0 0.225859375 0.702342570324575 0.013124999999999998 0.020791999999999925
0 0.2311328125 0.6764793802163833 0.010624999999999996 0.01386100000000003
0 0.24703125 0.6819849752704792 0.008750000000000008 0.017821999999999952
0 0.2523046875 0.7044437604327666 0.006249999999999978 0.024753000000000025
0 0.25828125 0.668679570324575 0.009374999999999967 0.020791999999999925
0 0.2698828125 0.6879259752704792 0.011249999999999982 0.015842000000000002
0 0.28828125 0.6815505703245749 0.008750000000000036 0.018811999999999975
0 0.29203125 0.6488775703245749 0.00874999999999998 0.020792000000000012
0 0.495390625 0.6839200170015456 0.395 0.11584099999999996
0 0.5957421875 0.7796199258114374 0.023125000000000062 0.04653399999999994
0 0.6353125 0.7673035208655331 0.016875000000000084 0.052475000000000084
0 0.67125 0.7928534961360124 0.03312499999999996 0.06732700000000007
0 0.7017578125 0.7001695455950542 0.011249999999999982 0.036634000000000014
0 0.7278125 0.8908016615146831 0.04749999999999999 0.0891090000000001
0 0.716640625 0.6997351406491499 0.020625000000000004 0.03861400000000005
0 0.73265625 0.6849559752704792 0.008750000000000036 0.01584099999999998
0 0.7514453125 0.7247295208655332 0.026874999999999982 0.052475000000000084
0 0.74640625 0.6493119752704791 0.009374999999999911 0.017822000000000043
0 0.7706640625 0.7562194961360124 0.01937500000000003 0.06534699999999995
0 0.7765234375 0.6898341406491498 0.02937500000000004 0.03861400000000005
0 0.812109375 0.814469347758887 0.07437499999999997 0.15841500000000008
0 0.8003125 0.688288545595054 0.016874999999999973 0.03465400000000007
0 0.8635546875 0.6316111653786708 0.006249999999999978 0.02277200000000005
0 0.8882421875 0.6932395455950541 0.023125000000000062 0.034653000000000045
0 0.9250390625 0.7104824714064916 0.050000000000000044 0.08118799999999993
0 0.9098046875 0.654818570324575 0.006249999999999978 0.019801999999999993
0 0.9461328125 0.642936570324575 0.010624999999999996 0.01881200000000006
0 0.9786328125 0.9379406120556414 0.04125000000000001 0.11980199999999998
0 0.9848828125 0.6582229752704791 0.010000000000000009 0.015841999999999915
