0 0.12578125 0.36348925 0.039999999999999994 0.07166700000000008
0 0.15734375 0.4087503333333333 0.056249999999999994 0.106666
0 0.26167968750000004 0.4223955 0.06875 0.08
0 0.345390625 0.17109341666666666 0.05249999999999999 0.076667
0 0.41140625 0.4040104166666667 0.07125000000000004 0.13833299999999996
0 0.52109375 0.14755208333333333 0.05625000000000002 0.06666699999999998
0 0.545 0.6465628333333334 0.0625 0.1216659999999999
0 0.596171875 0.37713541666666667 0.02749999999999997 0.045000000000000075
0 0.675 0.33578125 0.06374999999999997 0.10333299999999997
0 0.791875 0.34380208333333334 0.09499999999999997 0.12999999999999998
0 0.873125 0.3816149166666667 0.03125 0.05999999999999998
0 0.930625 0.40328091666666666 0.03249999999999997 0.06166699999999999
0 0.956875 0.4651045 0.03249999999999997 0.048333000000000036
