0 0.0449220625 0.3502606666666666 0.018555000000000002 0.022135000000000016
0 0.0859375 0.3697919166666666 0.017577999999999996 0.029948000000000086
0 0.17187525 0.3541668333333334 0.009764999999999996 0.027343999999999962
0 0.2148440625 0.378906 0.01953100000000002 0.03125
0 0.2626955 0.3932288333333333 0.017577999999999983 0.027344000000000108
0 0.3242189375 0.39583299999999993 0.014647999999999994 0.03255200000000006
0 0.3769535 0.3984371666666666 0.015625 0.03776100000000001
0 0.4160158125 0.3945310833333333 0.010741999999999974 0.036458000000000025
0 0.4453129375 0.4153649166666667 0.014647999999999994 0.029947999999999936
0 0.4970699375 0.4205729999999999 0.013671999999999962 0.03255200000000006
0 0.570312625 0.4361979166666667 0.021483999999999948 0.028646000000000022
0 0.6884763125 0.278646 0.24414100000000005 0.377604
0 0.9902345 0.5143230833333333 0.016600999999999977 0.036458000000000025
