0 0.104179125 0.08258062499999999 0.03594800000000001 0.05228700000000001
0 0.2407766875 0.1083853125 0.03758199999999998 0.05718999999999999
0 0.275390625 0.4247410625 0.052288 0.050653000000000004
0 0.3486196875 0.08845918750000001 0.037582000000000004 0.053921000000000004
0 0.3610150625 0.4240260625 0.04902000000000001 0.08169899999999997
0 0.443934 0.6827191875 0.094771 0.14705899999999994
0 0.5747873125 0.3789890625 0.026142999999999916 0.04902000000000001
0 0.597643125 0.4074053125 0.03594799999999998 0.05718899999999999
0 0.7097306875 0.3953290625 0.037582000000000004 0.04902000000000001
0 0.7051861875 0.28750525 0.022876000000000007 0.03921600000000003
0 0.7182581875 0.192096 0.022876000000000007 0.032679000000000014
0 0.7871285625 0.49267225 0.06535900000000006 0.07189600000000002
0 0.8185704375 0.20744025 0.029410999999999965 0.039215
0 0.841107125 0.4211155625 0.03594800000000009 0.065359
0 0.904398875 0.580154875 0.091503 0.12254900000000002
0 0.8904654375 0.215928375 0.031046000000000018 0.04411799999999999
