0 0.06450112499999999 0.724986168784029 0.03538500000000001 0.09000000000000005
0 0.073317 0.1755248765880218 0.032307999999999996 0.06857200000000001
0 0.1091439375 0.7728207023593466 0.014615000000000003 0.04285700000000004
0 0.1102678125 0.4705034101633394 0.009999999999999995 0.018571000000000042
0 0.1352979375 0.07127517422867513 0.013845999999999997 0.027143
0 0.2055045 0.20127517422867514 0.016922999999999994 0.028572000000000004
0 0.265859375 0.8108892921960072 0.013077000000000005 0.024285999999999947
0 0.3067756875 0.46309005626134303 0.007691999999999977 0.03142900000000003
0 0.3094978125 0.4605034101633394 0.011538999999999966 0.021428000000000044
0 0.4979598125 0.46660329219600727 0.010000000000000009 0.02428600000000005
0 0.50082925 0.46660329219600727 0.00923099999999999 0.02428600000000005
0 0.690834875 0.1579233992740472 0.06000000000000005 0.14428599999999997
0 0.91159825 0.4605034101633394 0.00923099999999999 0.021428000000000044
0 0.911184125 0.4568736460980036 0.005383999999999944 0.01428499999999996
