0 0.0303125 0.8150520833333333 0.015625 0.0674999999999999
0 0.066015625 0.8475520833333333 0.020624999999999998 0.06750000000000005
0 0.21234375 0.7338538333333333 0.024375000000000008 0.027500000000000007
0 0.4080078125 0.47838575 0.010624999999999996 0.024165999999999983
0 0.4125390625 0.6652600833333334 0.018125000000000002 0.03416699999999991
0 0.727421875 0.7717184166666667 0.028124999999999956 0.10749999999999993
0 0.7664453125 0.70182325 0.02562500000000001 0.07083300000000008
0 0.8208203125 0.7507809166666667 0.026874999999999982 0.06166700000000006
0 0.9290625 0.5816145833333334 0.016874999999999973 0.02083300000000003
0 0.9373046875 0.5769795 0.007500000000000062 0.01666600000000007
0 0.9680078125 0.6523955 0.04125000000000001 0.07916699999999999
0 0.9744140625 0.8364583333333334 0.04937500000000006 0.19999999999999987
