0 0.071484375 0.5424779575402635 0.075625 0.15947400000000003
0 0.1648828125 0.3789351229868228 0.04125000000000001 0.09474599999999998
0 0.181484375 0.3120584480234261 0.044375 0.05628500000000004
0 0.21015625 0.5792213748169839 0.07062500000000002 0.19230699999999992
0 0.22921875 0.4349474480234261 0.056249999999999994 0.05816199999999993
0 0.309609375 0.40133486530014645 0.04312499999999997 0.08818000000000006
0 0.3556640625 0.3298565095168375 0.04999999999999999 0.10412699999999996
0 0.3905859375 0.6275635651537335 0.10750000000000004 0.24014999999999997
0 0.4158203125 0.11686634992679355 0.02562500000000001 0.076923
0 0.4728515625 0.3524146691068814 0.06624999999999998 0.131332
0 0.540078125 0.3726657364568082 0.03562500000000002 0.087242
0 0.61 0.4352642825768668 0.0625 0.12101300000000001
0 0.672421875 0.6756340805270863 0.12187500000000007 0.25234500000000004
0 0.6403125 0.2938667364568082 0.04875000000000007 0.08724199999999996
0 0.6624609375 0.3660296383601757 0.04500000000000004 0.106004
0 0.728515625 0.33322257686676426 0.05249999999999999 0.05909900000000001
0 0.794296875 0.4812475036603221 0.09062499999999996 0.19606000000000007
0 0.7609375 0.04623867496339678 0.016249999999999987 0.038461
0 0.7752734375 0.3033178345534407 0.030625000000000013 0.06566599999999999
0 0.8805859375 0.3641094787701318 0.04499999999999993 0.08067500000000002
0 0.9385546875 0.5464143133235724 0.06999999999999995 0.1444650000000001
0 0.9245703125 0.33109212298682283 0.02562500000000001 0.09662300000000003
0 0.97109375 0.40449063836017574 0.05500000000000005 0.10788
