0 0.08593775 0.09741201408450703 0.024219000000000004 0.05797100000000001
0 0.191796875 0.0780815935613682 0.028905999999999987 0.08856699999999999
0 0.2732419375 0.5040067384305835 0.046094000000000024 0.09661800000000001
0 0.302734375 0.25078937625754527 0.04296899999999998 0.07890499999999999
0 0.39531275 0.07527279678068409 0.02421899999999999 0.04508899999999999
0 0.5568359375 0.6255893038229376 0.04531199999999991 0.07407399999999997
0 0.611719 0.08413165191146882 0.03125 0.03703699999999999
0 0.648828375 0.9315473038229376 0.04453099999999999 0.0740740000000001
0 0.68125 0.08009737625754527 0.03125 0.077295
0 0.796094 0.13202573843058352 0.03125 0.09661799999999998
0 0.90859425 0.0921799416498994 0.04062499999999991 0.05314000000000001
0 0.9455083125 0.9532844486921529 0.05703099999999994 0.08051599999999992
