0 0.044921875 0.1812505 0.090625 0.109375
0 0.278125 0.2599609375 0.06406200000000001 0.07656299999999999
0 0.31640575 0.1888671875 0.054688000000000014 0.084375
0 0.3935551875 0.23046825 0.053124000000000005 0.07031299999999999
0 0.4005864375 0.3281245 0.06093700000000002 0.07968800000000004
0 0.5037104375 0.2115239375 0.06093800000000005 0.07812499999999997
0 0.54609425 0.5490239375 0.071874 0.10781200000000002
0 0.560938 0.70234375 0.06406199999999995 0.05468799999999996
0 0.570312 0.33359425 0.06406299999999998 0.10312500000000002
0 0.646875 0.2087890625 0.0625 0.08124999999999999
0 0.673827625 0.4966801875 0.08281299999999991 0.11562499999999998
0 0.7095703125 0.2990239375 0.057811999999999975 0.07656200000000002
0 0.7396484375 0.210938 0.06093700000000002 0.06406200000000001
0 0.839453125 0.208984375 0.06718800000000003 0.07500000000000001
0 0.864062 0.3505864375 0.06406299999999998 0.09218699999999996
0 0.898828625 0.205859875 0.051562 0.05937500000000001
0 0.9468745 0.370703625 0.078125 0.082812
0 0.965625 0.2281255 0.0625 0.07968699999999998
