0 0.0583979375 0.159375 0.045313000000000006 0.0625
0 0.1068359375 0.2310551875 0.04531299999999999 0.05468700000000001
0 0.126562 0.29296825 0.031251000000000015 0.071876
0 0.1919926875 0.1876948125 0.03749999999999998 0.042188
0 0.223438 0.25859375 0.03125 0.05624999999999997
0 0.3638671875 0.2134765625 0.021874999999999978 0.03437500000000002
0 0.4265625 0.242577625 0.017187000000000008 0.051563
0 0.5138671875 0.292578125 0.021874999999999978 0.067187
0 0.5818354375 0.273437 0.029688000000000048 0.03125
0 0.6416015625 0.2890625 0.034375000000000044 0.04843799999999998
0 0.6876958125 0.294141125 0.042186999999999975 0.035937
0 0.7400385625 0.3498046875 0.034375000000000044 0.03750000000000003
0 0.73828075 0.30234375 0.02499999999999991 0.02343799999999996
0 0.8080078125 0.3687505 0.042186999999999975 0.046875
0 0.8591791875 0.3302734375 0.021876000000000007 0.029687999999999992
0 0.8796875 0.323046875 0.015625 0.02812500000000001
0 0.9720708125 0.373046875 0.042186999999999975 0.05937500000000001
