0 0.0498046875 0.17410898828696925 0.100694 0.18359400000000003
0 0.2001953125 0.16696241142020496 0.08854200000000001 0.125
0 0.2659506875 0.03644109224011713 0.03732599999999997 0.071615
0 0.386285 0.4514529882869693 0.12673600000000002 0.18229200000000004
0 0.357422375 0.020497803806734993 0.043401999999999996 0.041667
0 0.5606554375 0.3480966325036603 0.09288200000000002 0.19791700000000004
0 0.731553875 0.3372051844802343 0.09114599999999995 0.14322899999999997
0 0.7867836875 0.33232641142020497 0.037327 0.12369800000000002
0 0.8162981875 0.2118988345534407 0.05468699999999993 0.066406
0 0.8312713125 0.35089160761347 0.05729200000000001 0.08333299999999995
0 0.9532330625 0.40395831918008784 0.05034800000000006 0.05468800000000007
