0 0.2798828125 0.2861587331378299 0.10374999999999998 0.3699529999999999
0 0.388984375 0.3425423782991202 0.011875000000000024 0.016902
0 0.403359375 0.37323220527859235 0.013124999999999998 0.025352000000000003
0 0.4123828125 0.3261686539589443 0.010625000000000051 0.019718000000000003
0 0.4217578125 0.3171903782991202 0.010000000000000009 0.015023999999999985
0 0.431484375 0.36237692961876833 0.011875000000000024 0.021596000000000014
0 0.436484375 0.3284583782991202 0.011875000000000024 0.015962000000000014
0 0.4491796875 0.30592337829912025 0.007500000000000007 0.015022999999999967
0 0.46140625 0.3609106539589443 0.009374999999999967 0.019718000000000045
0 0.4673046875 0.30885592961876834 0.007500000000000007 0.02065700000000001
0 0.48578125 0.29706065395894427 0.009375000000000022 0.01784000000000003
0 0.48703125 0.3538103782991202 0.009374999999999967 0.016900999999999982
0 0.49515625 0.31114465395894425 0.00874999999999998 0.018780000000000012
0 0.5086328125 0.2951826539589443 0.010624999999999996 0.019718000000000003
0 0.52078125 0.34442037829912026 0.008750000000000036 0.015023999999999985
0 0.52703125 0.2955943782991202 0.008750000000000036 0.01596200000000006
0 0.53703125 0.2820366539589443 0.008125000000000049 0.019719000000000018
0 0.54765625 0.3373201026392962 0.008750000000000036 0.013145999999999972
0 0.55140625 0.28954865395894425 0.008750000000000036 0.019718000000000003
0 0.5636328125 0.28057037829912024 0.010624999999999996 0.016902
0 0.57453125 0.33368065395894425 0.008749999999999925 0.019718000000000003
0 0.5760546875 0.29289292961876834 0.007499999999999951 0.021596000000000014
0 0.58953125 0.2693033782991202 0.009375000000000022 0.016901000000000024
0 0.60890625 0.32241265395894425 0.008750000000000036 0.01784000000000003
0 0.61015625 0.2862043782991202 0.009375000000000022 0.01596299999999999
0 0.6392578125 0.2786933782991202 0.010624999999999996 0.016900999999999982
0 0.6392578125 0.3149006539589443 0.010624999999999996 0.01877999999999997
0 0.700859375 0.3171962140762463 0.07562500000000005 0.396244
