0 0.05189465957446808 0.155443 0.031055999999999997 0.031915
0 0.06122014893617021 0.6462198125 0.012421999999999999 0.010638999999999954
0 0.07630172340425531 0.6260296875 0.016563000000000012 0.006079000000000057
0 0.08901002127659574 0.8132835 0.037267000000000015 0.016716999999999982
0 0.14225144680851062 0.147844 0.033126000000000023 0.031915
0 0.20096265957446807 0.147410875 0.03105600000000002 0.028875000000000012
0 0.20599551063829788 0.7413120625 0.01863399999999999 0.018236999999999948
0 0.26115629787234046 0.141984625 0.022773999999999957 0.019756999999999997
0 0.2962016595744681 0.1324325 0.031054999999999975 0.016716999999999996
0 0.3424908723404255 0.114628625 0.026914999999999932 0.019756999999999997
0 0.38034644680851065 0.7984093125 0.033126999999999976 0.02583599999999997
0 0.4948070212765957 0.547973125 0.039338000000000005 0.036474000000000006
0 0.5078185957446808 0.0767388125 0.04347900000000002 0.041033
0 0.6903168723404255 0.1197310625 0.028984999999999917 0.01823699999999999
0 0.7351246595744682 0.1329759375 0.031055999999999983 0.013677999999999996
0 0.8103988723404255 0.1449143125 0.028986000000000112 0.025835999999999998
0 0.860829085106383 0.164127875 0.024845000000000023 0.028874999999999984
0 0.906378085106383 0.2228554375 0.024845000000000023 0.030395000000000005
