0 0.159296875 0.5155329308176101 0.12125 0.20241699999999999
0 0.2011328125 0.1647475031446541 0.041874999999999996 0.084592
0 0.2555859375 0.19570042767295595 0.046249999999999986 0.11983900000000001
0 0.3029296875 0.3904313899371069 0.06937500000000002 0.140987
0 0.2983203125 0.25822690566037737 0.02562500000000001 0.04934600000000002
0 0.5097265625 0.2109478490566038 0.03437499999999999 0.07854999999999998
0 0.5773828125 0.21566483018867927 0.04249999999999998 0.086607
0 0.6394140625 0.4670712767295597 0.08187500000000003 0.19536799999999999
0 0.641171875 0.173882213836478 0.028125000000000067 0.060422999999999984
0 0.6700390625 0.23453275471698115 0.050000000000000044 0.12386799999999999
0 0.79875 0.26410771698113206 0.0625 0.143001
0 0.904140625 0.1052607924528302 0.05125000000000002 0.10674700000000002
