0 0.0976171875 0.23013388235294116 0.021875000000000006 0.03104399999999998
0 0.2055859375 0.19610523529411766 0.046249999999999986 0.09219200000000001
0 0.2355078125 0.21925629411764705 0.01125000000000001 0.02728100000000002
0 0.270859375 0.22695435294117647 0.013124999999999998 0.012230000000000024
0 0.2887109375 0.21067011764705884 0.01375000000000004 0.023518999999999998
0 0.3353125 0.21302782352941177 0.016874999999999973 0.04609599999999996
0 0.4140625 0.21949364705882354 0.017500000000000016 0.03856999999999999
0 0.465546875 0.1901585882352941 0.028124999999999956 0.05362200000000002
0 0.5417578125 0.25913523529411764 0.04249999999999998 0.09313199999999999
0 0.596328125 0.18245952941176471 0.036250000000000004 0.070555
0 0.6387890625 0.17962611764705882 0.01937500000000003 0.023517999999999994
0 0.6513671875 0.22807982352941175 0.02312499999999995 0.04421399999999999
0 0.7677734375 0.2001490588235294 0.030624999999999902 0.036689000000000006
0 0.9096484375 0.13268764705882352 0.12312499999999993 0.19096900000000003
