0 0.160390625 0.2920315833333333 0.020625000000000004 0.08333300000000006
0 0.16484375 0.57546875 0.02437499999999998 0.08666700000000005
0 0.249765625 0.4355211666666667 0.051875000000000004 0.06916599999999999
0 0.25296874999999996 0.5751045 0.024375000000000008 0.04833299999999996
0 0.2576953125 0.29151075 0.02562500000000001 0.055000000000000014
0 0.362109375 0.5810934166666666 0.04375000000000001 0.07750000000000005
0 0.360703125 0.28682325 0.03687499999999999 0.07250000000000001
0 0.4683203125 0.43015625 0.05812499999999998 0.070833
0 0.47625 0.2802086666666666 0.03125 0.05333300000000004
0 0.475546875 0.57901075 0.027500000000000024 0.05666600000000003
0 0.5937890625 0.58630175 0.050000000000000044 0.08750000000000006
0 0.5953125 0.2803645833333333 0.04749999999999999 0.08250000000000002
0 0.713203125 0.42755208333333333 0.0675 0.06750000000000005
0 0.7176953125 0.5886458333333334 0.02562500000000001 0.05916699999999997
0 0.7208984375 0.27328091666666665 0.030624999999999902 0.06000000000000002
