0 0.36871875 0.2140089069767442 0.025000000000000022 0.025297999999999956
0 0.3776953125 0.28664881395348835 0.026000000000000023 0.047619000000000015
0 0.441625 0.2867523488372093 0.03200000000000003 0.03869099999999999
0 0.4426953125 0.21238186046511628 0.027000000000000024 0.03571500000000001
0 0.46771875 0.3417778372093023 0.024999999999999967 0.04315399999999996
0 0.50171875 0.2095103953488372 0.02400000000000002 0.026785000000000034
0 0.549671875 0.3283503255813953 0.028999999999999915 0.044642
0 0.5687890625 0.2569213255813953 0.017999999999999905 0.046131000000000026
0 0.5946953125 0.22262630232558142 0.027000000000000024 0.05208299999999999
0 0.6327421875 0.2897983720930233 0.02200000000000002 0.03422599999999998
