0 0.03515625 0.3884149708029197 0.07125 0.16059800000000007
0 0.0732421875 0.8994570729927007 0.146875 0.19887900000000003
0 0.018671875 0.02335766423357664 0.028125 0.04761900000000001
0 0.0804296875 0.6499863430656935 0.09999999999999999 0.21568699999999988
0 0.0719140625 0.07391103649635036 0.049375 0.099907
0 0.23234375 0.09165203649635036 0.05500000000000002 0.10084000000000003
0 0.25179687500000003 0.03544364233576642 0.028124999999999983 0.068161
0 0.286015625 0.01167883211678832 0.020625000000000004 0.024276
0 0.31921875 0.07471166423357664 0.02437499999999998 0.049486
0 0.3615625 0.19756818248175181 0.04749999999999999 0.09710599999999998
0 0.376328125 0.12823676642335766 0.03687499999999999 0.085901
0 0.4022265625 0.3171498686131387 0.06562499999999999 0.12324900000000001
0 0.395390625 0.03398378832116788 0.020625000000000004 0.064426
0 0.466640625 0.943837598540146 0.11375000000000007 0.109243
0 0.4326953125 0.028315102189781022 0.02562500000000001 0.040149000000000004
0 0.4504296875 0.1250796423357664 0.038124999999999964 0.06722700000000001
0 0.520703125 0.1966195182481752 0.036250000000000004 0.05135400000000001
0 0.5251953125 0.09192581021897811 0.026875000000000093 0.044818000000000004
0 0.5319921875 0.0366670802919708 0.021874999999999978 0.05882299999999999
0 0.5685546875 0.3080346204379562 0.06999999999999995 0.08776800000000001
0 0.632421875 0.032116788321167884 0.028124999999999956 0.064426
0 0.6434375 0.3271834525547445 0.04749999999999999 0.11111100000000003
0 0.6476171875 0.2403337883211679 0.053750000000000075 0.06535899999999996
0 0.66234375 0.08428608029197081 0.024375000000000036 0.059757000000000005
0 0.7171875 0.9203905547445256 0.10999999999999999 0.149393
0 0.7065234375 0.060586956204379566 0.030625000000000013 0.042017
0 0.756796875 0.09630537226277372 0.028124999999999956 0.054154999999999995
0 0.7912109375 0.2478027883211679 0.045624999999999916 0.06536000000000002
0 0.7898046875 0.05306593430656934 0.038124999999999964 0.063492
0 0.7995703125 0.4671874306569343 0.057499999999999996 0.132586
0 0.7844921875 0.15297293430656933 0.021874999999999978 0.06255800000000003
0 0.847734375 0.28509976642335766 0.043749999999999956 0.085901
0 0.8752734375 0.14631822627737226 0.030625000000000013 0.056956
0 0.8837890625 0.0713838102189781 0.018124999999999947 0.04575200000000001
0 0.9202734375 0.1159133722627737 0.030625000000000013 0.055089
0 0.931015625 0.49898545255474447 0.05249999999999999 0.11297800000000008
0 0.934921875 0.40076105839416065 0.05999999999999994 0.08029800000000001
0 0.9417578125 0.6873050145985401 0.073125 0.12231599999999997
0 0.938125 0.2132557883211679 0.03312499999999996 0.06535999999999999
0 0.984921875 0.1687792481751825 0.028125000000000067 0.036414
