0 0.193359125 0.1679685 0.097657 0.204427
0 0.2470708125 0.4908854999999999 0.07421800000000003 0.140625
0 0.367187875 0.4257814166666667 0.05957000000000001 0.10677100000000002
0 0.5009766250000001 0.4231770000000001 0.021484000000000003 0.06380199999999991
0 0.5537106875 0.40234425 0.03711000000000009 0.07291599999999998
0 0.5898439375 0.36328083333333333 0.014647999999999994 0.05859399999999996
0 0.653320375 0.548177 0.07421900000000003 0.15625
0 0.62890675 0.3515624166666667 0.024414000000000047 0.044270999999999915
0 0.7558593125 0.4401040833333334 0.02636699999999992 0.0664059999999999
0 0.868164 0.3424479166666667 0.03125 0.029947999999999936
