0 0.0301953125 0.8274361595900438 0.025624999999999995 0.02908100000000009
0 0.0307421875 0.8181694172767203 0.021875000000000002 0.03470899999999994
0 0.119765625 0.8366068653001465 0.051250000000000004 0.0891179999999999
0 0.1856640625 0.8512039941434847 0.04999999999999999 0.09193299999999989
0 0.2303125 0.7859758038067349 0.016875 0.04221400000000006
0 0.3109375 0.7710810614934115 0.015625 0.04878000000000006
0 0.348515625 0.926180896046852 0.05249999999999999 0.11257
0 0.3776953125 0.8698075768667642 0.02562500000000001 0.06097600000000002
0 0.3869921875 0.8174589326500732 0.023125000000000007 0.04409000000000001
0 0.389609375 0.8108929326500732 0.013124999999999998 0.04409000000000001
0 0.4046875 0.8224475461200585 0.01687500000000003 0.036584999999999895
0 0.433515625 0.8359223191800879 0.020625000000000004 0.053471000000000074
0 0.5152734375 0.9161163499267935 0.02937500000000004 0.07692300000000017
0 0.6125 0.8193790922401172 0.03187499999999999 0.07317099999999993
0 0.661796875 0.9137142210834553 0.028125000000000067 0.07504699999999988
0 0.765390625 0.8509764787701318 0.020625000000000004 0.0806749999999999
0 0.7796484375 0.7913503499267937 0.030625000000000013 0.076923
0 0.7823828125 0.7900004787701318 0.011249999999999982 0.0806749999999999
0 0.9124609375 0.9055428960468522 0.04625000000000001 0.11350900000000004
