0 0.0436328125 0.20749394117647058 0.04125 0.064972
0 0.210078125 0.2547444117647059 0.06812499999999999 0.09792799999999999
0 0.2870703125 0.059183647058823535 0.026875000000000038 0.090395
0 0.3073046875 0.259557 0.03812500000000002 0.152543
0 0.4021875 0.31976870588235295 0.078125 0.12523499999999993
0 0.4475 0.1187495882352941 0.03125 0.053672000000000004
0 0.5108984375000001 0.04842382352941177 0.030624999999999958 0.04614000000000001
0 0.525390625 0.20430882352941176 0.05125000000000002 0.09510400000000002
0 0.6011328125 0.08155029411764705 0.04250000000000009 0.077212
0 0.615390625 0.21920635294117646 0.05125000000000002 0.06403000000000005
0 0.623984375 0.20584329411764707 0.043749999999999956 0.077213
0 0.6773828125 0.3753237058823529 0.07250000000000001 0.12429400000000006
0 0.713984375 0.16617911764705884 0.04437499999999994 0.07344600000000003
0 0.752109375 0.07943394117647058 0.04375000000000007 0.065913
0 0.8144921875 0.3407809411764706 0.053750000000000075 0.11581899999999996
