0 0.037890625 0.38135416666666666 0.052500000000000005 0.06916700000000005
0 0.1700390625 0.32036458333333334 0.04999999999999999 0.080833
0 0.18671875 0.42078124999999994 0.05562500000000001 0.10166700000000002
0 0.2380078125 0.3058850833333333 0.04250000000000001 0.06583400000000002
0 0.3130078125 0.3424996666666667 0.04125000000000001 0.08583399999999992
0 0.3375390625 0.4033336666666667 0.049375 0.08583299999999998
0 0.3611328125 0.3077604166666667 0.04249999999999998 0.07583299999999997
0 0.4047265625 0.3527604166666667 0.034999999999999976 0.07749999999999997
0 0.4803125 0.3235934166666667 0.04750000000000004 0.07750000000000005
0 0.525 0.30515625 0.03125 0.070833
0 0.5647265625 0.3413541666666666 0.03500000000000003 0.06916700000000002
0 0.6105859375 0.3795315833333333 0.04562500000000003 0.08250000000000002
0 0.6422265625 0.31744791666666666 0.03375000000000006 0.06166700000000003
0 0.724921875 0.3628121666666666 0.059374999999999956 0.10000000000000005
0 0.7760546875 0.31151075 0.03875000000000006 0.05666600000000003
0 0.83171875 0.35151008333333333 0.05625000000000002 0.09666700000000006
0 0.8880078125 0.2981253333333333 0.0412499999999999 0.074166
0 0.9746875 0.32036458333333334 0.04812499999999997 0.08249999999999995
