0 0.57175 0.3862109375 0.6399999999999999 0.17062499999999997
0 0.2981875 0.2762109375 0.085 0.04625000000000001
0 0.29975 0.347109375 0.08799999999999994 0.044375
0 0.30575 0.4146875 0.08999999999999994 0.08000000000000002
0 0.4654375 0.4437109375 0.09800000000000005 0.07624999999999998
0 0.47787499999999994 0.3263671875 0.09600000000000009 0.05312500000000003
0 0.6400625 0.423828125 0.0790000000000001 0.06812499999999999
0 0.652625 0.3274609375 0.08199999999999993 0.04625000000000001
0 0.7773749999999999 0.3470703125 0.07099999999999991 0.05812500000000004
0 0.8168749999999999 0.445546875 0.096 0.06
0 0.8483125000000001 0.358828125 0.09299999999999997 0.03562500000000002
0 0.8561874999999999 0.123203125 0.0870000000000001 0.03562499999999999
0 0.9004999999999999 0.310703125 0.07699999999999996 0.03624999999999995
