0 0.021961932650073207 0.4422265625 0.045966 0.03375
0 0.21856628257686678 0.499296875 0.12101300000000004 0.05937500000000007
0 0.2584040922401171 0.429375 0.07129400000000001 0.06312499999999999
0 0.3473377364568082 0.4284765625 0.08724200000000004 0.065
0 0.3662139941434846 0.5525 0.09193200000000004 0.06437499999999996
0 0.47153344802342606 0.541875 0.056285 0.06312499999999999
0 0.5010263191800878 0.3712109375 0.053471000000000074 0.04562499999999997
0 0.5707860922401171 0.4837890625 0.07223299999999995 0.04937500000000006
0 0.5956590614934114 0.386328125 0.04784200000000008 0.036250000000000004
0 0.7319095768667643 0.5248828125 0.05909900000000001 0.073125
0 0.751266803806735 0.43265625 0.04315199999999995 0.03937499999999999
