0 0.2747265625 0.21038856527977043 0.03500000000000003 0.06709500000000002
0 0.2916015625 0.4663068450502152 0.03437499999999999 0.06433800000000002
0 0.319296875 0.20608440459110472 0.02812500000000001 0.059742
0 0.341875 0.24807256527977045 0.03187500000000004 0.06709500000000002
0 0.3627734375 0.47314412482066 0.029374999999999984 0.06158100000000003
0 0.3858984375 0.22325556527977045 0.029374999999999984 0.06801499999999999
0 0.4133203125 0.1878138450502152 0.026874999999999982 0.06433800000000002
0 0.429921875 0.30126912482066 0.02812500000000001 0.060661000000000014
0 0.4453515625 0.47049856527977046 0.03437499999999999 0.06709600000000002
0 0.4575 0.19884284505021524 0.03187499999999999 0.06433899999999998
0 0.51125 0.2719695652797704 0.03312500000000007 0.066176
0 0.51515625 0.4401675652797704 0.03937500000000005 0.06801499999999999
0 0.53125 0.2035512855093257 0.03125 0.069853
0 0.5784765625 0.2738745236728838 0.03374999999999995 0.048712999999999985
0 0.5825 0.19189412482065996 0.03125 0.0625
0 0.61125 0.4497628450502152 0.03312500000000007 0.06433800000000002
0 0.616796875 0.20527684505021523 0.028124999999999956 0.06341899999999999
0 0.659375 0.26071568436154946 0.03125 0.05698500000000001
0 0.6829296875 0.4479238450502152 0.03749999999999998 0.06433899999999995
0 0.6946484375 0.21159840459110477 0.02937499999999993 0.05974299999999996
0 0.7058984375 0.28777396413199424 0.030625000000000013 0.052389000000000026
0 0.7483984375 0.2230316843615495 0.030625000000000013 0.05514700000000003
0 0.75703125 0.44711728550932567 0.039999999999999925 0.07169100000000003
