0 0.1515546875 0.7516047364568083 0.038000000000000006 0.08695699999999994
0 0.2044375 0.5326798653001464 0.048000000000000015 0.08845499999999998
0 0.24096875 0.7448355710102489 0.08599999999999997 0.14992500000000009
0 0.252671875 0.5283920922401171 0.029000000000000026 0.07046500000000006
0 0.342640625 0.6538623074670571 0.11500000000000005 0.23688099999999998
0 0.3416015625 0.4817397364568082 0.033999999999999975 0.08695699999999994
0 0.341671875 0.42462825183016106 0.02799999999999997 0.09895000000000001
0 0.3753671875 0.40140195754026353 0.05400000000000005 0.15892000000000003
0 0.5891328125 0.3684179575402635 0.07399999999999995 0.158921
0 0.7175703125 0.22511117862371888 0.12 0.23238399999999998
0 0.815265625 0.1478770131771596 0.14600000000000002 0.298351
