0 0.01171303074670571 0.71696575 0.025463 0.02469100000000002
0 0.03816593265007321 0.585069 0.043981 0.0324080000000001
0 0.07959531918008785 0.7441165 0.05324 0.047839999999999994
0 0.124664803806735 0.4755985 0.04166599999999999 0.04783900000000002
0 0.1897164172767203 0.5524091875 0.03240800000000004 0.023147999999999946
0 0.21239019033674963 0.98548375 0.050925999999999985 0.024692000000000047
0 0.27233857686676427 0.790726125 0.06018499999999997 0.0370370000000001
0 0.2801334480234261 0.7018830625 0.05786999999999994 0.049383000000000066
0 0.5749486325036604 0.4130985 0.196759 0.17283900000000002
0 0.9287556749633968 0.7762706875 0.039351999999999894 0.03858000000000006
0 0.9339989326500733 0.5200976875 0.04398199999999987 0.03858000000000006
