0 0.0366796875 0.4476574428152492 0.03875000000000001 0.08067500000000001
0 0.1067578125 0.4853074046920821 0.073125 0.13226999999999994
0 0.206640625 0.49585409677419356 0.05125000000000002 0.09849899999999989
0 0.26859374999999996 0.5479223020527859 0.0875 0.12288899999999998
0 0.33109375 0.4001140263929619 0.05562499999999998 0.11913700000000002
0 0.4123046875 0.5354435395894429 0.06937500000000002 0.177298
0 0.419296875 0.3434743724340176 0.05874999999999997 0.10225100000000001
0 0.48359375 0.6307104046920822 0.05499999999999999 0.13320799999999997
0 0.49703125 0.5469376422287391 0.07124999999999998 0.1904309999999999
0 0.54796875 0.32447626979472144 0.05500000000000005 0.08817999999999998
0 0.682734375 0.351207064516129 0.043749999999999956 0.06472800000000001
