0 0.06300781250000001 0.45140658333333333 0.04125 0.05166599999999999
0 0.1085546875 0.7355725833333334 0.037500000000000006 0.04999999999999997
0 0.1459375 0.40984375 0.048750000000000016 0.055000000000000014
0 0.243359375 0.44473958333333335 0.04375000000000001 0.051666999999999984
0 0.2591015625 0.7305725833333333 0.03500000000000003 0.04999999999999997
0 0.297578125 0.43244791666666665 0.03624999999999995 0.06083299999999999
0 0.351953125 0.6564065833333333 0.036250000000000004 0.05166599999999991
0 0.37875 0.40854166666666664 0.03250000000000003 0.054167000000000076
0 0.426953125 0.6551045 0.03562500000000002 0.048333000000000036
0 0.468125 0.43151075 0.03249999999999997 0.05583300000000002
0 0.5052734375 0.5897395833333333 0.02937500000000004 0.051666999999999984
0 0.5783203125 0.41651075 0.02562500000000001 0.05666600000000003
0 0.5802734375 0.60234375 0.02937499999999993 0.055000000000000084
0 0.6389453125 0.41651075 0.026874999999999982 0.055000000000000014
0 0.6583203125 0.6504684166666667 0.026874999999999982 0.04666700000000009
0 0.6901953125 0.43083333333333335 0.026249999999999996 0.04416699999999999
0 0.730625 0.64234375 0.03125 0.055000000000000084
0 0.7351171875 0.409792 0.021874999999999978 0.03249999999999997
0 0.7688671875 0.4179684166666666 0.02312499999999995 0.045000000000000005
0 0.796875 0.56036425 0.03312499999999996 0.04083400000000011
0 0.8048046875 0.6443746666666667 0.03749999999999998 0.053333999999999916
0 0.8145703125 0.4213024166666666 0.02562500000000001 0.045000000000000005
0 0.85375 0.5794788333333334 0.03187499999999999 0.05833399999999996
0 0.859296875 0.4480725833333334 0.028750000000000053 0.05166699999999991
0 0.883125 0.3591149166666667 0.03249999999999997 0.061666
