0 0.3199609375 0.23760416666666664 0.07750000000000001 0.130833
0 0.362265625 0.30786425 0.020625000000000004 0.03916699999999999
0 0.3973828125 0.3007815833333333 0.010624999999999996 0.019166000000000016
0 0.4391796875 0.2918753333333333 0.0068749999999999645 0.011666000000000029
0 0.4537109375 0.2931774166666667 0.014374999999999971 0.015000000000000013
0 0.48515625 0.29421875 0.009374999999999967 0.02416700000000005
0 0.5104296875 0.2986455 0.006250000000000089 0.015834000000000015
0 0.56828125 0.2944795 0.009375000000000022 0.016665999999999997
0 0.572734375 0.33515591666666666 0.011874999999999969 0.030834000000000028
0 0.631640625 0.3794788333333334 0.08374999999999999 0.18416699999999997
0 0.8764453125 0.29255175 0.02562500000000001 0.025834000000000024
0 0.9780078125 0.2790628333333333 0.041874999999999996 0.12083300000000001
