0 0.02734375 0.501529238244514 0.05625 0.2745500000000001
0 0.022695312500000002 0.23287975862068963 0.026874999999999996 0.07414799999999999
0 0.095546875 0.2204977398119122 0.028124999999999997 0.10220399999999999
0 0.1093359375 0.47105447962382446 0.045 0.20641299999999996
0 0.14359375 0.19932694357366773 0.024375000000000008 0.10019999999999997
0 0.174921875 0.3044081473354232 0.028124999999999983 0.09017999999999995
0 0.2326953125 0.1761521473354232 0.02687500000000001 0.09018000000000002
0 0.2665625 0.22799855485893417 0.017500000000000016 0.07815600000000004
0 0.3569140625 0.24490375862068964 0.019374999999999976 0.07014000000000002
0 0.4125 0.6810170344827585 0.033125000000000016 0.276553
0 0.4294921875 0.14896835109717868 0.021874999999999978 0.086173
0 0.4956640625 0.24490375862068964 0.01874999999999999 0.07414800000000003
0 0.562265625 0.2231173510971787 0.020625000000000004 0.08617200000000004
0 0.66234375 0.1832949435736677 0.024375000000000036 0.098196
0 0.7896484375 0.23339494357366775 0.02937499999999993 0.098196
0 0.8958984375 0.24906892476489031 0.030625000000000013 0.13026
