0 0.12037305006105006 0.8201171875 0.101563 0.08437500000000009
0 0.11011402808302809 0.809375 0.05859399999999999 0.0625
0 0.1540650525030525 0.4951171875 0.10546900000000001 0.11562499999999998
0 0.15918803418803418 0.4822265625 0.07031200000000001 0.06562499999999999
0 0.16309403418803417 0.1716796875 0.070313 0.06874999999999998
0 0.16748702686202685 0.165234375 0.05468700000000001 0.04375000000000001
0 0.23805206227106226 0.603125 0.125 0.09375
0 0.22364404395604395 0.793359375 0.08984300000000002 0.07500000000000007
0 0.23756105006105005 0.3931640625 0.10156199999999997 0.08124999999999999
0 0.22608102686202686 0.788671875 0.05468700000000001 0.059374999999999956
0 0.2351140280830281 0.17421875 0.05859399999999999 0.056249999999999994
0 0.23926402442002442 0.388671875 0.05078100000000001 0.05937500000000001
0 0.2924920463980464 0.3587890625 0.09374999999999996 0.08125000000000004
0 0.3093330280830281 0.344921875 0.05859399999999996 0.05937500000000001
0 0.45777504761904764 0.8625 0.09765599999999997 0.09375
0 0.49390905250305256 0.71171875 0.10546899999999997 0.08750000000000002
0 0.4968330280830281 0.708984375 0.05859400000000003 0.07499999999999996
0 0.49390001343101336 0.1421875 0.027343000000000055 0.046875
0 0.49512101465201463 0.4357421875 0.03125000000000007 0.021875000000000033
0 0.5222260378510378 0.9109375 0.078125 0.078125
0 0.5380990537240538 0.657421875 0.109375 0.09062499999999996
0 0.5522500170940171 0.1654296875 0.03515600000000004 0.037500000000000006
0 0.5603060134310134 0.4572265625 0.027344000000000028 0.03437499999999999
0 0.7255940341880341 0.4091796875 0.0703130000000002 0.06874999999999998
0 0.7255900146520146 0.40078125 0.03125 0.04062500000000002
0 0.7746680402930403 0.3697265625 0.0820309999999999 0.06562499999999999
0 0.7822320244200245 0.368359375 0.050782000000000015 0.04375000000000001
0 0.8210520280830281 0.174609375 0.058592999999999985 0.07499999999999998
0 0.8181190134310133 0.75546875 0.027342999999999985 0.025000000000000022
0 0.8508330109890111 0.7572265625 0.023436999999999805 0.034375000000000044
0 0.8701210146520147 0.18515625 0.03125 0.040624999999999994
