0 0.015625 0.7156246666666667 0.03125 0.11666700000000008
0 0.08921875 0.6808330000000001 0.08750000000000001 0.12500000000000008
0 0.1942578125 0.8382815833333334 0.10500000000000001 0.14333300000000002
0 0.2090234375 0.68453125 0.06125 0.03999999999999989
0 0.2532421875 0.6914065833333334 0.02250000000000002 0.05166599999999999
0 0.431875 0.6980725833333333 0.03249999999999997 0.051666999999999984
0 0.4953125 0.7448958333333334 0.07875000000000004 0.11999999999999995
0 0.602109375 0.7238020833333333 0.07500000000000007 0.12833300000000003
0 0.784375 0.67682325 0.03249999999999997 0.07166600000000001
0 0.85984375 0.7506246666666666 0.05625000000000002 0.11499999999999992
0 0.93859375 0.7921875000000002 0.11875000000000002 0.23499999999999988
