0 0.08152343749999999 0.6261579824046921 0.09312500000000001 0.25727700000000003
0 0.1433203125 0.21516285337243402 0.088125 0.12675999999999998
0 0.2198828125 0.3844584369501466 0.04250000000000001 0.16525900000000007
0 0.26863281250000004 0.16658154545454545 0.04187499999999997 0.09201900000000002
0 0.3826953125 0.12533161583577712 0.02562500000000001 0.07136100000000001
0 0.4067578125 0.12973044281524926 0.010000000000000009 0.08075099999999998
0 0.4769921875 0.11678836656891495 0.085625 0.184977
0 0.4958203125 0.4635499501466276 0.12062499999999998 0.22535200000000005
0 0.5973046875 0.16781671847507332 0.038124999999999964 0.082629
0 0.6940625 0.11681654545454544 0.04874999999999996 0.09201800000000002
