0 0.0759890625 0.40043101343101345 0.01920000000000001 0.02899999999999997
0 0.1035203125 0.4903980463980464 0.0568 0.09500000000000001
0 0.1411421875 0.38643101343101344 0.022400000000000003 0.02800000000000002
0 0.2898375 0.23373504273504273 0.047199999999999964 0.08600000000000003
0 0.340684375 0.4422930402930403 0.04400000000000004 0.08200000000000002
0 0.4436140625 0.26896703296703295 0.04959999999999998 0.066
0 0.545296875 0.41406105006105004 0.05999999999999994 0.10100000000000006
0 0.6478015625 0.416978021978022 0.034399999999999986 0.044000000000000004
0 0.6654125 0.3371990231990232 0.016800000000000037 0.04699999999999999
0 0.7095890625 0.32043101343101343 0.019199999999999995 0.02900000000000004
0 0.7447671875 0.541956043956044 0.05279999999999996 0.08799999999999994
0 0.7456828125 0.3500940170940171 0.011199999999999988 0.035999999999999976
0 0.7831890625 0.31265201465201464 0.019199999999999995 0.030000000000000027
0 0.826025 0.36352503052503055 0.03279999999999994 0.06199999999999996
0 0.8770484375 0.35797802197802203 0.031199999999999894 0.04499999999999995
0 0.901109375 0.4650500610500611 0.07520000000000004 0.12299999999999996
0 0.9292359375 0.3196520146520146 0.015199999999999991 0.03100000000000005
