0 0.005859375 0.477292 0.011875 0.03250000000000005
0 0.0087890625 0.43505175 0.019375 0.024166999999999977
0 0.03484375 0.43536424999999995 0.025 0.040000000000000036
0 0.11890625 0.4369795 0.008749999999999994 0.015832999999999986
0 0.1374609375 0.4416145833333333 0.014374999999999999 0.018333000000000006
0 0.20921875 0.4593746666666667 0.023749999999999993 0.05333399999999999
0 0.3019140625 0.4608333333333334 0.018125000000000002 0.041666999999999975
0 0.344609375 0.44250033333333333 0.012500000000000011 0.04333299999999999
0 0.6545703125 0.2778645833333333 0.02562500000000001 0.080833
0 0.8236328125 0.4543229166666667 0.010624999999999996 0.029166999999999943
0 0.892109375 0.4524475833333333 0.012500000000000067 0.019167000000000083
