0 0.0208203125 0.6456756749633968 0.026875000000000003 0.038461000000000016
0 0.0319140625 0.5976051595900439 0.019375000000000003 0.029080000000000116
0 0.3384765625 0.22671066910688142 0.065 0.129456
0 0.3675 0.6648495461200585 0.03125 0.03658499999999998
0 0.433984375 0.5725046749633969 0.043125000000000024 0.03846099999999993
0 0.43859375 0.573214159590044 0.02437499999999998 0.02814300000000003
0 0.50234375 0.5244523806734992 0.05625000000000002 0.10131299999999999
0 0.5834375 0.5240664480234261 0.016874999999999973 0.057223000000000065
0 0.6260546875 0.40025666910688146 0.06874999999999998 0.13039400000000004
0 0.6776953125 0.32630608638360176 0.057499999999999996 0.16322699999999998
