0 0.005859375 0.37449835036496354 0.011875 0.07469599999999997
0 0.1033984375 0.6739809343065694 0.06062500000000001 0.06349200000000003
0 0.12359375 0.3321408905109489 0.05499999999999999 0.10364100000000002
0 0.141171875 0.5176594525547445 0.05875 0.11204500000000003
0 0.2672265625 0.2769998686131387 0.06625000000000003 0.12511700000000003
0 0.3537109375 0.3623603503649635 0.04625000000000001 0.07469600000000001
0 0.5087109375000001 0.2338427810218978 0.10749999999999998 0.206349
0 0.6146484375 0.3150297883211679 0.06062500000000004 0.06535999999999997
0 0.7053125 0.31735695620437954 0.04874999999999996 0.04201700000000004
0 0.983125 0.592763598540146 0.03187499999999999 0.11017700000000001
