0 0.006953125 0.6129690833333333 0.0043749999999999995 0.0033330000000000304
0 0.013125 0.5851041666666666 0.0012500000000000011 0.0066669999999999785
0 0.016054687499999998 0.6446350833333333 0.00625 0.005000000000000042
0 0.026328125 0.5267711666666667 0.004375 0.006665999999999987
0 0.0404296875 0.5854690833333334 0.006249999999999999 0.0033330000000000304
0 0.0397265625 0.6492711666666667 0.0037500000000000033 0.006666000000000061
0 0.040703125 0.6048434166666666 0.0049999999999999975 0.01500000000000005
0 0.048828125 0.51 0.0049999999999999975 0.001666999999999937
0 0.0503515625 0.6068753333333333 0.0037499999999999964 0.011666000000000102
0 0.050625 0.51223925 0.0006249999999999936 0.00916699999999985
0 0.0516015625 0.5288020833333333 0.0024999999999999953 0.0033330000000000304
0 0.051875 0.511667 0.0006250000000000006 0.0025000000000000946
0 0.061328125 0.55390625 0.005625000000000005 0.008332999999999924
0 0.0616015625 0.6486455 0.0025000000000000022 0.017499999999999998
0 0.066484375 0.6096350833333334 0.013124999999999998 0.005000000000000042
0 0.0916015625 0.515833 0.0037500000000000033 0.001666999999999937
0 0.103828125 0.6548434166666667 0.004375000000000004 0.013333999999999957
0 0.1109765625 0.52973925 0.0025000000000000022 0.008333999999999916
0 0.133125 0.7096878333333333 0.0325 0.027500000000000007
0 0.124375 0.5109371666666668 0.0012499999999999872 0.007499999999999914
0 0.1291015625 0.515833 0.0025000000000000022 0.001666999999999937
0 0.129375 0.5171350833333334 0.0006250000000000144 0.004999999999999967
0 0.16 0.5321350833333334 0.0018749999999999878 0.004999999999999967
0 0.2821484375 0.67625 0.02999999999999997 0.06333299999999993
0 0.3009765625 0.47260416666666666 0.0025000000000000022 0.006667000000000052
0 0.3216015625 0.50973925 0.0025000000000000022 0.009167
0 0.3328515625 0.4991670000000001 0.0025000000000000022 0.0008329999999999357
0 0.333828125 0.4971350833333334 0.004375000000000018 0.0033340000000000223
0 0.353203125 0.50640625 0.004375000000000018 0.008333000000000071
0 0.358125 0.504167 0.0012499999999999734 0.0016659999999999453
0 0.3772265625 0.5163020833333333 0.003750000000000031 0.005000000000000042
0 0.3925 0.53 0.00187499999999996 0.001666999999999937
0 0.418203125 0.5379690833333334 0.0050000000000000044 0.004165999999999966
0 0.4175 0.536667 0.0012500000000000289 0.0008329999999999357
0 0.444375 0.5376041666666667 0.0012499999999999734 0.0074999999999999884
0 0.4672265625 0.5475 0.0037499999999999756 0.001666999999999937
0 0.471875 0.4975 0.0006249999999999867 0.0008330000000000096
0 0.489453125 0.6851045 0.03562499999999996 0.04833299999999996
0 0.474375 0.4991670000000001 0.0006249999999999867 0.0008329999999999357
0 0.4803515625 0.5329690833333333 0.0025000000000000022 0.005000000000000042
0 0.4972265625 0.5404690833333333 0.0025000000000000022 0.0033330000000000304
0 0.57828125 0.9158333333333334 0.13437500000000002 0.16666700000000004
0 0.5603515625 0.5363020833333333 0.003750000000000031 0.004166999999999958
0 0.5822265625 0.516667 0.0024999999999999467 0.0008329999999999357
0 0.5834765625 0.51890625 0.003750000000000031 0.008333000000000071
0 0.5978515625 0.5229690833333334 0.0024999999999999467 0.004999999999999967
0 0.6010546875 0.534167 0.006249999999999978 0.0016660000000000934
0 0.62 0.5304690833333333 0.0012499999999999734 0.004999999999999893
0 0.663203125 0.52557325 0.005624999999999991 0.009999999999999934
0 0.679375 0.5404690833333333 0.0012500000000000844 0.005000000000000042
0 0.7128515625 0.5488020833333334 0.00374999999999992 0.0033330000000000304
0 0.7141015625 0.505833 0.0024999999999999467 0.0016670000000000111
0 0.7153515625 0.505833 0.0025000000000000577 0.0008340000000000014
0 0.733203125 0.5246350833333334 0.0050000000000000044 0.003333999999999948
0 0.7560546875 0.5571350833333334 0.006249999999999978 0.003333999999999948
0 0.7675 0.446667 0.0012500000000000844 0.0016660000000000192
0 0.8159765625 0.53557325 0.0025000000000000577 0.009166000000000007
0 0.834375 0.5571350833333334 0.0006249999999999867 0.003333999999999948
0 0.836328125 0.555833 0.005624999999999991 0.0008340000000000014
0 0.8366015625 0.55640625 0.0025000000000000577 0.008332999999999998
0 0.896953125 0.5090104166666666 0.004375000000000018 0.01416700000000004
0 0.9597265625 0.549167 0.003750000000000031 0.0016660000000000934
0 0.9641796875 0.549167 0.006249999999999978 0.0008330000000000837
