0 0.05312475 0.3775254339622642 0.05625000000000001 0.08350099999999996
0 0.5123041875 0.28348998113207546 0.960157 0.310865
0 0.145702875 0.3760262830188679 0.091407 0.15895299999999993
0 0.22187475 0.3420596792452831 0.02421899999999999 0.06136800000000002
0 0.3806640625 0.18940555974842768 0.08046900000000001 0.153924
0 0.4931635625 0.2530235094339623 0.03359400000000007 0.04728399999999999
0 0.5357419375 0.3108770188679245 0.04531300000000005 0.09154899999999995
0 0.542577625 0.2122773396226415 0.020313000000000025 0.031187000000000006
0 0.660937 0.20876808176100628 0.09375 0.127767
0 0.7298830625 0.23064009433962263 0.050780999999999965 0.05533200000000002
0 0.770702875 0.35037155974842765 0.09140599999999999 0.155935
0 0.77812475 0.19643220125786165 0.02421899999999999 0.03521199999999999
0 0.80625 0.22762064779874214 0.03203100000000003 0.04325999999999998
