0 0.30859375 0.34374958333333333 0.05566399999999999 0.08072999999999997
0 0.34375 0.446615 0.06445299999999998 0.09635399999999998
0 0.385742625 0.37760450000000007 0.020506999999999997 0.016926999999999914
0 0.3984376875 0.38802049999999993 0.007811999999999986 0.016927000000000064
0 0.4443364375 0.35677049999999993 0.030272999999999994 0.048177000000000025
0 0.5683590625 0.3971353333333334 0.018554999999999988 0.04296899999999996
0 0.622070125 0.390625 0.03613299999999997 0.06510399999999998
0 0.6660155 0.4049475 0.047852000000000006 0.07942699999999998
0 0.7587889375 0.3645835 0.04492200000000002 0.048176999999999914
0 0.848633 0.4531253333333334 0.0625 0.10677000000000003
0 0.9726560625 0.40494775 0.050780999999999965 0.11848999999999998
