0 0.017578125 0.8289586666666667 0.036875 0.11666599999999994
0 0.0620703125 0.4778128333333333 0.026249999999999996 0.05750000000000003
0 0.1228515625 0.48401075 0.033750000000000016 0.05666600000000003
0 0.16734375 0.4801045 0.02437499999999998 0.048333000000000036
0 0.2040234375 0.45515625 0.030625000000000013 0.07250000000000001
0 0.3170703125 0.4722395833333333 0.02562500000000001 0.05166700000000005
0 0.375 0.4689065833333333 0.03125 0.051666000000000066
0 0.504375 0.49307258333333337 0.03249999999999997 0.051666999999999984
0 0.692265625 0.5001045000000001 0.020625000000000004 0.048333000000000036
0 0.764765625 0.8776041666666666 0.08250000000000002 0.1316669999999999
0 0.741171875 0.49994791666666666 0.02749999999999997 0.06083300000000006
0 0.9001171875 0.49494791666666665 0.02312499999999995 0.06000000000000005
0 0.939140625 0.4932809166666667 0.020625000000000004 0.06166700000000006
