0 0.1208203125 0.3442520614934114 0.02562500000000001 0.047841999999999996
0 0.15734375 0.3461280614934114 0.024375000000000008 0.04690400000000002
0 0.2575390625 0.31933493265007323 0.019375000000000003 0.04409000000000001
0 0.4313671875 0.25302954612005857 0.02312499999999995 0.03658499999999998
0 0.5434375 0.33276654612005857 0.015625 0.035647000000000005
0 0.6212890625 0.3295406749633968 0.01937499999999992 0.04033700000000001
0 0.6812109375 0.3299525461200586 0.015000000000000013 0.03658499999999998
0 0.7530859375 0.332880803806735 0.01375000000000004 0.04127599999999996
0 0.8687109375 0.41209167496339677 0.014375000000000027 0.04033800000000002
0 0.953984375 0.37321780380673497 0.012499999999999956 0.042213999999999974
