0 0.01671875 0.45437900000000003 0.024374999999999997 0.05272999999999993
0 0.060625 0.44225417647058823 0.031875 0.057437999999999996
0 0.071875 0.7091445882352941 0.031874999999999994 0.053672999999999985
0 0.0877734375 0.43719664705882355 0.029375 0.038606999999999954
0 0.1571484375 0.4670324117647059 0.030625000000000013 0.04802199999999994
0 0.1626953125 0.40759423529411765 0.02687500000000001 0.04237300000000003
0 0.2026171875 0.4098896470588235 0.021875000000000006 0.04048999999999995
0 0.2320703125 0.45814499999999997 0.02562500000000001 0.05084700000000001
0 0.349296875 0.16235982352941178 0.02812500000000001 0.046139999999999966
0 0.386640625 0.4338430588235294 0.019999999999999962 0.03672299999999997
0 0.496484375 0.36622611764705887 0.011874999999999969 0.021656999999999937
0 0.5926953125 0.40676841176470585 0.026875000000000093 0.049906000000000006
0 0.6178125 0.3952360588235294 0.016249999999999987 0.036724000000000034
0 0.6445703125 0.4069484705882353 0.026874999999999982 0.03295699999999997
0 0.7019921875 0.4705660588235294 0.021874999999999978 0.036723000000000054
0 0.7101953125 0.40759423529411765 0.02562500000000001 0.04237300000000003
0 0.7123828125 0.3377447647058823 0.011249999999999982 0.009416999999999998
0 0.7238671875 0.5521908235294118 0.02312499999999995 0.046138999999999944
0 0.7525390625 0.425188 0.018124999999999947 0.050848
0 0.79625 0.43325058823529405 0.03249999999999997 0.053672000000000004
0 0.801015625 0.5165249999999999 0.020625000000000004 0.05179000000000007
0 0.8119921875 0.40235664705882346 0.021874999999999978 0.04049000000000003
0 0.8294921875 0.45626199999999995 0.023125000000000062 0.05084700000000001
0 0.871171875 0.4197190588235294 0.02749999999999997 0.036723000000000054
0 0.8758203125 0.47456541176470585 0.026874999999999982 0.04802200000000002
0 0.8698828125 0.38182170588235304 0.011249999999999982 0.025422999999999973
0 0.9046484375 0.42018376470588237 0.030625000000000013 0.06026399999999997
0 0.9038671875 0.36751664705882353 0.02187500000000009 0.038606999999999995
0 0.9808203125 0.404473 0.026874999999999982 0.05178899999999992
