0 0.1785546875 0.5548961666666666 0.10062499999999999 0.161666
0 0.238046875 0.4392190833333333 0.05937500000000001 0.06750000000000005
0 0.27554687499999997 0.5314586666666666 0.05937499999999998 0.11499999999999999
0 0.3278125 0.4865100833333333 0.048750000000000016 0.09750000000000007
0 0.3326953125 0.3870315833333333 0.05687500000000001 0.080833
0 0.382421875 0.5308854166666667 0.06 0.10833300000000008
0 0.4400390625 0.3815100833333333 0.04999999999999999 0.09750000000000003
0 0.50734375 0.5433854166666666 0.055625000000000036 0.10833300000000001
0 0.5384375 0.43796875 0.04749999999999999 0.08749999999999998
0 0.6195703125 0.49875033333333335 0.05812499999999998 0.106666
0 0.7108203125 0.5097399166666666 0.05812499999999998 0.09250000000000003
0 0.8333984375 0.5404163333333334 0.06062500000000004 0.10499999999999998
