0 0.086875 0.6147342907488986 0.031875 0.07337700000000001
0 0.1495703125 0.43964343318649046 0.02562500000000001 0.06585100000000002
0 0.2520703125 0.4618768604992658 0.02562500000000001 0.04985900000000001
0 0.266640625 0.4438880029368576 0.020625000000000004 0.042333000000000016
0 0.377265625 0.45875614684287813 0.020000000000000018 0.05738499999999999
0 0.47875 0.4782134331864905 0.03125 0.06585099999999994
0 0.4950390625 0.40843871659324527 0.019374999999999976 0.03480699999999995
0 0.4950390625 0.4558192892804699 0.019374999999999976 0.051739999999999994
0 0.5763671875 0.493976718061674 0.021874999999999978 0.053622000000000045
0 0.5819921875 0.4311305741556534 0.02312499999999995 0.040451999999999946
0 0.659140625 0.44765100293685756 0.020000000000000018 0.042333000000000016
0 0.7221875 0.45077171659324516 0.015625 0.032926000000000046
0 0.83671875 0.5604010058737151 0.02375000000000005 0.08466600000000003
0 0.8457421875 0.49668386049926583 0.02187500000000009 0.04797800000000002
0 0.9075390625 0.43760171659324526 0.01937499999999992 0.03292499999999998
0 0.937265625 0.5308485741556535 0.020000000000000018 0.03856999999999998
0 0.9557421875 0.5394304317180617 0.023125000000000062 0.04609599999999997
