0 0.0185546875 0.6532679941434846 0.03875 0.091932
0 0.2057421875 0.5134046749633968 0.023125000000000007 0.04033800000000002
0 0.2209375 0.6739059941434846 0.04749999999999999 0.09099400000000003
0 0.267421875 0.5432403191800877 0.028749999999999998 0.05440900000000005
0 0.4173046875 0.8050276998535871 0.06937500000000002 0.153846
0 0.4033984375 0.5480445768667642 0.030625000000000013 0.06003699999999999
0 0.5201953125 0.5811050922401171 0.026875000000000093 0.07129499999999998
0 0.5819140625 0.5384350614934115 0.01937500000000003 0.04784299999999997
0 0.6066015625 0.5748367057101024 0.034375000000000044 0.06379000000000003
0 0.637109375 0.8756823133235724 0.07562500000000005 0.14634100000000005
0 0.64625 0.6546879633967789 0.03312499999999996 0.06941900000000002
0 0.6965234375 0.5321666749633968 0.02937500000000004 0.03846199999999999
0 0.767265625 0.773869122986823 0.05125000000000002 0.09380899999999993
0 0.8005859375 0.6478233499267936 0.04500000000000004 0.07879900000000004
0 0.961171875 0.6996458653001465 0.05999999999999994 0.09005699999999994
