0 0.466796875 0.8179868477306003 0.935 0.3611629999999999
0 0.141171875 0.7579480614934114 0.02812500000000001 0.04971800000000003
0 0.2939453125 0.7065805768667642 0.02562500000000001 0.06097600000000002
0 0.408125 0.7738950614934115 0.03249999999999997 0.049719000000000006
0 0.4534375 0.7581314172767204 0.016249999999999987 0.034709000000000025
0 0.5328125 0.6730640307467057 0.016249999999999987 0.02345200000000001
0 0.59046875 0.6963316749633968 0.024375000000000036 0.0403380000000001
0 0.5987890625 0.7514511595900438 0.01937500000000003 0.02908100000000009
0 0.628046875 0.7959971903367495 0.028124999999999956 0.05159500000000012
0 0.7304296875 0.7161017730600293 0.006249999999999978 0.017824000000000072
0 0.7580078125 0.7543794172767203 0.010000000000000009 0.03470899999999994
0 0.7716796875 0.8625310922401171 0.038124999999999964 0.07223300000000003
