0 0.465078125 0.710417 0.910625 0.18916600000000017
0 0.0231640625 0.7009899166666668 0.019375000000000003 0.03083299999999989
0 0.0719140625 0.4121878333333333 0.019375000000000003 0.027500000000000007
0 0.08546875 0.7119270833333333 0.024375000000000008 0.03416700000000006
0 0.1359375 0.7227600833333333 0.015625 0.03416699999999991
0 0.171171875 0.6648961666666667 0.027499999999999997 0.036665999999999865
0 0.201875 0.7294270833333334 0.031875000000000014 0.03583299999999993
0 0.2233203125 0.6710940833333333 0.02562499999999998 0.03583299999999993
0 0.2964453125 0.14442708333333334 0.026874999999999982 0.034167
0 0.3038671875 0.6773961666666666 0.021874999999999978 0.03750000000000009
0 0.3171484375 0.7244270833333334 0.029374999999999984 0.03583300000000008
0 0.4095703125 0.6751559166666666 0.02562500000000001 0.0308340000000001
0 0.446796875 0.7198961666666667 0.02812500000000001 0.038332999999999874
0 0.4901953125 0.635625 0.026875000000000038 0.03250000000000005
0 0.5501953125 0.6760940833333332 0.02562500000000001 0.03583300000000008
0 0.5765234375 0.7195312499999998 0.030000000000000027 0.040000000000000036
0 0.6458203125 0.6360940833333334 0.025624999999999898 0.034999999999999996
0 0.6996484375 0.7093229166666667 0.02937499999999993 0.029167000000000016
0 0.714921875 0.11953125000000002 0.028124999999999956 0.04083300000000001
0 0.728046875 0.6672920000000001 0.028750000000000053 0.03333300000000006
0 0.8576953125 0.7052600833333332 0.026874999999999982 0.03583400000000007
0 0.906171875 0.7758333333333334 0.028750000000000053 0.04333299999999992
0 0.956875 0.3815621666666667 0.03125 0.03749999999999994
