0 0.0353515625 0.4657941764705883 0.035 0.05743899999999998
0 0.0824609375 0.5415365882352942 0.015 0.05367199999999992
0 0.1031640625 0.46491605882352943 0.018125000000000002 0.03672299999999997
0 0.1356640625 0.42754829411764705 0.018750000000000017 0.029189999999999994
0 0.190859375 0.6253184117647059 0.075625 0.14783399999999997
0 0.2037109375 0.42901888235294117 0.014374999999999999 0.031072999999999993
0 0.3616796875 0.5106320588235295 0.03749999999999998 0.08757100000000005
0 0.44234375 0.8145205294117647 0.08625 0.17043300000000006
0 0.4611328125 0.6195638235294118 0.04250000000000004 0.09510299999999997
0 0.5094531250000001 0.583433294117647 0.03562499999999996 0.07721300000000009
0 0.6103125 0.602201411764706 0.04812499999999997 0.09981199999999985
0 0.6531640625 0.5521908235294118 0.01937499999999992 0.04425599999999995
0 0.6576171875 0.44767082352941173 0.023125000000000062 0.04425600000000003
0 0.7462890625 0.4323724705882353 0.018124999999999947 0.03295699999999997
