0 0.07789062499999999 0.24697175516224187 0.0525 0.130189
0 0.0969921875 0.20745578761061947 0.022500000000000006 0.08867900000000002
0 0.12484375 0.18869282005899704 0.024375000000000008 0.05000000000000001
0 0.2064453125 0.20845130383480825 0.026874999999999982 0.06792500000000003
0 0.2340234375 0.2072160825958702 0.030625000000000013 0.077358
0 0.2619921875 0.3501336725663717 0.05437499999999998 0.05377299999999998
0 0.2747265625 0.4942090914454278 0.065 0.15660299999999988
0 0.2703515625 0.18174408259587022 0.034375000000000044 0.07735899999999998
0 0.3181640625 0.9186172389380531 0.08187499999999998 0.15282999999999983
0 0.3233984375 0.20320337758112092 0.030624999999999958 0.06603699999999998
0 0.362265625 0.43052268141592914 0.05125000000000002 0.13490599999999997
0 0.37453125 0.27431693510324484 0.040000000000000036 0.08301899999999998
0 0.373671875 0.19435382005899704 0.02812500000000001 0.04999999999999999
0 0.4008203125 0.1911642625368732 0.02562500000000001 0.031132000000000017
0 0.4173046875 0.2614011563421829 0.03812500000000002 0.07547200000000001
0 0.4490234375 0.20018618879056044 0.030625000000000013 0.03490600000000003
0 0.462578125 0.2670621563421829 0.03687499999999999 0.07547100000000001
0 0.4848046875 0.22248245132743366 0.03875000000000001 0.06226499999999998
0 0.5258203125 0.31188056637168143 0.05750000000000005 0.09905599999999995
0 0.528046875 0.7034845427728613 0.05874999999999997 0.21886800000000012
0 0.5165625 0.18951696755162242 0.015625 0.042453000000000025
0 0.5280078125 0.1880420412979351 0.011250000000000093 0.040566000000000005
0 0.5531640625 0.03250089380530974 0.018124999999999947 0.04434
0 0.5776953125 0.208212598820059 0.02562500000000001 0.056603
0 0.587578125 0.2788477463126844 0.036250000000000004 0.051886
0 0.607578125 0.6588385014749263 0.0675 0.182075
0 0.595234375 0.1914039675516224 0.011874999999999969 0.042453000000000005
0 0.6691015625 0.5632632802359883 0.06562500000000004 0.18962299999999999
0 0.6494140625 0.2294321887905605 0.01937500000000003 0.03490500000000001
0 0.67546875 0.2267210412979351 0.024375000000000036 0.03867899999999998
0 0.70875 0.311693377581121 0.03249999999999997 0.06509499999999996
0 0.7063671875 0.21222530383480825 0.02312499999999995 0.06792400000000001
0 0.722265625 0.6443141238938053 0.05249999999999999 0.11792500000000007
0 0.7325390625 0.30277748377581126 0.018124999999999947 0.023584999999999974
0 0.7451171875 0.22795726253687315 0.02312499999999995 0.031131999999999996
0 0.755546875 0.2925331563421829 0.028125000000000067 0.07547199999999997
0 0.7909375 0.4851871651917404 0.04875000000000007 0.15471700000000008
0 0.79625 0.2754858200589971 0.03187499999999999 0.04811299999999998
0 0.7995703125 0.3309734513274336 0.02562500000000001 0.06226399999999995
0 0.8374609375 0.48364490265486726 0.04625000000000001 0.12641499999999997
0 0.8315625 0.31145467256637166 0.015625 0.05377300000000002
0 0.8465234375 0.44536415634218285 0.030625000000000013 0.07547100000000005
0 0.8675 0.2788477463126844 0.03125 0.051886
0 0.887421875 0.6585186401179941 0.028124999999999956 0.09716999999999999
0 0.89890625 0.47880805014749256 0.03937499999999994 0.11981199999999997
0 0.9006640625 0.2820224837758112 0.018125000000000058 0.020755000000000037
0 0.9296875 0.38028297640118 0.046875 0.12169799999999996
0 0.938984375 0.3145095575221239 0.012500000000000067 0.017925000000000017
0 0.9869921875 0.36659756637168145 0.023125000000000062 0.09811300000000003
