0 0.0068359375 0.3078442307692308 0.015 0.06188399999999999
0 0.4990234375 0.4936614945054945 0.999375 0.7897330000000001
0 0.1266015625 0.23567321978021977 0.06499999999999999 0.04078800000000002
0 0.2236328125 0.21493368131868132 0.10499999999999998 0.16385299999999997
0 0.3625390625 0.21484204395604395 0.080625 0.089311
0 0.4778515625 0.19528112087912086 0.03500000000000003 0.042898000000000006
0 0.516953125 0.16996653846153847 0.036250000000000004 0.07735599999999997
0 0.5608203125 0.18609784615384617 0.05812499999999998 0.09282699999999998
0 0.667421875 0.701172945054945 0.08999999999999997 0.09071700000000009
0 0.6669921875 0.22666271428571427 0.022499999999999964 0.02883300000000001
0 0.7726171875 0.13379343956043954 0.05437500000000006 0.080169
0 0.818203125 0.8076291868131867 0.130625 0.175105
0 0.8768359375 0.15326372527472526 0.04562500000000003 0.05133600000000002
0 0.9601953125 0.4588199340659341 0.057499999999999996 0.07032299999999997
