0 0.0679296875 0.4690532340966921 0.03874999999999999 0.04071700000000006
0 0.102578125 0.21864535114503816 0.03562499999999999 0.06270300000000001
0 0.1815234375 0.1944695572519084 0.029375000000000012 0.053746000000000016
0 0.1846484375 0.4574995572519084 0.03 0.05374600000000005
0 0.2614453125 0.20541229262086513 0.02687500000000001 0.052932000000000014
0 0.290546875 0.4781127633587786 0.028749999999999998 0.046417000000000014
0 0.34125 0.21599929262086512 0.033125000000000016 0.05293100000000001
0 0.408046875 0.4439107633587786 0.027500000000000024 0.046417000000000014
0 0.416171875 0.2289267633587786 0.028749999999999998 0.048046000000000054
0 0.5027734374999999 0.18831129262086513 0.03062500000000007 0.051303000000000015
0 0.5047265624999999 0.4536827633587786 0.03437499999999999 0.04723100000000005
0 0.595 0.21925629262086516 0.03187499999999999 0.05293199999999998
0 0.6135546875 0.4732267633587786 0.038125000000000075 0.046417000000000014
0 0.6897265625 0.20994255725190838 0.034375000000000044 0.053745999999999974
0 0.7278515625 0.4639120279898219 0.03437499999999993 0.04967500000000002
0 0.7773046875 0.23254049872773536 0.03874999999999995 0.044788000000000015
0 0.83015625 0.4813697633587786 0.03937499999999994 0.046416999999999944
0 0.874453125 0.21671176335877865 0.03687499999999999 0.048045999999999985
0 0.94375 0.4844740865139949 0.03125 0.058631999999999976
