0 0.2205859375 0.3786171632653061 0.015000000000000013 0.042910000000000045
0 0.344765625 0.411790889212828 0.019999999999999962 0.04664199999999995
0 0.420859375 0.2525677113702624 0.012500000000000011 0.03731300000000001
0 0.4250390625 0.46402988921282795 0.01874999999999999 0.04477600000000002
0 0.476015625 0.2708164373177842 0.02124999999999999 0.039179000000000026
0 0.521171875 0.458432889212828 0.02750000000000008 0.04477600000000002
0 0.5240625 0.33798043731778427 0.01749999999999996 0.039178999999999985
0 0.552421875 0.5287462448979592 0.028750000000000053 0.06156800000000004
0 0.580859375 0.404328889212828 0.012500000000000067 0.04664099999999999
0 0.5868359375 0.3102293411078717 0.01375000000000004 0.05223900000000006
0 0.59515625 0.2780445335276968 0.008749999999999925 0.027985
0 0.61390625 0.37546780758017495 0.008750000000000036 0.02611900000000003
0 0.6161328125 0.2724475335276968 0.011250000000000093 0.02798499999999996
0 0.6461328125 0.2962932594752187 0.011249999999999982 0.02985099999999997
0 0.654921875 0.4719011632653061 0.028750000000000053 0.041044
0 0.657421875 0.7459807930029155 0.02749999999999997 0.05596999999999992
0 0.6590625 0.32719471137026235 0.016249999999999987 0.03731300000000001
0 0.7165625 0.33879598542274053 0.016249999999999987 0.033581999999999994
0 0.764375 0.3357061632653061 0.03125 0.041045
0 0.791015625 0.7749557113702623 0.02124999999999999 0.035447
0 0.79421875 0.4140651632653061 0.02375000000000005 0.041044999999999957
0 0.84171875 0.6629008746355685 0.025000000000000022 0.076493
0 0.8543359375 0.25711425947521865 0.013749999999999929 0.029851000000000013
0 0.8615625 0.48373634110787167 0.01749999999999996 0.05037300000000001
0 0.8686328125 0.38048316326530607 0.011249999999999982 0.04104400000000004
0 0.8818359375 0.26457725947521865 0.015000000000000013 0.029851000000000013
0 0.971171875 0.5318360670553935 0.02749999999999997 0.054105000000000035
