0 0.1266015625 0.44875 0.12874999999999998 0.189167
0 0.289765625 0.65567675 0.02062499999999995 0.05499999999999986
0 0.317109375 0.770625 0.011874999999999969 0.031666999999999966
0 0.3486328125 0.747292 0.010000000000000009 0.03250000000000005
0 0.3852734375 0.72703125 0.030625000000000013 0.040000000000000036
0 0.382890625 0.7352600833333334 0.020625000000000004 0.03583400000000007
0 0.4140625 0.7326559166666667 0.015625 0.029167000000000016
0 0.5553125 0.6610934166666667 0.016874999999999973 0.07583399999999996
0 0.6336328125 0.7066666666666667 0.04249999999999998 0.08416700000000003
0 0.9266015625 0.61796875 0.03374999999999995 0.088333
