0 0.097578125 0.28406216666666667 0.036250000000000004 0.16166699999999998
0 0.1601953125 0.27562533333333333 0.05687500000000001 0.074166
0 0.2121875 0.18192708333333332 0.016875 0.03500000000000003
0 0.299609375 0.3370836666666667 0.16812499999999997 0.27333299999999994
0 0.2691796875 0.08682291666666665 0.006250000000000033 0.030833
0 0.297734375 0.039947583333333335 0.011875000000000024 0.019167000000000007
0 0.3044140625 0.08322916666666667 0.018124999999999947 0.038332999999999985
0 0.3958984375 0.23197883333333336 0.02937500000000004 0.05833399999999996
0 0.499375 0.3909378333333333 0.12624999999999997 0.21500000000000008
0 0.5486328125 0.04255175 0.010624999999999996 0.024167000000000004
0 0.5719140625 0.10276008333333335 0.01937500000000003 0.034999999999999996
0 0.5802734375 0.2123961666666667 0.029999999999999916 0.036665999999999976
0 0.6997265625 0.21453158333333333 0.03375000000000006 0.080833
0 0.729453125 0.1785934166666667 0.036250000000000004 0.075834
0 0.740625 0.09625 0.03312500000000007 0.06416699999999999
0 0.8061328125 0.3914586666666667 0.135625 0.23999999999999996
0 0.9400390625 0.30203091666666665 0.05062500000000003 0.12250000000000005
0 0.94046875 0.175625 0.024375000000000036 0.03250000000000001
