0 0.02734375 0.40404805865102644 0.05625 0.15197
0 0.116484375 0.741979340175953 0.074375 0.06941899999999997
0 0.14578125 0.5336141994134898 0.070625 0.10975599999999999
0 0.2583203125 0.7078070263929618 0.08812499999999998 0.11913700000000002
0 0.2734375 0.22470043695014663 0.07937499999999997 0.16510300000000003
0 0.3880859375 0.5856189237536658 0.07687500000000003 0.10787999999999992
0 0.4134375 0.8167351671554252 0.07937499999999997 0.07692300000000005
0 0.5256640625 0.2521966099706745 0.08187500000000003 0.155722
0 0.5445703125 0.8015525454545456 0.057499999999999996 0.09099399999999983
0 0.6490625 0.9422104750733138 0.07937499999999997 0.11257
0 0.7087890625 0.4688395395894428 0.08062500000000006 0.17823600000000003
0 0.936484375 0.5287589882697947 0.10624999999999996 0.17167
