0 0.0087890625 0.53119825 0.018125 0.04166600000000006
0 0.037109375 0.9148440833333332 0.075 0.09833300000000007
0 0.0328125 0.5916663333333334 0.04875 0.04249999999999998
0 0.0382421875 0.498125 0.021875000000000002 0.031667000000000035
0 0.0403125 0.45505175 0.015625 0.025833999999999985
0 0.0583203125 0.5366663333333334 0.025624999999999995 0.04416700000000007
0 0.0559375 0.4719795 0.016875 0.016665999999999997
0 0.1038671875 0.710417 0.05437499999999999 0.06333300000000008
0 0.1516796875 0.12505175 0.007500000000000007 0.02416700000000001
0 0.1633984375 0.5483333333333333 0.029375000000000012 0.041666999999999975
0 0.1776171875 0.48682291666666666 0.023125000000000007 0.030833000000000037
0 0.2044921875 0.5269270833333334 0.021875000000000006 0.035000000000000066
0 0.2280859375 0.4818229166666667 0.014999999999999986 0.03083299999999996
0 0.245234375 0.5939065833333333 0.04375000000000001 0.05166599999999999
0 0.2467578125 0.12078158333333333 0.010000000000000009 0.019166000000000016
0 0.263359375 0.70765625 0.04375000000000001 0.071667
0 0.26109375 0.5202600833333334 0.02437499999999998 0.03416699999999991
0 0.3015625 0.950208 0.08000000000000002 0.09583399999999997
0 0.2825390625 0.11041666666666668 0.018125000000000002 0.022499999999999982
0 0.314609375 0.11708366666666666 0.013124999999999998 0.022500000000000003
0 0.34640625 0.5968746666666668 0.03999999999999998 0.05333399999999999
0 0.3605859375 0.10708366666666667 0.014374999999999971 0.022499999999999982
0 0.3818359375 0.7224996666666668 0.04625000000000001 0.08416699999999988
0 0.3751171875 0.531458 0.021874999999999978 0.03249999999999997
0 0.42890625 0.12437533333333332 0.009375000000000022 0.011666000000000029
0 0.4341796875 0.15161458333333333 0.007499999999999951 0.019167000000000007
0 0.458984375 0.1403125 0.011875000000000024 0.016666999999999987
0 0.4673828125 0.12187533333333334 0.009999999999999953 0.012499999999999992
0 0.4831640625 0.4169270833333334 0.01937500000000003 0.03416699999999998
0 0.4934765625 0.5680725833333332 0.03375 0.05166700000000005
0 0.5251171875 0.9522399166666666 0.08562499999999995 0.0925000000000001
0 0.5037109375 0.10255175 0.014374999999999971 0.02416700000000001
0 0.526484375 0.40968783333333336 0.011874999999999969 0.027500000000000007
0 0.55296875 0.7489059166666667 0.055625000000000036 0.09249999999999996
0 0.5405859375 0.4176559166666667 0.01375000000000004 0.030834000000000028
0 0.5512890625 0.09588575 0.018125000000000058 0.024165999999999983
0 0.5726171875 0.4076559166666667 0.021874999999999978 0.030834000000000028
0 0.579453125 0.6390621666666666 0.036250000000000004 0.03750000000000001
0 0.5937890625 0.1036455 0.01937500000000003 0.017499999999999998
0 0.6175390625 0.4271878333333334 0.018124999999999947 0.02749999999999993
0 0.62515625 0.36255175 0.008750000000000036 0.025833999999999985
0 0.6337109375 0.42005175 0.01375000000000004 0.025834000000000062
0 0.646484375 0.10124966666666667 0.012499999999999956 0.020834000000000002
0 0.6578125 0.4271878333333334 0.016874999999999973 0.02749999999999993
0 0.7080078125 0.6100520833333333 0.04249999999999998 0.06750000000000005
0 0.695234375 0.10124966666666667 0.01187500000000008 0.022500000000000003
0 0.73359375 0.42619824999999995 0.023749999999999938 0.04166600000000006
0 0.741640625 0.10494758333333333 0.02124999999999999 0.019167000000000007
0 0.7786328125 0.4388538333333334 0.010624999999999996 0.02749999999999993
0 0.7965625 0.10494758333333333 0.016875000000000084 0.019167000000000007
0 0.80984375 0.433125 0.02375000000000005 0.03250000000000005
0 0.8230859375 0.12468783333333333 0.014374999999999916 0.027500000000000007
0 0.838984375 0.6133850833333333 0.04312499999999997 0.06583400000000002
0 0.86828125 0.9694788333333334 0.10250000000000004 0.05833400000000003
0 0.8444140625 0.429792 0.018125000000000058 0.03249999999999997
0 0.868359375 0.08328158333333334 0.011874999999999969 0.02
0 0.9325390625 0.7410934166666667 0.04937500000000006 0.07749999999999997
0 0.956484375 0.4066145833333334 0.011874999999999969 0.020832999999999952
0 0.9740625 0.43005175 0.015625 0.025833999999999985
