0 0.016015625 0.3453671150442478 0.020624999999999998 0.036827
0 0.0269140625 0.5726428938053096 0.01875 0.04627000000000008
0 0.0515625 0.36561018879056045 0.0175 0.03493900000000007
0 0.077734375 0.6386260412979351 0.013125000000000012 0.04060500000000001
0 0.0792578125 0.3611854100294985 0.01125000000000001 0.026440000000000005
0 0.1113671875 0.5971948938053098 0.022499999999999992 0.044380999999999955
0 0.1903125 0.3581730412979351 0.017500000000000016 0.040604000000000015
0 0.2384375 0.3768253362831859 0.016875 0.029271999999999923
0 0.2959375 0.5242501887905604 0.016874999999999973 0.034939000000000026
0 0.310859375 0.3700974837758112 0.012500000000000011 0.021718999999999957
0 0.478359375 0.3451324100294985 0.013124999999999998 0.026440000000000005
0 0.6155859375 0.8641224926253687 0.04625000000000001 0.10198300000000009
0 0.9163671875 0.36706875516224186 0.021874999999999978 0.13031100000000004
