0 0.0598125 0.2927470588235294 0.016667000000000008 0.038153
0 0.1438876875 0.24466652941176473 0.03866700000000001 0.06827299999999999
0 0.2431748125 0.331225 0.04266599999999998 0.052208999999999985
0 0.273765625 0.2963682941176471 0.02066699999999999 0.029115999999999954
0 0.283859375 0.3159817058823529 0.012666999999999984 0.025100000000000018
0 0.32705175 0.2971588235294118 0.025334000000000023 0.046184999999999955
0 0.3805078125 0.3169565294117647 0.04266700000000001 0.06927699999999996
0 0.4281220625 0.3329080588235294 0.019333999999999962 0.037148999999999974
0 0.561098625 0.3414774705882353 0.02066699999999999 0.033132999999999996
0 0.6427998125 0.6841422352941176 0.07400000000000007 0.09237000000000008
0 0.637098625 0.34588923529411764 0.021333999999999964 0.04216900000000002
0 0.6461220625 0.46536723529411766 0.019333999999999962 0.043173
0 0.715625 0.3261341764705882 0.03200000000000003 0.058233000000000056
0 0.8008466875 0.28724276470588234 0.06933299999999998 0.15963900000000003
