0 0.0690625 0.37884266139657446 0.015625 0.018565999999999982
0 0.118671875 0.3733488458498024 0.028124999999999997 0.04050700000000003
0 0.1637890625 0.37530427667984184 0.01874999999999999 0.03291100000000006
0 0.20609375 0.3893828458498024 0.024375000000000008 0.041349999999999956
0 0.424375 0.3769746455862978 0.03187499999999999 0.07595
0 0.466015625 0.4394060144927536 0.05249999999999999 0.11814300000000003
0 0.5501171875 0.3854302766798419 0.02312499999999995 0.032912000000000004
0 0.5697265625 0.4185483689064558 0.03500000000000003 0.04303800000000007
0 0.606953125 0.5599508919631093 0.03562500000000002 0.04641300000000006
0 0.6832421875 0.3722821225296443 0.053749999999999964 0.07257400000000003
0 0.7839453125 0.4221314611330699 0.026874999999999982 0.054851999999999956
0 0.85625 0.3849234914361001 0.06375000000000008 0.11392399999999998
0 0.9165234375 0.42908855335968377 0.030625000000000013 0.06582300000000006
