0 0.021640625 0.32487758357771257 0.020625 0.038461999999999975
0 0.0321875 0.2723445835777126 0.016875 0.040338000000000034
0 0.0690234375 0.31713648093841645 0.029375000000000005 0.02814300000000003
0 0.2183203125 0.20710512903225808 0.057499999999999996 0.13039399999999998
0 0.301015625 0.2517784750733138 0.05125000000000002 0.11350800000000003
0 0.380390625 0.2694120322580645 0.020625000000000004 0.03471000000000001
0 0.4219140625 0.2834363724340176 0.049375 0.100376
0 0.4611328125 0.26794575659824044 0.010624999999999996 0.030957
0 0.5080859375 0.2816070322580645 0.014375000000000027 0.032833000000000015
0 0.5528125 0.25840054545454544 0.04874999999999996 0.09286999999999998
0 0.5924609375 0.2742205835777126 0.014375000000000027 0.03846200000000002
0 0.6869140625 0.23564103225806454 0.018125000000000058 0.03377099999999997
0 0.724140625 0.25945609677419357 0.05125000000000002 0.09849900000000002
0 0.7780078125 0.2685925835777126 0.010000000000000009 0.03846200000000002
0 0.83484375 0.24239747507331383 0.05500000000000005 0.11350899999999998
