0 0.0965625 0.3256916383601757 0.0475 0.106004
0 0.2139453125 0.35175606149341143 0.02562499999999998 0.04878099999999994
0 0.3382421875 0.3121208286969253 0.08437499999999998 0.155722
0 0.4506640625 0.2627436017569546 0.08187499999999998 0.17354599999999998
0 0.568125 0.3224917057101025 0.03187499999999999 0.061914
0 0.6309375 0.48031822108345534 0.04749999999999999 0.07504699999999996
0 0.627421875 0.3388505768667643 0.02749999999999997 0.059099999999999986
0 0.7082421875 0.37269267496339675 0.021874999999999978 0.03846100000000006
0 0.784140625 0.3492396749633968 0.020625000000000004 0.04033799999999998
0 0.8509375 0.33509857686676425 0.016874999999999973 0.05910000000000003
0 0.883125 0.3800133191800878 0.03249999999999997 0.05347000000000006
0 0.935390625 0.32860167496339676 0.02124999999999999 0.03846199999999999
0 0.956640625 0.3334069326500732 0.020625000000000004 0.04408999999999997
