0 0.0224609375 0.2195160670553936 0.045625 0.05322199999999999
0 0.0380859375 0.3618309562682216 0.076875 0.09897200000000003
0 0.0895703125 0.377455667638484 0.057499999999999996 0.13352
0 0.266015625 0.31830869679300294 0.05124999999999999 0.06909399999999999
0 0.3045703125 0.3010914227405248 0.026874999999999982 0.07189600000000002
0 0.41671875 0.2981100524781341 0.05499999999999999 0.08683399999999998
0 0.4682421875 0.2874773119533528 0.05437500000000001 0.113912
0 0.6053125 0.21952583090379008 0.078125 0.174603
0 0.7043359375 0.1851883498542274 0.10750000000000004 0.23249299999999998
0 0.943828125 0.2987676151603499 0.03687499999999999 0.04761899999999998
0 0.9678125 0.36178242274052475 0.048125000000000084 0.07282999999999999
