0 0.04296875 0.9442658649045522 0.08625 0.10912499999999999
0 0.0204296875 0.6918052922173274 0.038125 0.09125100000000008
0 0.051875 0.5702905756240823 0.03187500000000001 0.05926600000000006
0 0.0996484375 0.5117358604992658 0.030625 0.04797699999999996
0 0.1457421875 0.5446618604992658 0.021874999999999978 0.049857999999999944
0 0.285703125 0.7390478678414097 0.06687500000000002 0.15051699999999998
0 0.34375 0.5126068619676946 0.03249999999999997 0.06773299999999999
0 0.4212109375 0.6738164346549192 0.044999999999999984 0.086548
0 0.50546875 0.6241412907488987 0.024374999999999925 0.07337800000000008
0 0.5522265625 0.6461228634361234 0.03500000000000003 0.088429
0 0.6298046875 0.623315148311307 0.03875000000000006 0.07714100000000003
0 0.8075 0.6231322922173275 0.03125 0.09219099999999997
0 0.8361328125 0.8276607239353893 0.073125 0.13546599999999998
0 0.895859375 0.5886688649045521 0.04437499999999994 0.11006600000000001
