0 0.037109375 0.10710102489019034 0.075 0.11500000000000002
0 0.0400390625 0.30602489019033674 0.081667 0.20375
0 0.3445439375 0.2928825036603221 0.10749999999999998 0.195
0 0.500208 0.3886694729136164 0.094167 0.17125
0 0.51213575 0.20438689604685212 0.08666600000000002 0.11249999999999996
0 0.6484375 0.308814055636896 0.04833299999999996 0.14000000000000004
0 0.7298310625 0.3445955344070278 0.11250000000000004 0.21875
0 0.869348625 0.2780270863836018 0.08250000000000002 0.16124999999999998
0 0.94828125 0.3893814055636896 0.10166700000000006 0.21500000000000005
0 0.9657939375 0.18831625183016107 0.04500000000000004 0.09874999999999999
