0 0.01609375 0.21795519033674962 0.024375 0.051545999999999995
0 0.0453515625 0.2594257057101025 0.034375 0.06372999999999997
0 0.0844140625 0.21772167496339678 0.019375000000000003 0.03842499999999998
0 0.186171875 0.30106863836017567 0.060000000000000026 0.10590400000000005
0 0.1745703125 0.1784759326500732 0.02562500000000001 0.04592300000000004
0 0.2525390625 0.175136803806735 0.019375000000000003 0.04217399999999997
0 0.401484375 0.3242611844802343 0.075625 0.14058099999999998
0 0.4277734375 0.2511069633967789 0.029374999999999984 0.069353
0 0.51734375 0.38236818448023424 0.05500000000000005 0.14151799999999998
0 0.6284375 0.24401589604685212 0.04749999999999999 0.11152700000000002
0 0.7834375 0.3033535095168375 0.04749999999999999 0.10402999999999997
0 0.8853125 0.35349154026354324 0.07937500000000008 0.126523
