0 0.0578515625 0.03223376470588235 0.033749999999999995 0.061148
0 0.098671875 0.08062217647058822 0.028124999999999997 0.057385000000000005
0 0.1476953125 0.09755517647058823 0.02562499999999998 0.056444000000000015
0 0.212578125 0.28761641176470587 0.09937499999999999 0.19849499999999995
0 0.2526953125 0.028643823529411767 0.02562500000000001 0.04609599999999999
0 0.418359375 0.15409770588235294 0.106875 0.223895
0 0.385 0.020588235294117647 0.03249999999999997 0.041392
0 0.4308203125 0.015646882352941177 0.026874999999999982 0.030102999999999998
0 0.4775 0.022058823529411766 0.033125000000000016 0.047037
0 0.5425 0.07832976470588235 0.03249999999999997 0.061148
0 0.5772265625 0.03599676470588235 0.03437499999999993 0.061148
0 0.587890625 0.1801671176470588 0.020625000000000004 0.073377
0 0.645859375 0.14118570588235294 0.043749999999999956 0.07525899999999999
0 0.71453125 0.16822935294117647 0.040000000000000036 0.06396999999999999
0 0.8078515625 0.12777835294117648 0.034375000000000044 0.062087999999999983
0 0.8230078125 0.19022288235294119 0.04125000000000001 0.081844
0 0.85671875 0.11960358823529411 0.024375000000000036 0.05362100000000001
0 0.92453125 0.20416182352941176 0.039999999999999925 0.09595399999999998
0 0.9511328125 0.10285405882352941 0.04125000000000001 0.08654700000000001
