0 0.006510416666666667 0.695859375 0.015 0.07500000000000007
0 0.013020833333333334 0.6110546875 0.028333 0.06999999999999995
0 0.016927083333333332 0.3142578125 0.035 0.04249999999999998
0 0.01953125 0.273828125 0.04 0.03562500000000002
0 0.05968716666666666 0.528125 0.068334 0.06312500000000004
0 0.07135416666666666 0.3656640625 0.06833299999999999 0.04999999999999999
0 0.09609341666666667 0.568828125 0.07750000000000001 0.03562500000000002
0 0.09223958333333333 0.6102734375 0.04999999999999999 0.06187500000000001
0 0.09901075 0.4038671875 0.055000000000000014 0.05437500000000001
0 0.11239616666666667 0.3666015625 0.03666600000000001 0.034375000000000044
0 0.12932325 0.7116796875 0.070833 0.06874999999999998
0 0.127917 0.5153515625 0.064166 0.06499999999999995
0 0.14869758333333333 0.650546875 0.08166700000000003 0.06000000000000005
0 0.13817675 0.2283984375 0.05666700000000002 0.06125000000000003
0 0.14916633333333332 0.4438671875 0.04166700000000001 0.02250000000000002
0 0.15947883333333335 0.365625 0.057499999999999996 0.03250000000000003
0 0.16729133333333335 0.60140625 0.07333399999999997 0.03937499999999994
0 0.17005208333333335 0.483125 0.06666699999999998 0.06374999999999997
0 0.17244791666666667 0.5480078125 0.06166699999999999 0.04249999999999998
0 0.1697395833333333 0.2858203125 0.05000000000000001 0.05687500000000001
0 0.2014065833333333 0.1290625 0.050000000000000044 0.048125
0 0.22630241666666664 0.566640625 0.045000000000000005 0.05125000000000002
0 0.2276045 0.4582421875 0.04749999999999999 0.05437500000000001
0 0.24197883333333334 0.6425 0.059167000000000046 0.06312499999999999
0 0.2593746666666667 0.2788671875 0.05249999999999999 0.05312499999999998
0 0.2891666666666666 0.5815625 0.085833 0.04749999999999999
0 0.28692741666666666 0.4966796875 0.07749999999999997 0.06999999999999995
0 0.294583 0.3902734375 0.063334 0.06125000000000003
0 0.3168746666666667 0.318046875 0.054166999999999965 0.05937500000000001
0 0.3213024166666667 0.2987109375 0.045832999999999936 0.044999999999999984
0 0.3252600833333334 0.08449218750000001 0.03416699999999998 0.054375
0 0.35765625 0.473125 0.070833 0.06312499999999999
0 0.3553128333333333 0.41109375 0.05916600000000005 0.05625000000000002
0 0.36036425 0.291640625 0.04083399999999996 0.05125000000000002
0 0.36453125 0.3609375 0.04083300000000004 0.04812499999999997
0 0.4011458333333333 0.4357421875 0.059167000000000046 0.05312500000000003
0 0.4155725833333333 0.3952734375 0.04999999999999997 0.030625000000000013
0 0.47338575 0.33234375 0.02500000000000006 0.05499999999999999
0 0.6182291666666666 0.4712890625 0.036667000000000005 0.04999999999999999
0 0.61421875 0.5925390625 0.02499999999999991 0.050000000000000044
0 0.6376559166666667 0.610234375 0.029167000000000016 0.04437500000000005
0 0.65067675 0.4504296875 0.05666700000000002 0.03749999999999998
0 0.6558850833333333 0.367578125 0.06583400000000002 0.06687500000000002
0 0.6692190833333332 0.5144921874999999 0.06583300000000003 0.085625
0 0.6757809166666666 0.5915234375 0.06166700000000006 0.06187500000000001
0 0.6982809166666666 0.0894921875 0.06166700000000006 0.05437499999999999
0 0.7113541666666666 0.4008203125 0.06833299999999998 0.057499999999999996
0 0.7124479166666666 0.4681640625 0.06083300000000014 0.049375
0 0.7167190833333333 0.5615625 0.06666599999999996 0.08000000000000007
0 0.7203128333333334 0.298515625 0.05916599999999983 0.05125000000000002
0 0.7141663333333333 0.2283984375 0.041667000000000044 0.06125000000000003
0 0.7454170000000001 0.3380078125 0.06333299999999993 0.04249999999999998
0 0.7613541666666667 0.5026953125 0.06833299999999998 0.05812499999999998
0 0.7730725833333333 0.38828125 0.04999999999999997 0.03937499999999999
0 0.7939065833333334 0.329140625 0.05166599999999999 0.05124999999999996
0 0.7991149166666668 0.456171875 0.06083299999999984 0.06
0 0.8123955 0.600234375 0.07999999999999992 0.07500000000000007
0 0.83067675 0.4997265625 0.05666700000000002 0.03374999999999995
0 0.83234375 0.4265234375 0.055000000000000014 0.06125000000000003
0 0.8466149166666668 0.3076171875 0.06166599999999992 0.02250000000000002
0 0.84286425 0.3814453125 0.04083399999999996 0.025624999999999953
0 0.8569788333333334 0.3480078125 0.059166999999999824 0.04125000000000001
0 0.86875 0.561015625 0.06333299999999993 0.05125000000000002
0 0.8796354166666668 0.105234375 0.04583300000000001 0.044374999999999984
0 0.8886458333333334 0.4226171875 0.05916699999999997 0.05437500000000001
0 0.9019788333333333 0.3745703125 0.05916699999999997 0.02562500000000001
0 0.9043746666666667 0.22859375 0.05250000000000007 0.054999999999999966
0 0.9189583333333333 0.546953125 0.07500000000000002 0.06812499999999999
0 0.9267705 0.2165625 0.047499999999999876 0.047500000000000014
0 0.9359375 0.4581640625 0.04750000000000002 0.049375
0 0.9650520833333333 0.38625 0.0666670000000001 0.06312500000000004
0 0.9834899166666666 0.2798046875 0.0300000000000001 0.06875
