0 0.0234375 0.4290131171303074 0.04875 0.18480300000000008
0 0.19421875 0.37460411713030745 0.0875 0.18667899999999996
0 0.3275390625 0.29775121522694 0.080625 0.16510300000000003
0 0.348828125 0.06879583455344071 0.03562500000000002 0.06566599999999999
0 0.380703125 0.19969002489019033 0.06687500000000002 0.11538499999999999
0 0.4740234375 0.47120889604685207 0.06125000000000003 0.11350900000000004
0 0.551171875 0.41076002489019026 0.06000000000000005 0.11538399999999997
0 0.562265625 0.29807476720351395 0.05125000000000002 0.10975699999999997
0 0.637890625 0.25375725183016107 0.05124999999999991 0.09849899999999998
0 0.7100390625 0.25487960761347 0.04999999999999993 0.08255099999999999
0 0.736953125 0.36392512298682284 0.03687499999999999 0.09474699999999998
0 0.7762890625 0.2533713191800878 0.018125000000000058 0.05534700000000003
0 0.795 0.28718647877013176 0.03187499999999999 0.08161300000000005
0 0.9481640625 0.3292420614934114 0.01937500000000003 0.049719000000000006
