0 0.0957421875 0.74505175 0.02187499999999999 0.025833999999999985
0 0.113984375 0.7437496666666666 0.013124999999999998 0.020834000000000092
0 0.1561328125 0.7566145833333334 0.01125000000000001 0.020832999999999952
0 0.197109375 0.7369270833333333 0.012499999999999983 0.03416700000000006
0 0.340390625 0.8210940833333332 0.020625000000000004 0.03583300000000008
0 0.502890625 0.8205725833333334 0.02062500000000006 0.04999999999999997
0 0.5940625 0.750625 0.015625 0.031666999999999966
0 0.7587109375 0.7586455 0.015000000000000013 0.01750000000000007
0 0.8396875 0.776458 0.015625 0.031666999999999966
0 0.9160546875 0.86328125 0.03875000000000006 0.10166699999999995
