0 0.0244140625 0.07170116666666666 0.049333 0.100445
0 0.025390625 0.3032015 0.052 0.14311100000000002
0 0.1865078125 0.0390625 0.04133299999999998 0.079111
0 0.2165185625 0.26206216666666665 0.09599999999999997 0.163556
0 0.2557295 0.0720905 0.07866600000000001 0.141333
0 0.3397001875 0.041666666666666664 0.05333400000000005 0.084444
0 0.4209970625 0.2717155 0.11133399999999999 0.17244399999999996
0 0.6960966875 0.28029133333333334 0.132 0.19999999999999998
0 0.7897578125 0.0703125 0.10533300000000001 0.141333
0 0.9525654375 0.07942708333333333 0.09266600000000003 0.160889
