0 0.01953125 0.4203128333333333 0.040625 0.058333000000000045
0 0.128515625 0.3776038333333333 0.020311999999999997 0.027084000000000035
0 0.2169921875 0.3518229166666667 0.023437000000000013 0.029166999999999943
0 0.3392578125 0.3216145833333333 0.010938000000000003 0.02083299999999999
0 0.4208989375 0.3984371666666666 0.04687399999999997 0.06875000000000009
0 0.460547375 0.2778645833333333 0.012499000000000038 0.02083300000000003
0 0.5021489375 0.309375 0.014062000000000019 0.03125
0 0.5369135625 0.3062503333333333 0.03437599999999996 0.04375000000000003
0 0.78125 0.2760413333333333 0.0625 0.075
0 0.883203625 0.19661425 0.020311999999999997 0.03958400000000003
0 0.9208989375 0.22421841666666667 0.04531200000000002 0.04583400000000001
