0 0.02453125 0.7022399166666666 0.040625 0.09333300000000004
0 0.045859375 0.25604166666666667 0.044375000000000005 0.053332999999999964
0 0.06359375 0.76026075 0.055625 0.11833299999999995
0 0.0980078125 0.03854166666666667 0.042499999999999996 0.053333
0 0.1155859375 0.15265625 0.045 0.07250000000000002
0 0.126328125 0.8341666666666666 0.03624999999999999 0.08499999999999996
0 0.13675781250000002 0.4578645833333333 0.041249999999999995 0.08250000000000002
0 0.14363281249999998 0.3192190833333333 0.041249999999999995 0.06666599999999996
0 0.1612890625 0.9172395833333332 0.050625 0.051666999999999984
0 0.1735546875 0.5460934166666668 0.037500000000000006 0.07749999999999997
0 0.1978515625 0.18057258333333334 0.03437500000000002 0.051666999999999984
0 0.21328125 0.27161491666666665 0.04000000000000001 0.061666
0 0.21625 0.022968416666666668 0.033125000000000016 0.04583399999999999
0 0.2842578125 0.46932325 0.04250000000000004 0.07249999999999994
0 0.3059765625 0.3084375 0.03375 0.048332999999999994
0 0.316328125 0.19817675 0.03562499999999996 0.055000000000000014
0 0.322734375 0.5247913333333334 0.043749999999999956 0.07333400000000001
0 0.33625 0.24890658333333335 0.03187499999999999 0.05166599999999999
0 0.439921875 0.19723958333333333 0.028749999999999998 0.05166700000000002
0 0.4498046875 0.4260934166666666 0.03749999999999998 0.07750000000000005
0 0.4715625 0.5480211666666667 0.046875 0.06833299999999998
0 0.4870703125 0.09984375 0.02562500000000001 0.055833
0 0.4948828125 0.23875 0.04249999999999998 0.06500000000000006
0 0.49734375 0.31713541666666667 0.025000000000000022 0.046667000000000014
0 0.5935546875 0.3225520833333333 0.03750000000000009 0.06666700000000003
0 0.61640625 0.20395833333333335 0.039999999999999925 0.07416699999999998
0 0.6515625 0.6440625 0.04749999999999999 0.07916699999999999
0 0.6516796875 0.28109341666666665 0.03749999999999998 0.075834
0 0.6716015625 0.16755208333333335 0.03499999999999992 0.06666699999999999
0 0.6994921875 0.06401074999999999 0.021874999999999978 0.055
0 0.7209375 0.7057295 0.046875 0.07999999999999992
0 0.7185546875 0.3400520833333333 0.03875000000000006 0.06666700000000007
0 0.80234375 0.7577600833333333 0.055624999999999925 0.034999999999999996
0 0.8026171875 0.6174996666666667 0.05312499999999998 0.08583399999999997
0 0.8065234375 0.8327079999999999 0.06187500000000001 0.09500000000000004
0 0.80390625 0.27197883333333334 0.039999999999999925 0.05833400000000003
0 0.821328125 0.3930211666666667 0.036250000000000004 0.06833299999999998
0 0.825625 0.08947883333333333 0.03249999999999997 0.05833399999999999
0 0.8430859375 0.49536458333333333 0.04499999999999993 0.08249999999999995
0 0.854453125 0.026874666666666668 0.036250000000000004 0.053334
0 0.87328125 0.09947883333333334 0.040000000000000036 0.057499999999999996
0 0.8869921875 0.9061461666666667 0.053750000000000075 0.10000000000000009
0 0.89 0.20567675 0.03249999999999997 0.055000000000000014
0 0.9134375 0.7109378333333334 0.04812499999999997 0.08999999999999986
0 0.915 0.30098925 0.03312499999999996 0.070834
0 0.9133203125 0.16125 0.026874999999999982 0.06499999999999999
0 0.933671875 0.07984375 0.028124999999999956 0.055
0 0.957890625 0.38052116666666663 0.020625000000000004 0.06916599999999999
0 0.97578125 0.2433850833333333 0.039999999999999925 0.06666700000000003
0 0.978671875 0.030000333333333334 0.028125000000000067 0.043333
0 0.983125 0.81296875 0.03187499999999999 0.088333
