0 0.087578125 0.8909378333333332 0.129375 0.21500000000000016
0 0.08421875 0.5877600833333334 0.024375000000000008 0.03583399999999992
0 0.1324609375 0.651458 0.013750000000000012 0.033333999999999975
0 0.1687109375 0.7959371666666666 0.04500000000000001 0.13250000000000015
0 0.2202734375 0.6873955 0.030624999999999986 0.07916699999999999
0 0.22859375 0.59869825 0.024999999999999994 0.04166599999999998
0 0.3 0.73567675 0.03250000000000003 0.05666700000000002
0 0.3573046875 0.9138024166666666 0.13187500000000002 0.17000000000000007
0 0.419921875 0.6738538333333333 0.09000000000000002 0.151667
0 0.5141015625 0.4674475833333333 0.034999999999999976 0.019167000000000007
0 0.5294140625 0.5314065833333333 0.018124999999999947 0.050000000000000044
0 0.5471484375 0.5452086666666668 0.02937500000000004 0.05333299999999993
0 0.57 0.5144788333333333 0.0318750000000001 0.057499999999999885
0 0.5862890625 0.66078125 0.04937499999999995 0.10166699999999995
0 0.6205859375 0.524583 0.04625000000000001 0.06499999999999995
0 0.6572265625 0.4960934166666666 0.03500000000000003 0.07583399999999996
0 0.7927734375 0.6532291666666666 0.15500000000000003 0.28833299999999995
0 0.731796875 0.49520866666666663 0.02749999999999997 0.053333
0 0.8701171875 0.45838575 0.02312499999999995 0.024165999999999983
0 0.98546875 0.5935416666666667 0.02375000000000005 0.05333299999999993
