0 0.22885383333333334 0.0481640625 0.02749999999999997 0.018750000000000003
0 0.26026008333333334 0.1121484375 0.034167000000000024 0.029374999999999984
0 0.4313538333333333 0.20171875 0.027500000000000007 0.023749999999999993
0 0.5075517500000001 0.2183203125 0.02499999999999991 0.02562500000000001
0 0.5784899166666667 0.2482421875 0.029999999999999954 0.02250000000000002
0 0.63203125 0.2976953125 0.04083300000000004 0.02562500000000001
0 0.663958 0.289921875 0.03250000000000005 0.027500000000000024
0 0.6993229166666667 0.3215234375 0.029999999999999954 0.029374999999999984
0 0.7494270833333334 0.3655859375 0.03416699999999991 0.04562499999999997
0 0.7440104166666668 0.3155859375 0.013332999999999817 0.014999999999999958
0 0.7910416666666666 0.3321484375 0.05416699999999993 0.030625000000000013
