0 0.09162833333333333 0.1136136875 0.036721000000000004 0.037524
0 0.15130166666666667 0.633905625 0.030742999999999996 0.020637999999999934
0 0.34903233333333333 0.199239625 0.07515000000000001 0.08380199999999999
0 0.3358643333333334 0.5305954375 0.035012999999999996 0.030644999999999922
0 0.42284900000000003 0.09847449999999999 0.074295 0.08005000000000001
0 0.445906 0.288044625 0.07429599999999997 0.08380300000000002
0 0.4635856666666667 0.5336463125 0.03757499999999997 0.025640999999999914
0 0.5647126666666668 0.3067295 0.07771199999999999 0.07880000000000004
0 0.564608 0.0769370625 0.07258800000000004 0.080675
0 0.5929093333333333 0.534622875 0.03501300000000007 0.027516999999999903
0 0.6884339999999999 0.07971249999999999 0.07258700000000007 0.08005000000000001
0 0.6939326666666666 0.3008270625 0.07002500000000002 0.081926
0 0.7907613333333333 0.645778625 0.04355199999999998 0.05253299999999994
0 0.816529 0.286168625 0.07258800000000004 0.08255200000000001
0 0.8229863333333334 0.1016015 0.07685799999999987 0.078799
0 0.9065706666666666 0.2041655 0.07002599999999999 0.08005000000000001
0 0.9380786666666666 0.641016 0.023911999999999958 0.03251999999999999
