0 0.024296875000000002 0.9703128333333334 0.028124999999999997 0.05749999999999996
0 0.04 0.9121354166666666 0.03125 0.04666700000000009
0 0.0492578125 0.7666149166666667 0.04125000000000001 0.06083299999999999
0 0.09078125 0.89901075 0.04000000000000001 0.055000000000000014
0 0.0878125 0.8001045000000001 0.015625 0.048332999999999814
0 0.14070312499999998 0.895417 0.036875000000000005 0.0625
0 0.191953125 0.8907809166666666 0.036250000000000004 0.06083399999999998
0 0.3508984375 0.45166666666666666 0.060624999999999984 0.08583300000000005
0 0.389765625 0.8902604166666667 0.020625000000000004 0.07583299999999997
0 0.699453125 0.9058333333333334 0.036250000000000004 0.04333299999999992
0 0.7503515625 0.9011982499999999 0.03500000000000003 0.040000000000000036
0 0.8328515625 0.9201562500000001 0.03374999999999995 0.07083299999999992
0 0.8728515625 0.8997395833333334 0.03500000000000003 0.051666999999999984
0 0.915703125 0.7863024166666667 0.03562500000000002 0.04499999999999993
0 0.9190234375 0.8541663333333332 0.030625000000000013 0.041667000000000044
0 0.9435546875 0.8741149166666666 0.03749999999999998 0.061666000000000075
