0 0.1864140625 0.4044335833333333 0.05066699999999999 0.113778
0 0.2078876875 0.427694 0.03866700000000001 0.06399999999999999
0 0.249859375 0.45194433333333334 0.012666999999999984 0.042666999999999934
0 0.4199814375 0.5342981666666667 0.030000000000000027 0.06844499999999994
0 0.4453623125 0.5258850833333334 0.025999999999999968 0.06577799999999996
0 0.5235126875 0.5405592499999999 0.06866700000000003 0.10311100000000002
0 0.5183671875 0.41363575 0.05466700000000002 0.08622200000000002
0 0.5839345625 0.4292464166666667 0.034667 0.04444499999999999
0 0.6878876875 0.48518358333333333 0.038000000000000034 0.049777999999999954
0 0.7640283125 0.4741663333333333 0.026000000000000023 0.043556000000000074
0 0.7854091875 0.4623229166666667 0.023333000000000048 0.03111099999999996
0 0.83390625 0.47048566666666664 0.009333000000000036 0.054223000000000056
0 0.8804795 0.46366308333333334 0.016000000000000014 0.06577800000000004
