0 0.0234375 0.4773125987841945 0.046875 0.15564200000000003
0 0.06125 0.402531112462006 0.063125 0.161479
0 0.2275 0.39098540729483283 0.0325 0.071985
0 0.25679687500000004 0.43779892097264433 0.028124999999999983 0.07782100000000006
0 0.32140625 0.4337247051671732 0.03937499999999999 0.09338600000000001
0 0.4418359375 0.43591273252279633 0.04625000000000001 0.10408599999999998
0 0.526953125 0.42077108510638306 0.06812499999999999 0.149806
0 0.7857421875 0.49585151975683894 0.11562499999999998 0.23151799999999992
0 0.8916796875 0.5229766778115501 0.03749999999999998 0.08171200000000002
0 0.9071484375 0.4824871094224924 0.02937500000000004 0.05155699999999993
