0 0.063671875 0.58046875 0.059375 0.08750000000000006
0 0.15136668749999999 0.935417 0.09999999999999999 0.125
0 0.1531255 0.44817675 0.046875 0.05624999999999999
0 0.2724609375 0.7992184166666666 0.07656200000000002 0.10833400000000015
0 0.2833989375 0.43671875 0.04531200000000002 0.08750000000000006
0 0.317187 0.3677086666666667 0.03125 0.054165999999999936
0 0.3677734375 0.3838545 0.029686999999999963 0.04791599999999999
0 0.4279296875 0.3734374999999999 0.03750000000000003 0.047917000000000064
0 0.4767583125 0.4359374999999999 0.026561999999999975 0.047917000000000064
0 0.5031255 0.54973925 0.04843699999999995 0.07083399999999991
0 0.4900390625 0.3554684166666666 0.01874999999999999 0.045833999999999965
0 0.529688 0.4861979166666666 0.03281199999999995 0.06041700000000002
0 0.556640625 0.3796875 0.020311999999999997 0.04791699999999999
0 0.628515125 0.4411458333333333 0.035938000000000025 0.058333000000000045
0 0.6337895625 0.3789065833333334 0.034375000000000044 0.052082999999999956
0 0.7205073125 0.377083 0.026563000000000003 0.06458399999999997
0 0.7369135625 0.4658850833333334 0.034375000000000044 0.06666699999999996
0 0.7740229375 0.57682325 0.04531300000000005 0.07291599999999991
0 0.770312 0.4236979166666666 0.03281299999999998 0.06041700000000002
0 0.860937 0.6273440833333334 0.0625 0.09791599999999996
0 0.9845703125 0.5734371666666668 0.026563000000000003 0.06874999999999994
