0 0.2276171875 0.4561236470588235 0.084375 0.13935899999999998
0 0.2071875 0.09056447058823529 0.015625 0.03295699999999999
0 0.284765625 0.02977188235294118 0.020625000000000004 0.032014999999999995
0 0.3528125 0.4514785294117647 0.07937500000000003 0.12052799999999994
0 0.5919140625 0.41604605882352946 0.08187500000000003 0.13559299999999994
0 0.6419140625 0.7294038235294118 0.11187499999999995 0.24482100000000007
0 0.7240234375 0.5667166470588235 0.02937500000000004 0.08851199999999998
0 0.7564453125 0.48932358823529415 0.026874999999999982 0.10546199999999999
0 0.7757421875 0.6308628235294117 0.053749999999999964 0.09510399999999994
0 0.907890625 0.6944698235294118 0.083125 0.14500899999999997
0 0.9713671875 0.4968565882352941 0.05437500000000006 0.103578
