0 0.07390625 0.30573818448023427 0.070625 0.14258900000000002
0 0.17734375 0.8992226325036603 0.211875 0.197936
0 0.278671875 0.26457644216691073 0.09062500000000001 0.14821700000000002
0 0.3238671875 0.06039699414348463 0.05375000000000002 0.091933
0 0.3558984375 0.19646415373352857 0.060624999999999984 0.11913699999999999
0 0.5148828125 0.4464943440702782 0.10499999999999998 0.16698
0 0.502734375 0.24206244216691067 0.075625 0.149155
0 0.5315234375 0.1788686691068814 0.06125000000000003 0.12945500000000001
0 0.736953125 0.34172695754026355 0.06812499999999999 0.159475
0 0.763828125 0.08235892679355784 0.06812499999999999 0.13602299999999998
0 0.83 0.40064260175695465 0.09375 0.17542199999999994
