0 0.005859375 0.6117637165932452 0.0125 0.03448300000000004
0 0.0166015625 0.7184301483113069 0.033333 0.07836999999999995
0 0.032877937499999996 0.6320411453744493 0.045833 0.03761800000000002
0 0.0570966875 0.593152859030837 0.006249999999999999 0.02821299999999992
0 0.0711591875 0.591684430249633 0.022916000000000006 0.02507899999999992
0 0.0765625 0.6132321453744494 0.016667 0.0376180000000001
0 0.094921875 0.6531925756240823 0.029167 0.05956199999999996
0 0.1078125 0.5835507165932452 0.016667 0.03448300000000004
0 0.140625 0.615773718061674 0.03125 0.053291000000000026
0 0.1505205 0.6960908634361234 0.04791699999999999 0.09090900000000005
0 0.168098625 0.6002968604992658 0.02083399999999999 0.04702200000000006
0 0.1755859375 0.5588680014684287 0.014582999999999985 0.021943999999999946
0 0.188932625 0.6013700044052863 0.020833000000000018 0.06269600000000013
0 0.2537109375 0.7683890058737152 0.04583300000000001 0.084639
0 0.251171875 0.5986312892804698 0.029167 0.05015600000000014
0 0.296875 0.663471577092511 0.03125 0.08150499999999992
0 0.3128251875 0.5883522878120411 0.02291700000000002 0.03134800000000006
0 0.3430341875 0.7314478649045522 0.05416600000000005 0.10971800000000001
0 0.3400390625 0.596287859030837 0.01874999999999999 0.02821299999999992
0 0.3382158125 0.5651380014684287 0.01041700000000001 0.02194300000000005
0 0.364192375 0.5601392878120411 0.012500000000000011 0.031347
0 0.3828125 0.5760104302496328 0.016666999999999987 0.025079000000000087
0 0.3837890625 0.5992247165932453 0.01874999999999999 0.034482999999999875
0 0.4286455 0.5477974302496329 0.016666999999999987 0.025077999999999944
0 0.4766279375 0.7489865785609399 0.04583300000000001 0.100313
0 0.4767578125 0.6235111468428781 0.04166700000000001 0.056426999999999984
0 0.4815751875 0.5488705741556534 0.02291700000000002 0.04075200000000002
0 0.5190751875 0.5628780029368576 0.022916999999999965 0.043886999999999995
0 0.549348625 0.5239897165932452 0.02083400000000002 0.03448300000000004
0 0.563671875 0.5965684331864903 0.029166999999999943 0.06583100000000011
0 0.5887373125 0.7640661512481643 0.05833299999999997 0.11912200000000005
0 0.593098625 0.5566080029368575 0.02083400000000002 0.04388700000000008
0 0.61875 0.6461320058737151 0.0625 0.084639
0 0.6214189375 0.5610132892804699 0.014584000000000041 0.05015700000000003
0 0.6296220625 0.5208547165932452 0.018750000000000044 0.03448300000000004
0 0.644792 0.565616718061674 0.03125 0.05329099999999994
0 0.6797529375 0.5645445741556535 0.014583000000000013 0.04075200000000002
0 0.70390625 0.4566902878120411 0.008333000000000035 0.03134800000000006
0 0.7048828125 0.5271247165932452 0.01041700000000001 0.03448300000000004
0 0.720182625 0.5409340029368574 0.02083299999999999 0.043886999999999995
0 0.7369140625 0.6518075785609398 0.04999999999999993 0.100313
0 0.776042 0.5514111468428781 0.03125 0.05642600000000009
0 0.8190751875 0.7171275829662263 0.08541700000000008 0.16300899999999996
0 0.838542 0.578155718061674 0.03125 0.053292000000000006
0 0.89088575 0.537403718061674 0.025000000000000022 0.05329099999999994
0 0.964453125 0.767960441997063 0.06666700000000003 0.18808799999999998
0 0.9422529375 0.4955785741556535 0.014582999999999902 0.040751999999999934
0 0.955598625 0.530456859030837 0.02083400000000002 0.028214000000000065
0 0.980078125 0.5940278604992657 0.03541700000000003 0.047021999999999974
0 0.9860029375 0.4989117165932452 0.014583000000000013 0.03448199999999998
