0 0.1760546875 0.5551997192982456 0.03812499999999999 0.07109500000000002
0 0.21125 0.3594547660818713 0.0325 0.05986900000000002
0 0.25082031250000003 0.7138128947368421 0.02687500000000001 0.02899900000000005
0 0.316953125 0.3001127543859649 0.036250000000000004 0.06267499999999995
0 0.3508203125 0.25550178947368424 0.02562500000000001 0.055192
0 0.4326953125 0.3013387894736842 0.02562500000000001 0.055191999999999956
0 0.4876953125 0.31151181286549706 0.02562500000000001 0.04957900000000004
0 0.5258984375 0.3521448245614035 0.02937500000000004 0.045837
0 0.5821484375 0.2608798362573099 0.02937500000000004 0.04209500000000004
0 0.5953515625 0.5825017777777778 0.03375000000000006 0.057998000000000015
0 0.6534765625 0.3150797543859649 0.034375000000000044 0.061739999999999975
