0 0.17006737500000002 0.8862737920937043 0.107334 0.22399999999999995
0 0.211870125 0.4786749633967789 0.066666 0.07
0 0.255495125 0.6763836017569546 0.09800000000000003 0.17300000000000007
0 0.3037939375 0.46885212298682283 0.045999999999999985 0.09599999999999997
0 0.3431748125 0.42499560761347 0.04200000000000004 0.08400000000000002
0 0.3952685625 0.4297467057101025 0.03466600000000003 0.062000000000000006
0 0.4600751875 0.3983543191800879 0.02200000000000002 0.053999999999999965
0 0.5481220625 0.3805695461200585 0.019334000000000073 0.038000000000000055
0 0.6087421875 0.39106734992679354 0.023333000000000048 0.07700000000000001
0 0.6661220625 0.39596193265007323 0.018000000000000016 0.04399999999999995
0 0.70286425 0.4122108345534407 0.04066700000000001 0.06499999999999997
0 0.8385185625 0.6872737920937042 0.09666600000000003 0.22500000000000017
0 0.855765625 0.37456954612005855 0.02066699999999999 0.038000000000000055
0 0.8746484375 0.4358901903367496 0.029333000000000053 0.05000000000000005
