0 0.200234375 0.3869480307467057 0.012500000000000011 0.024389999999999988
0 0.2704296875 0.36827334992679356 0.03875000000000001 0.07879999999999997
0 0.331875 0.46297619033674964 0.03187500000000004 0.05065699999999998
0 0.348125 0.35262396339677893 0.03249999999999997 0.06941899999999998
0 0.397421875 0.4594517057101025 0.02812500000000001 0.06379000000000003
0 0.408203125 0.3708598345534407 0.03562500000000002 0.06660400000000004
0 0.450078125 0.3578410922401171 0.036250000000000004 0.07317000000000004
0 0.51 0.36793157686676425 0.03312499999999996 0.05910000000000007
0 0.5234765625 0.4441450922401171 0.03500000000000003 0.07317000000000004
0 0.56375 0.38751731918008786 0.03187499999999999 0.054408999999999964
0 0.593125 0.3330382210834553 0.03312499999999996 0.074109
0 0.620703125 0.4067353499267936 0.03562500000000002 0.078799
0 0.693984375 0.4297754787701318 0.04437500000000005 0.08067499999999998
0 0.7596875 0.37749693265007317 0.016249999999999987 0.04409000000000001
