0 0.0302734375 0.3610784434654919 0.061875 0.20884300000000003
0 0.1532421875 0.3841162936857562 0.053125000000000006 0.11382900000000004
0 0.254765625 0.389509859030837 0.020625000000000004 0.029161999999999945
0 0.2568359375 0.426197859030837 0.014375000000000027 0.02916300000000001
0 0.3137890625 0.3776234317180617 0.018125000000000002 0.04609600000000001
0 0.364609375 0.5344490176211454 0.10625000000000001 0.24741299999999997
0 0.4619921875 0.40836971806167405 0.021875000000000033 0.054562000000000006
0 0.496796875 0.4531121468428781 0.028124999999999956 0.05738400000000001
0 0.5337109375 0.479910577092511 0.04625000000000001 0.08090400000000006
0 0.5528125 0.4090351439060205 0.01749999999999996 0.016934000000000025
0 0.6214453125 0.42059871806167404 0.02562500000000001 0.055504000000000005
0 0.6619921875 0.44170828928046985 0.021874999999999978 0.05080000000000003
0 0.694296875 0.4369352907488987 0.028124999999999956 0.07149600000000003
0 0.74515625 0.4156187239353892 0.07187500000000002 0.136407
0 0.82328125 0.4130047195301028 0.03937500000000005 0.075258
0 0.8564453125 0.4631382936857562 0.057499999999999996 0.11194699999999999
0 0.9239453125 0.4360642892804699 0.02562500000000001 0.05079899999999997
