0 0.0131640625 0.30842710218978103 0.01875 0.038281999999999976
0 0.0787109375 0.3192759781021898 0.014374999999999999 0.022408999999999964
0 0.094765625 0.423273102189781 0.02062499999999999 0.040149000000000025
0 0.2298828125 0.5412762262773723 0.04187499999999997 0.056956
0 0.226484375 0.4110163941605839 0.011875000000000024 0.03454700000000008
0 0.3030859375 0.4163809781021898 0.014374999999999971 0.021475999999999964
0 0.32625 0.43155839416058395 0.03187500000000004 0.03267899999999998
0 0.4902734375 0.30291508759124086 0.18562499999999998 0.31839399999999995
0 0.6148828125 0.4249036861313869 0.010624999999999996 0.02894499999999996
0 0.6974609375 0.35248183211678835 0.014374999999999916 0.025209999999999937
0 0.7140625 0.425955394160584 0.016874999999999973 0.034546999999999994
0 0.7789453125 0.3773513722627737 0.026874999999999982 0.05322099999999998
0 0.8675390625 0.350444102189781 0.018124999999999947 0.04014899999999998
