0 0.7242578125 0.6195058693098384 0.10499999999999998 0.17121300000000006
0 0.0126953125 0.383956577092511 0.026875 0.080903
0 0.0284375 0.5286443010279002 0.04875 0.21542799999999995
0 0.0712109375 0.4933330117474303 0.076875 0.16462800000000002
0 0.1345703125 0.43615500734214396 0.05750000000000001 0.10536199999999996
0 0.26761718749999996 0.4228918693098385 0.08562500000000003 0.17215500000000003
0 0.3153515625 0.4071758634361233 0.065 0.090311
0 0.38359375 0.432919436123348 0.05624999999999997 0.10630299999999998
0 0.48828125 0.5803625814977974 0.07062500000000005 0.14299099999999998
0 0.4975 0.4113972936857563 0.06375000000000003 0.113829
0 0.5309375 0.5775637209985316 0.048125000000000084 0.09689500000000002
0 0.5628125 0.46185372099853156 0.04749999999999999 0.09501400000000003
0 0.6565234375 0.45997172099853156 0.06062500000000004 0.09501399999999995
0 0.672109375 0.45962814831130694 0.043749999999999956 0.07713999999999996
0 0.8141796875 0.4566222922173275 0.038124999999999964 0.091251
0 0.821015625 0.5610664317180616 0.05125000000000002 0.046096000000000054
0 0.92015625 0.4688281527165932 0.07062499999999994 0.13922799999999996
0 0.96265625 0.5272911497797357 0.04062500000000002 0.09877799999999996
0 0.977109375 0.5057241483113069 0.04375000000000007 0.07713999999999996
