0 0.2305078125 0.38682325 0.04250000000000001 0.070833
0 0.3311328125 0.2658850833333333 0.04125000000000001 0.06666699999999996
0 0.327890625 0.3533854166666666 0.020625000000000004 0.10833300000000001
0 0.38578125 0.2764065833333333 0.03999999999999998 0.051666000000000024
0 0.39875 0.14411491666666668 0.033125000000000016 0.06166599999999998
0 0.432421875 0.14687466666666668 0.02749999999999997 0.05333399999999999
0 0.48375 0.10104166666666665 0.03249999999999997 0.053333
0 0.5321484375 0.08057258333333334 0.030625000000000013 0.051667
0 0.5437109375 0.4388541666666667 0.04500000000000004 0.06916699999999998
0 0.5647265625 0.21197883333333334 0.03375000000000006 0.058334
0 0.5878515625 0.28968716666666666 0.03499999999999992 0.068334
0 0.6164453125 0.08927049999999999 0.026874999999999982 0.048333999999999995
0 0.639296875 0.14020866666666668 0.028750000000000053 0.05333300000000002
0 0.6490625 0.029062166666666667 0.016874999999999973 0.038334
0 0.67375 0.022135416666666668 0.03187499999999999 0.045000000000000005
0 0.6878125 0.39411491666666665 0.046875 0.061666000000000075
0 0.8011328125 0.47125 0.04125000000000001 0.06333300000000001
0 0.9328515625 0.45375000000000004 0.03374999999999995 0.06333300000000001
