0 0.4864453125 0.4533589575402636 0.08875 0.15947499999999995
0 0.0212109375 0.5462386749633968 0.014375 0.03846099999999993
0 0.0709375 0.5388479326500731 0.016875 0.04502800000000007
0 0.1719140625 0.49306528843338215 0.019375000000000003 0.030956999999999957
0 0.2271875 0.503796159590044 0.015625 0.029081000000000006
0 0.3221875 0.4693146749633968 0.016249999999999987 0.03846199999999999
0 0.6543359375 0.4138544172767204 0.015000000000000013 0.032832999999999994
0 0.7182421875 0.4460470307467057 0.021874999999999978 0.02345200000000001
0 0.7619140625 0.5802995710102489 0.08062499999999995 0.151969
0 0.8919140625 0.4298014172767204 0.018124999999999947 0.032832999999999994
