0 0.03098991666666667 0.6995703125 0.029165999999999994 0.02562500000000001
0 0.12723958333333332 0.6904296875 0.051667 0.03749999999999998
0 0.18624966666666665 0.5584765625 0.022500000000000037 0.034375000000000044
0 0.24291666666666667 0.577265625 0.022500000000000003 0.020625000000000004
0 0.38489616666666665 0.2272265625 0.03666600000000001 0.03437499999999999
0 0.4112496666666667 0.55234375 0.02083400000000002 0.023749999999999938
0 0.5636455 0.5456640625 0.015833999999999977 0.018750000000000044
0 0.6355208333333334 0.5357421875 0.026666999999999996 0.021874999999999978
0 0.7038538333333334 0.6028125 0.026666999999999923 0.015625
0 0.76338575 0.5987890625 0.02500000000000006 0.018750000000000044
0 0.9628125 0.6008203125 0.01750000000000007 0.02562500000000001
