0 0.060546875 0.517910375 0.122549 0.19934599999999997
0 0.2301819375 0.4828116875 0.10784300000000002 0.09967300000000007
0 0.28611362500000004 0.28081575000000003 0.08333299999999996 0.11764699999999997
0 0.530982375 0.833678375 0.20098000000000005 0.325163
0 0.535321875 0.3679600625 0.15359499999999998 0.174836
0 0.681104375 0.5496895625 0.13725500000000002 0.16013100000000002
0 0.7481549375 0.58820975 0.10784400000000005 0.17973899999999998
0 0.7514805 0.4462254375 0.07843200000000006 0.09313700000000003
0 0.8201085 0.3478289375 0.08006499999999994 0.10784300000000002
0 0.849163 0.6405926875 0.09477100000000005 0.13235300000000005
0 0.9034606875 0.110280875 0.07026100000000002 0.08987
0 0.9350681875 0.6751490625 0.11601300000000003 0.17483700000000002
