0 0.1017578125 0.6285275036603222 0.10375 0.19418400000000002
0 0.0962890625 0.9155383440702781 0.081875 0.16697899999999996
0 0.3459765625 0.49497673060029285 0.065 0.17636099999999993
0 0.3891015625 0.1822087979502196 0.034999999999999976 0.13320800000000002
0 0.4530859375 0.5885841537335286 0.07687500000000003 0.11913699999999998
0 0.506328125 0.445784859443631 0.09937499999999999 0.18104999999999996
0 0.5293359375 0.08712002489019034 0.04625000000000001 0.115384
0 0.60890625 0.38705357101024895 0.07187500000000002 0.15196999999999997
0 0.74109375 0.3395792825768668 0.05500000000000005 0.12195099999999999
0 0.7844921875 0.03953147877013177 0.053749999999999964 0.081614
0 0.792890625 0.47004338067349927 0.05249999999999999 0.10037500000000009
0 0.924453125 0.3086664421669107 0.06687500000000002 0.14821699999999996
