0 0.0094140625 0.6766663333333334 0.018125 0.04333399999999991
0 0.0396875 0.65255175 0.015625 0.025834000000000062
0 0.1012109375 0.8010413333333334 0.0775 0.13666699999999996
0 0.0717578125 0.66421875 0.009999999999999995 0.025832999999999995
0 0.1241796875 0.6666145833333333 0.0062500000000000056 0.019167000000000007
0 0.1261328125 0.6973434166666667 0.01125000000000001 0.014999999999999977
0 0.1398828125 0.7019270833333334 0.010624999999999996 0.034999999999999996
0 0.2009765625 0.7428642499999999 0.03375 0.03916699999999995
0 0.204140625 0.6842704999999999 0.02125000000000002 0.04833400000000002
0 0.2315234375 0.7292705 0.029374999999999984 0.0483340000000001
0 0.2288671875 0.6651559166666666 0.02312499999999998 0.029167000000000016
0 0.2659375 0.6790621666666666 0.01687500000000003 0.038333999999999945
0 0.2974609375 0.7813545 0.044999999999999984 0.11000000000000003
0 0.31453125 0.6553125 0.008124999999999993 0.01750000000000007
0 0.3262890625 0.69171875 0.018125000000000002 0.025832999999999995
0 0.3470703125 0.7330208333333333 0.026875000000000038 0.027500000000000007
0 0.3966796875 0.6887496666666667 0.006250000000000033 0.020833999999999946
0 0.4107421875 0.7669795 0.021874999999999978 0.01583300000000006
0 0.458203125 0.9426565833333332 0.09937500000000005 0.11250000000000011
0 0.4999609375 0.8391149166666666 0.044999999999999984 0.06083299999999999
0 0.9212109375 0.9454163333333333 0.0462499999999999 0.10583400000000005
