0 0.026171875 0.5281245 0.028125 0.046875
0 0.1 0.539453625 0.032812999999999995 0.051562
0 0.179296875 0.5390625 0.02812500000000001 0.04843699999999995
0 0.3150390625 0.451952625 0.01874999999999999 0.020313000000000025
0 0.3474609375 0.464453625 0.014062999999999992 0.020311999999999997
0 0.382422375 0.4482421875 0.012499000000000038 0.021874999999999978
0 0.427734375 0.4541010625 0.012500000000000011 0.018751000000000018
0 0.4656245 0.4619140625 0.015625 0.01874999999999999
0 0.505859375 0.4599609375 0.012499999999999956 0.014062000000000019
0 0.5421875 0.445702625 0.015625 0.02031299999999997
0 0.649609875 0.698046375 0.028124000000000038 0.043749999999999956
0 0.64140625 0.465625 0.009375000000000022 0.03125
0 0.8833979375 0.6119140625 0.07656300000000005 0.08124999999999993
0 0.979296875 0.51953075 0.028125000000000067 0.02343799999999996
