0 0.0205078125 0.2719896470588235 0.0425 0.09039500000000006
0 0.0990625 0.3987068235294117 0.0175 0.045198000000000016
0 0.169609375 0.3302650588235294 0.012499999999999983 0.037663999999999975
0 0.215859375 0.41617382352941173 0.07499999999999998 0.09604499999999999
0 0.3237890625 0.29053700000000005 0.01874999999999999 0.05084699999999997
0 0.36640625 0.3980388823529411 0.07125000000000004 0.13182700000000003
0 0.4159375 0.2726344117647059 0.04874999999999996 0.09981200000000001
0 0.5025390625 0.25749394117647056 0.08124999999999993 0.167609
0 0.630546875 0.34130952941176473 0.05875000000000008 0.12052699999999995
0 0.7516796875 0.3620245294117647 0.06874999999999998 0.11864499999999999
