0 0.226484375 0.24516633821376277 0.07562500000000003 0.25985
0 0.275703125 0.36470570571010247 0.036250000000000004 0.061913000000000024
0 0.381875 0.3557365768667643 0.03312499999999996 0.05909899999999997
0 0.458515625 0.2924380497803807 0.11375000000000002 0.23076999999999998
0 0.5233203125 0.3616631903367496 0.026874999999999982 0.052532999999999976
0 0.61609375 0.36376770571010253 0.024375000000000036 0.06191299999999994
0 0.6286328125 0.4878222210834553 0.04249999999999998 0.07504700000000004
0 0.6606640625 0.5520250922401171 0.050000000000000044 0.07317000000000012
0 0.698828125 0.47434744802342604 0.03562500000000002 0.05722299999999998
0 0.7225 0.6660073440702782 0.06437499999999996 0.16979299999999997
0 0.7236328125 0.531570448023426 0.041874999999999996 0.05816200000000001
0 0.7745703125 0.55225260761347 0.05687500000000001 0.08255200000000008
0 0.765 0.7311731537335285 0.03312499999999996 0.11913700000000006
0 0.7822265625 0.32654231918008786 0.03500000000000003 0.05347099999999999
0 0.8162109375 0.47157760761347 0.04625000000000001 0.08442700000000006
0 0.8658203125 0.5698480922401171 0.057499999999999996 0.07317099999999993
0 0.87265625 0.7427018286969254 0.07187500000000002 0.15759900000000004
0 0.8965234375 0.35374631918008786 0.030625000000000013 0.05347099999999999
0 0.9216796875 0.49878160761347 0.038125000000000075 0.082552
0 0.9392578125 0.6277556383601757 0.07250000000000001 0.10787999999999996
0 0.9534765625 0.33949096339677887 0.03437499999999993 0.06754200000000006
0 0.9755859375 0.5491399941434846 0.04625000000000001 0.09287100000000004
