0 0.3287109375 0.31562466666666666 0.014062999999999992 0.02083400000000002
0 0.3681638125 0.39531216666666663 0.041406 0.06770900000000002
0 0.37421925 0.30937533333333334 0.008593000000000017 0.012499999999999956
0 0.428125 0.3554690833333334 0.03281200000000001 0.065625
0 0.4595700625 0.3236975833333333 0.017969000000000013 0.018750000000000006
0 0.4673830625 0.2789059166666667 0.01953100000000002 0.029167000000000016
0 0.4849609375 0.2828128333333333 0.014062999999999992 0.02708300000000004
0 0.490234375 0.3632815833333334 0.013280999999999987 0.01874999999999997
0 0.535547375 0.3208333333333333 0.04453099999999999 0.07291700000000005
0 0.6138674375 0.33515625 0.02968700000000002 0.07083300000000008
0 0.6396489375 0.32317708333333334 0.04531200000000002 0.09791699999999999
0 0.7759768125 0.3140621666666667 0.042968000000000006 0.06979199999999992
0 0.8001958125 0.3356774166666667 0.042968000000000006 0.07604100000000003
0 0.9349606875 0.3695315833333333 0.0382809999999999 0.11249999999999998
