0 0.010416666666666666 0.6396875 0.021667000000000002 0.04749999999999999
0 0.03744758333333333 0.6062890625 0.019999999999999993 0.018749999999999933
0 0.25958366666666666 0.639296875 0.023333000000000048 0.02749999999999997
0 0.2962496666666667 0.633828125 0.022500000000000037 0.03562500000000002
0 0.30020833333333335 0.6351953125 0.01166700000000002 0.025624999999999898
0 0.3209899166666667 0.6008984375 0.029165999999999952 0.02937499999999993
0 0.3868746666666667 0.6166015625 0.05249999999999999 0.034375000000000044
0 0.5487496666666666 0.6153125 0.022500000000000037 0.01749999999999996
0 0.5562496666666666 0.6156640625 0.022499999999999964 0.018749999999999933
0 0.65005175 0.6320703125 0.02499999999999991 0.02562500000000001
0 0.8160940833333333 0.896484375 0.16 0.19937499999999997
0 0.7573961666666666 0.6811328125 0.03833300000000003 0.04249999999999998
0 0.7890104166666667 0.6555859375 0.013332999999999965 0.0462499999999999
0 0.857292 0.65671875 0.03166599999999997 0.024375000000000036
