0 0.1425 0.7197395833333333 0.031875000000000014 0.051666999999999984
0 0.1895703125 0.7319788333333334 0.026249999999999996 0.058333999999999886
0 0.2101953125 0.7211458333333334 0.026249999999999996 0.05916699999999997
0 0.30015625 0.7410416666666667 0.03999999999999998 0.053333
0 0.3989453125 0.05786425 0.02562500000000001 0.04000000000000001
0 0.403125 0.715417 0.03249999999999997 0.06416600000000001
0 0.499296875 0.7083850833333334 0.028750000000000053 0.06666699999999996
0 0.598125 0.7522395833333334 0.03125 0.04999999999999997
0 0.7830859375 0.7321871666666667 0.04562500000000003 0.06833399999999996
0 0.8241015625 0.8308850833333333 0.03500000000000003 0.06666699999999996
0 0.936171875 0.83453125 0.028125000000000067 0.040000000000000036
0 0.9697265625 0.7453128333333333 0.03374999999999995 0.059165999999999976
