0 0.0409375 0.31356673645680816 0.0475 0.08630399999999998
0 0.0826953125 0.28515206149341144 0.026874999999999996 0.049719000000000006
0 0.1187890625 0.4082877979502195 0.08187499999999999 0.13227
0 0.1755859375 0.26672411713030747 0.046249999999999986 0.184803
0 0.5315624999999999 0.4071913806734993 0.08000000000000002 0.10037500000000005
0 0.597265625 0.3887980922401171 0.020625000000000004 0.07317
0 0.6833203125 0.3475921903367496 0.02562500000000001 0.05253300000000002
0 0.6948046875 0.41348570571010246 0.038124999999999964 0.06285200000000006
0 0.783671875 0.35520273060029284 0.12187499999999996 0.17823600000000003
0 0.9376171875 0.4359997057101025 0.021874999999999978 0.06378999999999994
0 0.9669140625 0.4327296749633968 0.018750000000000044 0.040337999999999936
