0 0.0133203125 0.37375033333333335 0.02625 0.10499999999999998
0 0.1110546875 0.15354199999999998 0.03875000000000001 0.09500000000000001
0 0.2151953125 0.5021875 0.08812500000000001 0.10999999999999995
0 0.442578125 0.41625033333333333 0.12937499999999996 0.22999999999999995
0 0.6496484375 0.41244825 0.06125000000000003 0.10333299999999997
0 0.7391796875 0.48692675 0.06937500000000008 0.11750000000000001
0 0.8307421875 0.376042 0.02187500000000009 0.09583299999999999
0 0.884296875 0.3940100833333333 0.05937500000000007 0.09666700000000006
0 0.9480859375 0.22078091666666666 0.045624999999999916 0.062499999999999965
0 0.9731640625 0.48161425 0.05062500000000003 0.10333399999999988
