0 0.0983203125 0.4483333333333333 0.026874999999999996 0.041666999999999975
0 0.1783984375 0.45140658333333333 0.030624999999999986 0.050000000000000044
0 0.2795703125 0.557917 0.05687500000000001 0.0625
0 0.35609375 0.64546875 0.055625000000000036 0.088333
0 0.363046875 0.4376559166666667 0.027500000000000024 0.030833999999999955
0 0.4308203125 0.45046841666666665 0.025624999999999953 0.045000000000000005
0 0.5632421875 0.44750033333333333 0.023125000000000062 0.04333299999999999
0 0.6037890625 0.5919274166666666 0.04937500000000006 0.07750000000000005
0 0.6705859375 0.4583333333333333 0.015000000000000013 0.04249999999999998
0 0.9564453125 0.4544270833333333 0.02562500000000001 0.035833000000000004
