0 0.0078125 0.7499908181818182 0.017188 0.03742199999999997
0 0.051172375 0.6816457142857142 0.012500000000000004 0.02910600000000011
0 0.1046875 0.7305049090909091 0.017187999999999995 0.018710999999999985
0 0.116796375 0.7954669220779221 0.012501000000000012 0.04573799999999998
0 0.1734375 0.351864012987013 0.015625 0.027026999999999995
0 0.2525390625 0.678268012987013 0.018750000000000017 0.027026999999999995
0 0.2906255 0.699058012987013 0.017187000000000008 0.027026999999999995
0 0.3060546875 0.9370846493506494 0.03906200000000004 0.09979199999999998
0 0.3212895625 0.8076736363636364 0.03437499999999999 0.07276499999999998
0 0.3435541875 0.5332564155844156 0.021876000000000007 0.03326399999999997
0 0.3421875 0.3510837142857143 0.015625 0.029106000000000035
0 0.3828125 0.8884927402597402 0.04843799999999998 0.08108099999999999
0 0.3876948125 0.676450909090909 0.010938000000000003 0.018711000000000134
0 0.4138671875 0.983881012987013 0.05312499999999998 0.02702699999999985
0 0.4443359375 0.6709942077922078 0.014062000000000019 0.016632000000000167
0 0.455077625 0.7304995194805194 0.020313000000000025 0.039501000000000085
0 0.522265125 0.9214786753246753 0.12968800000000003 0.15176699999999985
0 0.483202625 0.6839866103896103 0.020313000000000025 0.022869000000000066
0 0.5427729375 0.6873643116883117 0.014063000000000048 0.02494800000000003
0 0.6640625 0.663715012987013 0.017186999999999952 0.027027000000000072
0 0.720703125 0.7840243376623376 0.035937 0.0769230000000002
0 0.7095698125 0.690742012987013 0.010938000000000003 0.027026999999999995
0 0.780077625 0.8058619220779221 0.020313000000000025 0.04573799999999998
0 0.900390125 0.964640831168831 0.035937999999999914 0.06444899999999996
0 0.927733875 0.8170264415584416 0.028124999999999956 0.08523899999999993
0 0.9509760625 0.6819076103896103 0.018750999999999962 0.0207900000000001
0 0.967578125 0.9742609220779221 0.035937 0.045737999999999834
0 0.9794921875 0.8321086233766234 0.021874999999999978 0.04781699999999995
