0 0.09531275 0.5421871666666668 0.024219000000000004 0.03854199999999993
0 0.1763669375 0.5661455 0.04531300000000002 0.078125
0 0.1990231875 0.41874966666666663 0.021875000000000006 0.021875000000000016
0 0.266015375 0.57473925 0.04453099999999999 0.07083399999999991
0 0.2736333125 0.3971350833333333 0.025781 0.034375000000000044
0 0.3509768125 0.62890625 0.042968000000000006 0.10208300000000008
0 0.37265675 0.3450520833333333 0.024218000000000017 0.036457999999999956
0 0.4134760625 0.63411425 0.08046899999999996 0.13333400000000006
0 0.5013666875 0.2682295 0.06874999999999998 0.11145800000000002
0 0.703515375 0.2778649166666667 0.042968999999999924 0.06145800000000001
0 0.834765375 0.27473925 0.044532000000000016 0.03958400000000003
