0 0.2236555625 0.4430889575402636 0.06571400000000002 0.15845799999999993
0 0.4989344375 0.5802814480234261 0.030000000000000027 0.057814999999999894
0 0.501194625 0.4110060614934114 0.020000000000000018 0.04711000000000008
0 0.5521711875 0.40954193265007316 0.022856999999999905 0.044968
0 0.5549555 0.5878394172767203 0.01714299999999991 0.03426200000000005
0 0.6063835 0.5778102884333821 0.01714300000000002 0.03211999999999996
0 0.6593131875 0.5865950614934115 0.022858000000000045 0.04710899999999994
0 0.67028975 0.4159659326500732 0.02428600000000003 0.04496799999999992
0 0.7155523125 0.5908780614934114 0.025714000000000015 0.049249999999999974
0 0.716908625 0.42182244802342606 0.021428000000000003 0.05567500000000001
