0 0.053203125 0.39660070571010253 0.036875 0.06379000000000003
0 0.103046875 0.37761019033674964 0.028124999999999997 0.05065699999999998
0 0.1983203125 0.45398112298682286 0.026874999999999982 0.09380899999999993
0 0.213515625 0.3673612884333821 0.02125000000000002 0.030956999999999957
0 0.3278125 0.3436116749633968 0.015625 0.04033800000000002
0 0.612734375 0.4261626749633968 0.013124999999999942 0.040337999999999936
0 0.6687890625 0.2553787979502196 0.04999999999999993 0.13320899999999997
0 0.66234375 0.34736367496339676 0.024375000000000036 0.04033799999999998
0 0.6871484375 0.45270134992679356 0.030625000000000013 0.07879900000000004
0 0.7337890625 0.35299267496339676 0.01937500000000003 0.04033700000000001
0 0.81609375 0.3757341903367496 0.024375000000000036 0.05065700000000002
0 0.85703125 0.4307394172767203 0.008749999999999925 0.034709000000000025
0 0.9343359375 0.2852221595900439 0.015000000000000013 0.027205000000000052
0 0.9569140625 0.5440640614934115 0.018750000000000044 0.04784199999999991
