0 0.1349609375 0.56786425 0.014374999999999999 0.04083400000000004
0 0.183984375 0.5007815833333333 0.011874999999999997 0.019999999999999945
0 0.1990625 0.30932291666666667 0.015625 0.02916699999999998
0 0.2256640625 0.5765621666666666 0.018124999999999974 0.036667000000000005
0 0.257734375 0.36541666666666667 0.011874999999999969 0.022500000000000037
0 0.3262109375 0.505625 0.013749999999999984 0.03249999999999997
0 0.38015625 0.32994758333333335 0.008750000000000036 0.019167000000000007
0 0.407734375 0.553125 0.011875000000000024 0.031667000000000035
0 0.419609375 0.33124966666666666 0.012500000000000011 0.022500000000000037
0 0.4933203125 0.812083 0.026874999999999927 0.06333399999999993
0 0.532421875 0.6339065833333334 0.028749999999999942 0.05083299999999998
0 0.5846484375 0.65817675 0.02937500000000004 0.05666700000000002
0 0.6034375 0.5262496666666666 0.016875000000000084 0.021666999999999954
0 0.640234375 0.5484899166666666 0.013124999999999942 0.029166000000000025
0 0.6480078125 0.3332815833333333 0.010625000000000107 0.019166000000000055
0 0.6730078125 0.5401559166666666 0.010000000000000009 0.030834000000000028
0 0.6862109375 0.53421875 0.014375000000000027 0.025832999999999995
0 0.695859375 0.43994758333333334 0.012500000000000067 0.019167000000000007
0 0.7262109375 0.4362496666666667 0.014375000000000027 0.022499999999999964
0 0.82578125 0.7831253333333333 0.039999999999999925 0.07333300000000002
0 0.8251953125 0.6760416666666668 0.02562500000000001 0.053333
0 0.820859375 0.4960940833333334 0.01187500000000008 0.034999999999999996
0 0.9049609375 0.5543229166666667 0.015000000000000013 0.030833000000000037
0 0.9375390625 0.61786425 0.01937500000000003 0.03916699999999995
0 0.9631640625 0.66005175 0.018125000000000058 0.025833999999999985
