0 0.0264453125 0.5703128333333334 0.025625000000000002 0.05833299999999989
0 0.0481640625 0.555417 0.019374999999999996 0.06333300000000001
0 0.0883203125 0.54369825 0.026249999999999996 0.04166599999999998
0 0.1414453125 0.5141663333333334 0.02562500000000001 0.04249999999999998
0 0.302734375 0.5507291666666666 0.012500000000000011 0.038333000000000096
0 0.327109375 0.5471878333333332 0.013124999999999998 0.027500000000000153
0 0.3365625 0.523958 0.01687500000000003 0.031666999999999966
0 0.3700390625 0.4901559166666667 0.018125000000000002 0.029167000000000016
0 0.5362109375 0.43812500000000004 0.013749999999999929 0.03249999999999997
0 0.7162890625 0.52588575 0.01937500000000003 0.025832999999999995
0 0.8909375 0.5451559166666667 0.015625 0.030834000000000028
