0 0.0840625 0.8620833333333334 0.141875 0.2291669999999999
0 0.0951953125 0.5458850833333334 0.025624999999999995 0.06666699999999988
0 0.1569140625 0.5311975833333333 0.050625 0.08250000000000002
0 0.2413671875 0.42484341666666664 0.021875000000000006 0.014166999999999966
0 0.4144921875 0.44916633333333333 0.023125000000000007 0.043333999999999984
0 0.459140625 0.5239583333333333 0.05124999999999996 0.0741670000000001
0 0.5070703125 0.6231770833333333 0.05687500000000001 0.09666699999999999
0 0.55 0.3984375 0.03125 0.048333000000000036
0 0.58234375 0.3871354166666667 0.024374999999999925 0.045000000000000005
0 0.584296875 0.4903128333333333 0.028124999999999956 0.058333000000000045
0 0.63 0.4696875 0.0625 0.1100000000000001
0 0.6405859375 0.35255175 0.014374999999999916 0.025833999999999985
0 0.700703125 0.6759899166666666 0.09812500000000002 0.1550000000000001
0 0.7020703125 0.43213541666666666 0.02562500000000001 0.046667000000000014
0 0.8494140625 0.49140591666666666 0.08125000000000004 0.09166699999999994
0 0.8812890625 0.42692708333333335 0.01937499999999992 0.03416699999999998
0 0.9386328125 0.323958 0.010000000000000009 0.03249999999999997
0 0.9648046875 0.39307258333333334 0.03874999999999995 0.04999999999999997
