0 0.07203124999999999 0.35097233333333333 0.039375 0.10444399999999998
0 0.08984375 0.11590244444444443 0.024374999999999994 0.04777799999999999
0 0.144140625 0.32763933333333334 0.05250000000000002 0.10555499999999994
0 0.2771484375 0.3386111111111111 0.029374999999999984 0.09777800000000002
0 0.3337109375 0.5402782222222222 0.04624999999999996 0.07111100000000005
0 0.3697265625 0.3077777777777778 0.03375 0.055555999999999967
0 0.4040234375 0.5126384444444444 0.029374999999999984 0.07888900000000001
0 0.4440234375 0.9490969999999999 0.06124999999999997 0.09666700000000006
0 0.4525 0.4769442222222222 0.03312499999999996 0.0699999999999999
0 0.4605859375 0.08479144444444445 0.04500000000000004 0.047778
0 0.535625 0.5955553333333332 0.06437499999999996 0.16888900000000007
0 0.5921484375 0.5099305555555556 0.030625000000000013 0.08111100000000003
0 0.7030078125 0.3863891111111111 0.04249999999999998 0.09777799999999998
0 0.809140625 0.39999955555555555 0.05125000000000002 0.11333400000000005
0 0.86171875 0.8109721111111111 0.08625000000000005 0.16000000000000003
0 0.9563671875 0.4244445555555556 0.053749999999999964 0.11222199999999995
