0 0.1686207906976744 0.8437109375 0.053072999999999995 0.04625000000000001
0 0.18921876744186047 0.5332421875 0.05865900000000001 0.05437500000000006
0 0.23618227906976744 0.390390625 0.05586600000000001 0.05125000000000002
0 0.28046676744186044 0.538125 0.05865900000000001 0.06312499999999999
0 0.36519676744186047 0.4070703125 0.06052099999999998 0.05812500000000004
0 0.3583378372093023 0.549140625 0.040968000000000025 0.05124999999999991
0 0.3582238604651163 0.8330078125 0.03538200000000004 0.04125000000000001
0 0.5358369069767442 0.65671875 0.023276999999999968 0.023749999999999938
0 0.5416508604651163 0.70125 0.03631200000000003 0.03249999999999997
0 0.5753514186046512 0.6695703125 0.02048399999999989 0.02562500000000001
0 0.6122323023255813 0.8180078125 0.05121100000000005 0.04249999999999998
0 0.6180008604651163 0.6970703125 0.03631300000000007 0.026875000000000093
0 0.6340568139534883 0.3818359375 0.047485999999999993 0.04562500000000003
0 0.6593097906976745 0.4713671875 0.05400399999999996 0.02250000000000002
0 0.6574013953488372 0.6983203125 0.027932999999999965 0.02562500000000001
0 0.7043649069767443 0.6882421875 0.02513999999999997 0.021874999999999978
0 0.7472423023255813 0.4417578125 0.051210000000000096 0.04125000000000001
0 0.7632518604651162 0.664453125 0.03538200000000012 0.03562500000000002
0 0.8514789069767442 0.4355859375 0.025139999999999888 0.04562499999999997
