0 0.0205078125 0.9636775768667643 0.04125 0.06091900000000012
0 0.0165234375 0.46602157686676426 0.029375 0.06091800000000006
0 0.0432421875 0.5374820922401171 0.05374999999999999 0.07029100000000002
0 0.050234375 0.3117313499267936 0.043125 0.07872599999999996
0 0.0581640625 0.9243717364568083 0.05 0.08528599999999992
0 0.058984375 0.7337689633967789 0.043750000000000004 0.06935299999999996
0 0.0612109375 0.8567764787701317 0.045000000000000005 0.08059900000000003
0 0.1116015625 0.6553927364568081 0.035 0.08716100000000006
0 0.114921875 0.4818373191800879 0.028749999999999998 0.05435799999999998
0 0.146328125 0.8767510922401172 0.03562499999999999 0.07122799999999986
0 0.147578125 0.25356919033674963 0.03687499999999999 0.052483
0 0.1848828125 0.5614392210834553 0.04250000000000001 0.07497700000000002
0 0.202734375 0.7234589633967788 0.043125 0.06747900000000012
0 0.225234375 0.3189958345534407 0.04375000000000001 0.06560499999999998
0 0.25687499999999996 0.7402087672035139 0.06312500000000001 0.10965300000000004
0 0.2471484375 0.21478947877013177 0.029375000000000012 0.08059999999999996
0 0.2555078125 0.07192360761346998 0.041874999999999996 0.08247399999999999
0 0.26187499999999997 0.4372010922401171 0.03312499999999999 0.07122800000000003
0 0.2633984375 0.6048448345534406 0.029375000000000012 0.06560399999999997
0 0.2961328125 0.5443928653001464 0.04249999999999998 0.08809700000000001
0 0.325703125 0.7525129633967788 0.03562500000000002 0.06935299999999996
0 0.3515625 0.9392504787701319 0.048750000000000016 0.0806
0 0.4708203125 0.7563742825768667 0.057499999999999996 0.1227740000000001
0 0.525390625 0.7995463806734994 0.05125000000000002 0.1021549999999999
0 0.5875 0.9639110922401171 0.06312499999999999 0.0702910000000001
0 0.747265625 0.8659711229868229 0.05124999999999991 0.09559499999999999
0 0.8328515625 0.23886286530014642 0.03499999999999992 0.08997200000000004
0 0.8384765625 0.11480209224011713 0.03437499999999993 0.07216499999999999
0 0.86828125 0.6890765768667643 0.03937500000000005 0.06091800000000006
0 0.879140625 0.9620370922401171 0.05249999999999999 0.0721650000000001
0 0.9273046875 0.7236924787701318 0.038125000000000075 0.0806
0 0.955 0.1709178345534407 0.03312500000000007 0.065604
0 0.9734375 0.970122319180088 0.048125000000000084 0.05529499999999998
0 0.983125 0.6527590922401171 0.03187499999999999 0.07216399999999998
