0 0.1783984375 0.4119795 0.249375 0.3925
0 0.3340234375 0.2502086666666667 0.030624999999999958 0.053333
0 0.3951953125 0.2764065833333333 0.02562500000000001 0.050000000000000044
0 0.4632421875 0.26317675 0.023125000000000007 0.05666699999999999
0 0.6905078125 0.5492184166666667 0.291875 0.48416699999999996
0 0.561875 0.19604166666666667 0.03125 0.054167
0 0.59421875 0.18734375 0.025000000000000022 0.05666700000000002
0 0.6685546875 0.1288541666666667 0.03874999999999995 0.06833299999999999
0 0.779609375 0.12562533333333334 0.04437499999999994 0.07416600000000001
0 0.866484375 0.1513545 0.04375000000000007 0.11166599999999999
0 0.94703125 0.47036425 0.10312500000000002 0.41500000000000004
0 0.9561328125 0.09515658333333332 0.073125 0.1125
