0 0.0587890625 0.3046871666666667 0.05 0.06979200000000003
0 0.1029299375 0.37187533333333334 0.045312000000000005 0.07395799999999997
0 0.1564448125 0.3567711666666667 0.042188 0.06979099999999998
0 0.201952875 0.3385413333333333 0.027344000000000007 0.04166700000000001
0 0.2357424375 0.3828125 0.029686999999999963 0.078125
0 0.287890125 0.3463538333333333 0.036719 0.05937499999999999
0 0.3646486875 0.34192675 0.03749999999999998 0.055209000000000064
0 0.4232419375 0.39374966666666666 0.04531299999999999 0.08333400000000002
0 0.471875 0.3281246666666667 0.03125 0.052084000000000054
0 0.548046875 0.3033850833333333 0.028905999999999987 0.065625
0 0.574609125 0.37968783333333334 0.035937999999999914 0.05833299999999997
0 0.6556645625 0.36901075 0.035155999999999965 0.05624999999999999
0 0.7142578125 0.41223925 0.041406000000000054 0.07083400000000006
0 0.7615236875 0.2973961666666667 0.03749999999999998 0.06979099999999998
0 0.8728518125 0.3593753333333334 0.042968000000000006 0.075
0 0.93203125 0.296875 0.03906300000000007 0.0625
