0 0.3203125 0.6452604166666668 0.048750000000000016 0.07749999999999997
0 0.34328125 0.3964065833333334 0.040000000000000036 0.05166599999999999
0 0.3997265625 0.6361458333333334 0.03500000000000003 0.05749999999999996
0 0.4203515625 0.44401075000000007 0.03375 0.05666599999999996
0 0.4953515625 0.6467705 0.03374999999999995 0.04833399999999995
0 0.5073828125 0.44828091666666664 0.04250000000000004 0.05999999999999998
0 0.5699609375 0.6282295 0.04500000000000004 0.07916599999999992
0 0.578125 0.43734375 0.03249999999999997 0.05666700000000002
0 0.651640625 0.6636975833333333 0.05125000000000002 0.080834
0 0.6622265625 0.4811975833333333 0.06562500000000004 0.08250000000000009
0 0.7320703125 0.6495315833333334 0.05687500000000001 0.08333300000000003
0 0.852109375 0.44958366666666666 0.23125000000000007 0.39750000000000013
