0 0.0796875 0.22353519354838713 0.109375 0.19483500000000004
0 0.1478515625 0.11792837243401759 0.03437499999999999 0.10093900000000001
0 0.26640625 0.12849526979472142 0.04062499999999997 0.08920199999999999
0 0.39453125 0.303037431085044 0.13437500000000002 0.251173
0 0.484375 0.07773978885630498 0.03281199999999995 0.063381
0 0.6265625 0.2337913284457478 0.11093799999999998 0.23943699999999998
0 0.7693354375 0.15722843695014663 0.06093800000000005 0.166667
0 0.8337885625 0.14902312903225806 0.06562599999999996 0.129108
0 0.9374995 0.11030082111436951 0.04843799999999998 0.09624399999999998
0 0.9755859375 0.13466334017595308 0.04531300000000005 0.068075
