0 0.0396875 0.7897028653001463 0.0475 0.0881800000000001
0 0.07859374999999999 0.5384091229868229 0.05625 0.09568500000000005
0 0.2816015625 0.4499574480234261 0.03437499999999999 0.056285
0 0.287890625 0.37216654612005856 0.02124999999999999 0.03658499999999998
0 0.3433203125 0.35111667496339677 0.02562500000000001 0.04033699999999997
0 0.36921875 0.3303644172767204 0.024375000000000036 0.03470899999999998
0 0.4257421875 0.332880803806735 0.021875000000000033 0.042213999999999974
0 0.4527734375 0.8168627057101026 0.030625000000000013 0.06285199999999998
0 0.46484375 0.3527641595900439 0.02437499999999998 0.029080999999999965
0 0.5145703125 0.3878860307467057 0.02562500000000001 0.025328000000000045
0 0.5825390625 0.3650734172767204 0.01937500000000003 0.032832999999999994
0 0.593671875 0.41941231918008787 0.028125000000000067 0.054408999999999964
0 0.6641796875 0.3973543499267935 0.038124999999999964 0.078799
0 0.6940234375 0.5107932518301611 0.06125000000000003 0.09849899999999998
0 0.7711328125 0.5996126383601756 0.04249999999999998 0.10600400000000008
0 0.8182421875 0.40984796339677887 0.053749999999999964 0.06941800000000005
0 0.8371484375 0.36346909224011714 0.02937500000000004 0.07129499999999998
0 0.973515625 0.46313460761347003 0.05125000000000002 0.08255099999999994
