0 0.0684765625 0.4164139633967789 0.034374999999999996 0.06754200000000002
0 0.09703125 0.5407680922401171 0.040624999999999994 0.07316999999999996
0 0.2275 0.3298996691068814 0.06437499999999999 0.13039400000000004
0 0.32375 0.5782651537335286 0.0625 0.11726099999999993
0 0.4478515625 0.2653118653001464 0.065 0.08818000000000002
0 0.465546875 0.44217205563689604 0.05874999999999997 0.1378989999999999
0 0.5796875 0.2732728960468521 0.04874999999999996 0.11350799999999998
0 0.632109375 0.4475725402635432 0.07437500000000008 0.12664199999999992
0 0.73109375 0.34683754612005857 0.024375000000000036 0.036585999999999994
0 0.7714453125 0.4059817057101025 0.026874999999999982 0.062851
0 0.8212890625 0.3358791595900439 0.018124999999999947 0.027204
0 0.91953125 0.22287034992679355 0.07062499999999994 0.076923
0 0.9258203125 0.62917560761347 0.057499999999999996 0.082552
