0 0.1803543125 0.3636347924944812 0.150793 0.235426
0 0.148282125 0.17678405518763798 0.06746100000000001 0.044843
0 0.354384125 0.16853736865342164 0.09920600000000002 0.09641299999999998
0 0.551060125 0.12038311037527594 0.06745999999999996 0.08968600000000002
0 0.5600045625 0.2468743907284768 0.06547599999999998 0.11435000000000001
0 0.6019185625 0.08675111037527594 0.033731000000000066 0.089686
0 0.6138235625 0.08340535761589403 0.03372999999999993 0.08744400000000001
0 0.65221925 0.10775690728476821 0.07142899999999996 0.12780299999999997
0 0.6903370625 0.3573237262693157 0.142857 0.181614
0 0.836402625 0.414897412803532 0.11507900000000004 0.13228700000000004
0 0.8336283125 0.12145236865342164 0.08928499999999995 0.09641299999999998
0 0.935764 0.3651889735099338 0.09523799999999993 0.17937199999999998
0 0.9430650625 0.1775408631346578 0.04960299999999995 0.09192800000000001
0 0.9849173125 0.23721757174392938 0.025793999999999984 0.05829599999999998
