0 0.099765625 0.4860940833333333 0.020625000000000004 0.034166000000000064
0 0.2723046875 0.5366149166666666 0.03750000000000003 0.06000000000000005
0 0.3516015625 0.5183850833333333 0.03375 0.06583399999999995
0 0.4228515625 0.51953125 0.034999999999999976 0.040832999999999973
0 0.4521484375 0.4738024166666666 0.029374999999999984 0.04666600000000002
0 0.50875 0.5416663333333332 0.03187500000000004 0.04416699999999999
0 0.5708984375 0.4900003333333333 0.030625000000000013 0.04416600000000007
0 0.5777734375 0.4817190833333333 0.030625000000000013 0.06750000000000005
0 0.7269921875 0.49755175 0.021874999999999978 0.025833999999999913
0 0.8573828125 0.4864065833333333 0.04125000000000001 0.04999999999999997
0 0.8475390625 0.4847395833333334 0.01937500000000003 0.05166699999999991
