0 0.03573175 0.7355740263929619 0.055918 0.118881
0 0.133895875 0.3728403079178885 0.02795900000000001 0.03776200000000003
0 0.2011305625 0.8336788533724341 0.034483000000000014 0.12867200000000006
0 0.212934625 0.4471008592375366 0.02050300000000002 0.04195800000000003
0 0.27546575 0.4220614105571847 0.02516299999999999 0.048951000000000036
0 0.333335875 0.4221296862170088 0.028891 0.05034899999999996
0 0.3601003125 0.7476198211143694 0.056849999999999956 0.09510500000000006
0 0.417966625 0.40401496187683283 0.020504000000000022 0.054546000000000025
0 0.50895175 0.38653250733137834 0.08760499999999999 0.14405599999999996
0 0.6981853125 0.2794272903225806 0.08853699999999998 0.292307
0 0.6937840625 0.4650800322580645 0.01863999999999999 0.034965000000000024
0 0.91737175 0.40024840469208217 0.05498599999999998 0.134265
0 0.956206625 0.4611552258064517 0.08387699999999998 0.22797199999999995
