0 0.543828125 0.23265591666666666 0.910625 0.2808340000000001
0 0.142265625 0.30421875 0.020625000000000004 0.024166999999999977
0 0.2119921875 0.33635383333333335 0.02312499999999998 0.027500000000000042
0 0.2178125 0.10682291666666666 0.015625 0.03000000000000001
0 0.3294921875 0.19088575 0.023125000000000007 0.025832999999999995
0 0.370859375 0.1469795 0.011875000000000024 0.017499999999999998
0 0.600859375 0.12671875000000002 0.013125000000000053 0.025833000000000012
0 0.6364453125 0.2917705 0.02562500000000001 0.04833399999999995
0 0.6574609375 0.17708366666666667 0.014375000000000027 0.022500000000000003
0 0.6994140625 0.1803125 0.018124999999999947 0.016667000000000026
0 0.9596875 0.267292 0.016249999999999987 0.03250000000000001
0 0.984921875 0.26369824999999997 0.028125000000000067 0.041666000000000016
