0 0.037109375 0.2510948467153285 0.074219 0.14598499999999995
0 0.06738268750000001 0.19854020437956207 0.03711 0.07737200000000002
0 0.198242625 0.23795647445255477 0.020506999999999997 0.09197099999999996
0 0.2255863125 0.1810214525547445 0.058593000000000006 0.11240900000000004
0 0.320312375 0.2817519270072993 0.10644500000000001 0.20292000000000002
0 0.3779300625 0.3678832846715328 0.08203100000000002 0.13722600000000004
0 0.423828375 0.2102192408759124 0.07421900000000003 0.17810199999999998
0 0.4863285625 0.2613142408759124 0.06640599999999997 0.178102
0 0.546875 0.5474456131386861 0.125 0.22919699999999996
0 0.5888675 0.35036461313868617 0.11132799999999998 0.22919699999999998
0 0.6894535 0.18540165693430657 0.07910099999999998 0.18832099999999996
0 0.82128925 0.32992663503649633 0.10253900000000005 0.2073
0 0.9404294375 0.31532895620437956 0.029297000000000017 0.04379499999999999
0 0.9599605 0.36058364233576645 0.046875 0.06861300000000002
