0 0.060390625 0.37999099999999997 0.02062499999999999 0.05178899999999996
0 0.081171875 0.5960228235294118 0.028124999999999997 0.09510399999999994
0 0.1178125 0.3018998823529412 0.01625 0.031073000000000035
0 0.1412890625 0.3617504705882353 0.019375000000000003 0.03389900000000005
0 0.1725 0.6281539999999999 0.03125 0.10169500000000009
0 0.1707421875 0.4416084117647059 0.022499999999999992 0.04802300000000001
0 0.1803125 0.3768164705882353 0.016875 0.03483999999999997
0 0.2063671875 0.40035747058823534 0.021875000000000006 0.033897999999999984
0 0.246328125 0.471792705882353 0.036250000000000004 0.07532999999999992
0 0.2524609375 0.6381634705882353 0.04500000000000001 0.08286199999999999
0 0.2425390625 0.3403258235294118 0.019374999999999976 0.04425699999999997
0 0.25234375 0.4206600588235294 0.024375000000000008 0.036723000000000054
0 0.2921484375 0.3917024117647058 0.029374999999999984 0.04990600000000005
0 0.2928125 0.3056658823529412 0.015625 0.031073999999999977
0 0.354140625 0.5057545882352941 0.020625000000000004 0.054613999999999996
0 0.376015625 0.3917024117647058 0.02124999999999999 0.04990600000000005
0 0.4062109375 0.3081946470588235 0.015000000000000013 0.04049000000000003
0 0.450390625 0.729436588235294 0.05125000000000002 0.10452
0 0.4362890625 0.3220224117647059 0.01937500000000003 0.04708099999999998
0 0.44671875 0.35768823529411764 0.02437499999999998 0.04237300000000003
0 0.476953125 0.42542135294117644 0.036250000000000004 0.06403000000000005
0 0.515390625 0.7271934705882352 0.05125000000000002 0.1346519999999999
0 0.5088671874999999 0.3365598235294117 0.021875000000000033 0.04613900000000007
0 0.5405078125 0.5486455882352941 0.041874999999999996 0.103578
0 0.555625 0.45337311764705884 0.03125 0.07156300000000003
0 0.556171875 0.30778223529411763 0.02749999999999997 0.04237299999999999
0 0.576640625 0.3704578235294118 0.020625000000000004 0.046139999999999966
0 0.60171875 0.31549529411764704 0.024375000000000036 0.02730700000000004
0 0.6344921875 0.469497294117647 0.02312499999999995 0.079096
0 0.659140625 0.5411125882352942 0.05125000000000002 0.1054619999999999
0 0.6878515625 0.8893848235294118 0.09624999999999995 0.14689199999999988
0 0.6894921875 0.3199070588235294 0.023125000000000062 0.03672300000000001
0 0.7033984375 0.37357905882352943 0.02937500000000004 0.03672299999999997
0 0.7747265625 0.3918718823529411 0.03437499999999993 0.080979
0 0.7788671875 0.2998368235294118 0.02187500000000009 0.046138999999999986
0 0.8564453125 0.30925282352941175 0.02562500000000001 0.04425600000000003
0 0.864375 0.3557413529411765 0.03125 0.06214700000000001
0 0.8943359375 0.4340648235294118 0.04625000000000001 0.09416199999999995
0 0.9449609375 0.861347 0.10812500000000003 0.252354
0 0.9768359375 0.5973666470588235 0.04500000000000004 0.13841800000000007
0 0.97640625 0.4091171176470589 0.03937499999999994 0.07250499999999997
0 0.9876171875 0.34280229411764707 0.021874999999999978 0.02730700000000004
0 0.9936328125 0.46215494117647055 0.010624999999999996 0.016949000000000033
