0 0.295 0.8635420000000001 0.06437500000000002 0.0949999999999999
0 0.3646484375 0.53796875 0.06125000000000003 0.08750000000000006
0 0.432578125 0.81578125 0.06687500000000002 0.10333300000000012
0 0.452890625 0.6595315833333334 0.051875000000000004 0.08250000000000002
0 0.4561328125 0.4665625 0.04250000000000004 0.07916699999999999
0 0.5263671875 0.4842190833333333 0.05437499999999995 0.06583299999999996
0 0.586015625 0.6830729166666666 0.051875000000000004 0.0916670000000001
0 0.6084375 0.4180729166666666 0.046875 0.09166700000000001
0 0.680703125 0.7630205 0.06812499999999999 0.11166700000000003
0 0.691796875 0.4799996666666666 0.05937500000000007 0.08416700000000003
