0 0.018098625 0.1896412884333821 0.020834 0.03125000000000002
0 0.097004875 0.22573544802342607 0.029167 0.05624999999999998
0 0.311501625 0.14206625183016106 0.05138900000000002 0.09791699999999999
0 0.340147125 0.5163375710102488 0.06666700000000003 0.15000000000000008
0 0.5011500625 0.4961234421669107 0.08055600000000002 0.14791600000000002
0 0.5798828125 0.11402241727672036 0.011111000000000093 0.03333299999999999
0 0.67751725 0.10799780380673497 0.008333000000000035 0.043750000000000004
0 0.9332685625 0.30574670571010254 0.033332999999999946 0.0625
0 0.95251725 0.207997803806735 0.008333000000000035 0.041667
0 0.9854388125 0.20129603074670568 0.011110999999999982 0.025000000000000026
