0 0.0988671875 0.57328125 0.05437499999999999 0.10333299999999997
0 0.1792578125 0.5264065833333333 0.041874999999999996 0.05166599999999999
0 0.218203125 0.651667 0.06812499999999999 0.12750000000000003
0 0.37125 0.5942711666666667 0.09562499999999996 0.13249999999999998
0 0.3625390625 0.4238538333333333 0.018125000000000002 0.02749999999999993
0 0.51546875 0.4531767500000001 0.024374999999999925 0.05499999999999994
0 0.5656640625 0.46453125 0.018124999999999947 0.04083300000000004
0 0.6490234375 0.40875 0.02937499999999993 0.0625
0 0.7828515625 0.8061979166666666 0.12812500000000004 0.24833300000000014
0 0.7558984375 0.4238024166666667 0.030000000000000027 0.04666600000000002
0 0.7842578125 0.5140100833333333 0.04125000000000001 0.09749999999999992
