0 0.02734375 0.45081663250366033 0.05625 0.19887499999999997
0 0.0390625 0.23364538067349924 0.078125 0.10037499999999999
0 0.18550781249999998 0.6603878477306002 0.19875000000000004 0.36304000000000003
0 0.1214453125 0.1625347364568082 0.058124999999999996 0.08536600000000001
0 0.2698046875 0.23368954026354322 0.06937499999999999 0.12851800000000002
0 0.3675390625 0.18580338067349927 0.04999999999999999 0.10131299999999997
0 0.4185546875 0.28443385944363103 0.09999999999999998 0.18105099999999996
0 0.5082421875 0.48531633821376274 0.116875 0.25984999999999997
0 0.4838671875 0.14205515373352853 0.053749999999999964 0.11913699999999999
0 0.5632421875 0.24952228257686676 0.08437499999999998 0.12289000000000001
0 0.6376953125 0.16445489604685212 0.05812499999999998 0.11163200000000001
0 0.6849609375 0.2934461478770132 0.10812500000000003 0.20825600000000002
0 0.756796875 0.5614510380673499 0.18437499999999996 0.41181999999999996
0 0.731484375 0.1212327979502196 0.07437500000000008 0.13227000000000003
0 0.91921875 0.2175140248901903 0.08687500000000004 0.11538400000000004
0 0.9527734375 0.4247262708638361 0.09250000000000003 0.30393999999999993
0 0.9605859375 0.0747406691068814 0.07687500000000003 0.12945600000000002
