0 0.143984375 0.6256246666666666 0.07500000000000001 0.11666700000000008
0 0.2840625 0.5828645833333334 0.04749999999999999 0.080833
0 0.3053515625 0.5263541666666667 0.034999999999999976 0.06916700000000005
0 0.3423046875 0.4884375 0.03750000000000003 0.048333000000000036
0 0.37421875 0.4854684166666667 0.024375000000000036 0.046667000000000014
0 0.3946875 0.46536425 0.016874999999999973 0.040000000000000036
0 0.519921875 0.44656216666666665 0.028125000000000067 0.036667000000000005
0 0.5527734375 0.45010449999999996 0.030000000000000027 0.04833299999999996
0 0.5788671875 0.47057258333333335 0.021874999999999978 0.050000000000000044
0 0.6141015625 0.4765107499999999 0.03374999999999995 0.05666600000000003
0 0.648828125 0.4921871666666666 0.036250000000000004 0.06833400000000005
0 0.7479296875 0.575833 0.06874999999999998 0.12749999999999995
0 0.875625 0.62953125 0.09562499999999996 0.16500000000000004
