0 0.090703125 0.5341309941434846 0.036250000000000004 0.09099399999999995
0 0.157890625 0.5595031537335285 0.05249999999999999 0.11913700000000006
0 0.1465625 0.47959051537335284 0.015625 0.013133000000000053
0 0.1965625 0.47899428843338215 0.016875 0.031895000000000014
0 0.2256640625 0.47899428843338215 0.018124999999999974 0.03001800000000001
0 0.2615625 0.49047880380673503 0.015625 0.042213999999999974
0 0.3001953125 0.4940474480234261 0.02562500000000001 0.05722299999999998
0 0.2960546875 0.44687077306002926 0.0068749999999999645 0.01782399999999999
0 0.3173828125 0.4563660307467058 0.010624999999999996 0.02626599999999994
0 0.3473046875 0.4571897730600292 0.00687500000000002 0.018762000000000046
0 0.3569921875 0.5199015768667643 0.023125000000000007 0.06003799999999996
0 0.40671875 0.5669198345534407 0.02437499999999998 0.06566599999999999
0 0.4104296875 0.4458185153733529 0.006250000000000033 0.012195999999999966
0 0.4349609375 0.49899190190336745 0.01375000000000004 0.02251399999999995
0 0.479453125 0.5855416383601757 0.03562500000000002 0.106004
0 0.4858203125 0.4703669326500732 0.02562500000000001 0.04596600000000004
0 0.5490625 0.48443893265007326 0.01749999999999996 0.04408999999999993
0 0.5698828125 0.4709631595900439 0.011250000000000093 0.029081000000000006
0 0.6055859375 0.5146854480234261 0.015000000000000013 0.058160999999999956
0 0.61890625 0.47389141727672035 0.008750000000000036 0.034709000000000025
0 0.660859375 0.47512803074670573 0.012499999999999956 0.02532799999999996
0 0.6693359375 0.3869480307467057 0.015000000000000013 0.026266000000000022
0 0.7261328125 0.5159210614934114 0.010625000000000107 0.04971899999999992
0 0.763359375 0.49370567496339673 0.012500000000000067 0.04033700000000014
0 0.775859375 0.46515080380673507 0.013124999999999942 0.042213999999999974
0 0.9505078125 0.47617928843338214 0.009999999999999898 0.03095700000000004
