0 0.00390625 0.05880241666666666 0.009375 0.04666600000000001
0 0.031992187500000005 0.03239616666666667 0.023124999999999996 0.038333
0 0.0484765625 0.31171908333333337 0.034375 0.06583299999999996
0 0.0569140625 0.010416666666666666 0.018125000000000002 0.023333000000000003
0 0.08875 0.24666633333333335 0.031875 0.041666999999999975
0 0.0988671875 0.08536424999999999 0.023125000000000007 0.03999999999999999
0 0.117421875 0.42234375 0.02875000000000001 0.05666699999999995
0 0.1226171875 0.19296841666666667 0.021875000000000006 0.04666699999999998
0 0.1251171875 0.047760083333333335 0.021875000000000006 0.034167
0 0.1383203125 0.11713541666666667 0.026250000000000023 0.045000000000000005
0 0.146015625 0.019427083333333334 0.020624999999999977 0.035833
0 0.154375 0.3511458333333333 0.03125 0.05833299999999997
0 0.1830859375 0.5447913333333334 0.045625 0.07416699999999994
0 0.1869921875 0.10036425 0.021875000000000006 0.03916699999999999
0 0.1912890625 0.04932291666666667 0.019375000000000003 0.030833
0 0.2214453125 0.20880241666666666 0.02562500000000001 0.045000000000000005
0 0.2353515625 0.43625 0.03375 0.0625
0 0.2287890625 0.02682291666666667 0.019375000000000003 0.030833
0 0.2326953125 0.1342705 0.02687500000000001 0.04833400000000001
0 0.2568359375 0.016249666666666666 0.015000000000000013 0.020834000000000002
0 0.2682421875 0.09072916666666665 0.021874999999999978 0.036667000000000005
0 0.2753515625 0.3405725833333333 0.03375 0.050000000000000044
0 0.2794140625 0.0286455 0.018125000000000002 0.017499999999999998
0 0.2869140625 0.060989916666666665 0.019374999999999976 0.03000000000000001
0 0.3026953125 0.26880241666666665 0.026875000000000038 0.046665999999999985
0 0.3169140625 0.006510416666666667 0.01937500000000003 0.014167
0 0.3313671875 0.163958 0.021875000000000033 0.03166700000000002
0 0.3508984375 0.57265625 0.030000000000000027 0.07083300000000008
0 0.354296875 0.6936975833333334 0.02812500000000001 0.08083399999999985
0 0.364140625 0.10859408333333333 0.020625000000000004 0.03500000000000001
0 0.37234375 0.06953125 0.02375000000000005 0.03916699999999999
0 0.380078125 0.4273437500000001 0.036250000000000004 0.05499999999999994
0 0.3803125 0.01755175 0.01687500000000003 0.025834
0 0.3832421875 0.22869825 0.023125000000000007 0.04083300000000001
0 0.3921484375 0.329583 0.02999999999999997 0.06416699999999993
0 0.3990234375 0.2671354166666667 0.029374999999999984 0.046667000000000014
0 0.4037109375 0.006510416666666667 0.014375000000000027 0.014167
0 0.40859375 0.21619825 0.02375000000000005 0.04166599999999998
0 0.4237890625 0.1658333333333333 0.01937500000000003 0.04166700000000001
0 0.428515625 0.07098991666666667 0.020625000000000004 0.030832999999999982
0 0.4287890625 0.11942708333333334 0.01937500000000003 0.035833000000000004
0 0.4369140625 0.01921875 0.018125000000000002 0.025833000000000005
0 0.479765625 0.95463575 0.05125000000000002 0.08750000000000006
0 0.4770703125 0.34020866666666666 0.026875000000000038 0.05333300000000004
0 0.4987890625 0.6890625 0.04937500000000006 0.07916699999999999
0 0.486640625 0.05442708333333333 0.020625000000000004 0.034167
0 0.4978515625 0.44317674999999995 0.03375 0.055000000000000014
0 0.497421875 0.27963541666666664 0.028124999999999956 0.04583300000000001
0 0.4994921875 0.17406216666666666 0.021874999999999978 0.03750000000000001
0 0.495859375 0.029583666666666664 0.013125000000000053 0.022500000000000003
0 0.5053125 0.09526008333333334 0.01687500000000003 0.034167
0 0.559140625 0.10286425 0.020625000000000004 0.03916699999999999
0 0.561640625 0.05776008333333333 0.020625000000000004 0.035
0 0.574765625 0.14135383333333332 0.020625000000000004 0.027500000000000007
0 0.5898046875 0.4221871666666666 0.03749999999999998 0.06833400000000005
0 0.579609375 0.009114583333333334 0.013125000000000053 0.018333
0 0.59109375 0.22083333333333335 0.024375000000000036 0.043332999999999955
0 0.5874609375 0.17536425 0.015000000000000013 0.03916699999999999
0 0.6064453125 0.2876045 0.026874999999999982 0.048333000000000036
0 0.6151953125 0.35317675 0.026874999999999982 0.05666700000000002
0 0.626328125 0.5199479166666666 0.036250000000000004 0.06166699999999999
0 0.642109375 0.6749479166666666 0.04312499999999997 0.05999999999999991
0 0.6309375 0.10802083333333334 0.015625 0.027499999999999986
0 0.6349609375 0.009114583333333334 0.014374999999999916 0.018333
0 0.6438671875 0.138125 0.022499999999999964 0.033333
0 0.6455859375 0.02921875 0.013749999999999929 0.025833
0 0.6594921875 0.18109408333333335 0.021874999999999978 0.035833000000000025
0 0.664140625 0.2383333333333333 0.020625000000000004 0.04166700000000001
0 0.680546875 0.2863024166666666 0.028750000000000053 0.04666600000000006
0 0.6876953125 0.35286424999999993 0.026874999999999982 0.04083400000000007
0 0.6836328125 0.021249666666666667 0.010000000000000009 0.020834000000000002
0 0.7106640625 0.05635383333333333 0.018124999999999947 0.027499999999999997
0 0.723359375 0.026614583333333334 0.012499999999999956 0.019166999999999993
0 0.7341015625 0.4353128333333333 0.03374999999999995 0.05750000000000003
0 0.7340625 0.19166633333333336 0.016875000000000084 0.041666999999999975
0 0.73984375 0.245625 0.024374999999999925 0.03250000000000001
0 0.74625 0.5583333333333332 0.03312500000000007 0.043333000000000066
0 0.7558203125 0.2876045 0.026249999999999996 0.048333000000000036
0 0.7678125 0.060885749999999995 0.015625 0.025832999999999995
0 0.7765625 0.09171875 0.016874999999999973 0.025832999999999995
0 0.7918359375 0.68348925 0.04499999999999993 0.07249999999999994
0 0.7876171875 0.36807258333333337 0.023125000000000062 0.051666999999999984
0 0.791640625 0.19432291666666668 0.020625000000000004 0.02916699999999998
0 0.8094921875 0.23906216666666666 0.02187500000000009 0.038334000000000014
0 0.8199609375 0.07255175 0.01375000000000004 0.025833999999999996
0 0.8297265625 0.4505725833333334 0.03375000000000006 0.05166699999999991
0 0.8375390625 0.8767708333333334 0.05062500000000003 0.08916699999999993
0 0.8271875 0.11151041666666667 0.015625 0.014999999999999994
0 0.8591015625 0.55151075 0.03374999999999995 0.05666599999999996
0 0.8537109375 0.11062500000000001 0.014999999999999902 0.031667
0 0.8687109375 0.07828158333333333 0.014375000000000027 0.020833
0 0.8769921875 0.36640658333333337 0.023125000000000062 0.05166599999999999
0 0.8985546875 0.4394788333333333 0.03874999999999995 0.05833399999999996
0 0.8959375 0.10541666666666667 0.015625 0.022499999999999982
0 0.9098828125 0.6942190833333334 0.04125000000000001 0.06750000000000005
0 0.9071875 0.13052083333333334 0.015625 0.027499999999999986
0 0.9265625 0.11885383333333333 0.016875000000000084 0.027500000000000007
0 0.9444140625 0.31192708333333335 0.01937499999999992 0.035833000000000004
0 0.949140625 0.17421875 0.02124999999999999 0.025832999999999995
0 0.9589453125 0.36880241666666663 0.02562500000000001 0.045000000000000005
0 0.9587890625 0.1370836666666667 0.01937500000000003 0.023332999999999975
0 0.9900390625 0.16822916666666665 0.018125000000000058 0.03833300000000003
0 0.992109375 0.31119825 0.013125000000000053 0.039166
