0 0.0831465 0.19243287096774192 0.14224599999999998 0.3516950000000001
0 0.0413401875 0.438305 0.053475999999999996 0.08192099999999997
0 0.2172988125 0.44763474193548386 0.04278100000000001 0.06355899999999998
0 0.275332125 0.44505409677419355 0.03636400000000001 0.057909000000000016
0 0.37995925 0.45537667741935484 0.040641999999999956 0.07768300000000006
0 0.458220125 0.42927274193548387 0.036363000000000034 0.06214700000000001
0 0.5549885 0.4393509677419355 0.04812800000000006 0.08898299999999996
0 0.6824001875 0.43699825806451614 0.022460000000000035 0.018361999999999993
0 0.713136875 0.46840158064516124 0.02887700000000004 0.10169500000000001
0 0.8971410625 0.4402752580645161 0.05026799999999998 0.09887000000000003
