0 0.0906640625 0.3519586383601757 0.05 0.106003
0 0.20140625 0.3381410922401171 0.040624999999999994 0.07317099999999997
0 0.2826953125 0.2923584480234261 0.026874999999999982 0.05816199999999997
0 0.37046875 0.6163843806734992 0.05624999999999997 0.10225200000000002
0 0.4041796875 0.26309409224011715 0.03812500000000002 0.07129500000000003
0 0.5243359375 0.3281197057101025 0.04500000000000004 0.06378999999999999
0 0.623515625 0.6519181229868228 0.05249999999999999 0.09568399999999999
0 0.6286328125 0.2900705768667643 0.04249999999999998 0.06003799999999996
0 0.765859375 0.38035509224011715 0.04312499999999997 0.07316999999999996
0 0.779609375 0.22984922108345535 0.043749999999999956 0.075047
0 0.893828125 0.23092741727672036 0.03562500000000002 0.03283299999999995
