0 0.1584765625 0.7946871666666667 0.035 0.06916699999999991
0 0.3740625 0.8520836666666667 0.016874999999999973 0.022499999999999964
0 0.4164453125 0.8366663333333334 0.026249999999999996 0.041667000000000044
0 0.50328125 0.8616666666666667 0.040000000000000036 0.08583300000000005
0 0.5996484375 0.81703125 0.02937500000000004 0.03916699999999995
0 0.7006640625 0.82869825 0.01937500000000003 0.04166600000000006
0 0.7491796875 0.9535934166666666 0.03875000000000006 0.07750000000000012
0 0.7749609375 0.83880175 0.04562500000000003 0.08750000000000006
0 0.8412890625 0.8273961666666666 0.018124999999999947 0.03833300000000003
0 0.900390625 0.864792 0.020625000000000004 0.0324999999999999
