0 0.115546875 0.3386672210834553 0.02812500000000001 0.07504699999999996
0 0.1216796875 0.24579622108345534 0.037500000000000006 0.075047
0 0.25390625 0.3376591229868228 0.04062500000000002 0.09380800000000004
0 0.2600390625 0.23600334992679356 0.05000000000000002 0.076923
0 0.3538671875 0.24099196339677892 0.053749999999999964 0.06754200000000002
0 0.402734375 0.31480234992679357 0.04375000000000001 0.07692399999999998
0 0.50484375 0.24392022108345535 0.02437499999999998 0.075047
0 0.5265234375 0.34388334992679354 0.030000000000000027 0.07879900000000004
0 0.617109375 0.33720309224011713 0.04437500000000005 0.07317100000000001
0 0.650625 0.2584040922401171 0.03312499999999996 0.07129400000000001
0 0.69328125 0.3794170922401171 0.04062500000000002 0.07317000000000004
0 0.742578125 0.27007296339677894 0.03687499999999999 0.06754199999999998
0 0.7865625 0.36118122108345535 0.016249999999999987 0.075047
0 0.8578515625 0.34301544802342604 0.03499999999999992 0.05816100000000004
0 0.874609375 0.25487960761347 0.04312499999999997 0.08255099999999999
