0 0.015625 0.283914853372434 0.031875 0.126879
0 0.0738671875 0.22586995601173024 0.084375 0.13909800000000003
0 0.112734375 0.3036874428152493 0.044375 0.08082699999999998
0 0.1669921875 0.25316154545454544 0.05437500000000001 0.09116500000000005
0 0.2105859375 0.35271047507331377 0.04625000000000001 0.111843
0 0.223125 0.5281623020527859 0.06312500000000001 0.12124100000000004
0 0.2455859375 0.28981554545454546 0.045625 0.09116500000000001
0 0.309765625 0.30789864809384165 0.05125000000000002 0.105263
0 0.359375 0.46808637243401763 0.06374999999999997 0.10244399999999991
0 0.3630859375 0.2576344428152492 0.04625000000000001 0.08082700000000007
0 0.4434375 0.26707192375366573 0.048750000000000016 0.107143
0 0.4883203125 0.48169657771261 0.05749999999999994 0.125
0 0.4941796875 0.300115064516129 0.03812500000000002 0.06579000000000003
0 0.5459375 0.28710909677419355 0.04749999999999999 0.09868399999999998
0 0.5910546875 0.28436416715542523 0.03749999999999998 0.07706699999999997
0 0.6421875 0.2865443401759531 0.01749999999999996 0.06860900000000003
0 0.6748046875 0.48128285337243404 0.06937499999999996 0.12687999999999997
0 0.6789453125 0.28417654545454546 0.05687500000000001 0.09116500000000001
0 0.7523828125 0.2733112697947214 0.041874999999999996 0.08834599999999995
0 0.80875 0.2107194046920821 0.06437500000000007 0.132519
0 0.8971875 0.18665764809384167 0.04874999999999996 0.10526399999999998
0 0.9942578125 0.302821513196481 0.010000000000000009 0.060150999999999975
