0 0.06609375 0.3796175213675213 0.024375 0.044667
0 0.1552734375 0.31102858404558403 0.09187500000000001 0.168641
0 0.2630078125 0.4001295327635328 0.010000000000000009 0.065633
0 0.363671875 0.36879252421652414 0.02812500000000001 0.05104800000000002
0 0.449765625 0.40069752421652427 0.020000000000000018 0.049224999999999915
0 0.5433203125 0.3891905327635327 0.02562500000000001 0.06654500000000006
0 0.78171875 0.4054865527065527 0.43125 0.10756600000000001
0 0.7135546875 0.4041740313390314 0.038125000000000075 0.06380999999999994
0 0.827890625 0.4124920341880341 0.05249999999999999 0.06928000000000004
0 0.980078125 0.4730555327635328 0.03687499999999999 0.06563299999999991
