0 0.0919140625 0.45876862573099414 0.04999999999999999 0.09550600000000006
0 0.1629296875 0.42800078947368425 0.03875000000000001 0.054307999999999954
0 0.3241015625 0.9355244970760233 0.09625 0.1264050000000001
0 0.3948046875 0.4595407543859649 0.03750000000000003 0.06366999999999998
0 0.5241015625000001 0.38719661403508776 0.065 0.09925099999999996
0 0.6178125 0.35214160233918124 0.046875 0.10206000000000005
0 0.6318359375 0.954908649122807 0.04500000000000004 0.08801500000000004
0 0.798125 0.44122476608187133 0.03312500000000007 0.06086100000000006
0 0.825859375 0.7923814736842105 0.04312500000000008 0.1338950000000001
0 0.965078125 0.46141375438596494 0.036250000000000004 0.06179699999999996
