0 0.1218359375 0.3107786749633968 0.015624999999999986 0.038461000000000016
0 0.3682421875 0.40332512298682277 0.05375000000000002 0.09474599999999998
0 0.3851171875 0.6351463806734994 0.085625 0.10037499999999992
0 0.4326953125 0.2723166749633968 0.02562500000000001 0.04033800000000002
0 0.6171875 0.26458415959004394 0.015625 0.02814300000000003
0 0.64671875 0.3885254172767203 0.024375000000000036 0.034709000000000066
0 0.685859375 0.3458995461200586 0.011874999999999969 0.036585999999999994
0 0.71203125 0.3392192884333821 0.009375000000000022 0.031895000000000014
0 0.7371484375 0.5835955402635433 0.02937499999999993 0.12664199999999992
0 0.7663671875 0.3484159326500732 0.023125000000000062 0.04408999999999997
0 0.778515625 0.4104873499267935 0.019999999999999907 0.07692300000000005
0 0.83015625 0.4641868653001464 0.039999999999999925 0.09005599999999997
