0 0.015625 0.7862465331599481 0.032423 0.07045499999999984
0 0.079731625 0.7753512418725618 0.021331000000000003 0.04204600000000006
0 0.1973759375 0.9138952366710013 0.04522200000000001 0.14886299999999997
0 0.2809730625 0.7959589011703512 0.017918000000000045 0.026135999999999947
0 0.303641375 0.7800489011703512 0.013651000000000024 0.027272999999999853
0 0.40762275 0.800680022106632 0.024744000000000044 0.047726999999999936
0 0.42226125 0.7726105331599481 0.040103 0.07272699999999997
0 0.467463375 0.6022847308192457 0.013651999999999997 0.02045400000000001
0 0.56363325 0.6295577308192457 0.009386000000000005 0.019318000000000092
0 0.6200708125 0.6089383407022106 0.010238999999999998 0.018182000000000025
0 0.6570069375 0.7393042912873862 0.01450499999999999 0.030682000000000043
0 0.6601728125 0.6181937308192458 0.010238999999999998 0.02045400000000001
