0 0.10255625 0.7789961935483871 0.10207100000000001 0.194445
0 0.2221073125 0.3236690586510264 0.05769200000000002 0.151111
0 0.3482345 0.5677126099706745 0.07988099999999998 0.15666699999999995
0 0.412017375 0.628925064516129 0.04363899999999998 0.06555500000000007
0 0.4694435 0.41252199413489743 0.04881599999999997 0.08777800000000005
0 0.4765453125 0.5441156803519062 0.056952 0.135555
0 0.588203 0.5555357829912023 0.06434899999999999 0.14888899999999994
0 0.6028160625 0.41861496187683284 0.05029600000000001 0.053333999999999986
0 0.636637875 0.7811730205278592 0.09097599999999995 0.20444400000000001
0 0.6669001875 0.4212384105571848 0.053993999999999986 0.047777999999999966
0 0.6855408125 0.5643334369501466 0.07322499999999998 0.166667
0 0.7630531875 0.5530950263929618 0.0539940000000001 0.12000000000000005
0 0.816278875 0.4711831290322581 0.059172 0.12999999999999995
0 0.94154475 0.4025671671554252 0.05547399999999991 0.07777800000000006
