0 0.1314453125 0.7183333333333334 0.05687500000000001 0.04333299999999992
0 0.2176953125 0.5482815833333333 0.02687500000000001 0.018333000000000006
0 0.2766796875 0.47171875 0.03750000000000003 0.024166999999999977
0 0.2960546875 0.26500033333333334 0.03874999999999995 0.04333299999999999
0 0.30046875 0.3828125 0.023749999999999993 0.015832999999999986
0 0.3724609375 0.730417 0.07625000000000004 0.0650000000000001
0 0.351796875 0.1899475833333333 0.02812500000000001 0.019167000000000045
0 0.3795703125 0.107083 0.05812499999999998 0.06500000000000002
0 0.5425 0.4120315833333334 0.09375 0.08333299999999995
0 0.907265625 0.4227086666666667 0.11375000000000002 0.1774999999999999
