0 0.095 0.3095174065934066 0.033125 0.06420399999999996
0 0.149765625 0.308688043956044 0.051250000000000004 0.08882999999999992
0 0.216953125 0.29885515384615385 0.036250000000000004 0.05804700000000001
0 0.3125390625 0.2683392967032967 0.04999999999999999 0.094107
0 0.379921875 0.294190010989011 0.028124999999999956 0.024627000000000017
0 0.4744921875 0.32868956043956044 0.053749999999999964 0.12313099999999999
0 0.535078125 0.2630126593406593 0.03562500000000002 0.07036100000000002
0 0.5853515625 0.312650032967033 0.034375000000000044 0.065963
0 0.6618359375 0.35772253846153845 0.04562500000000003 0.07915599999999998
0 0.711953125 0.3343619120879121 0.03562500000000002 0.07563699999999997
0 0.7599609375 0.3647585384615385 0.04499999999999993 0.07915599999999998
0 0.9081640625 0.32616879120879116 0.04999999999999993 0.08443300000000006
