0 0.478515625 0.5678645833333333 0.958125 0.330833
0 0.0240625 0.5713538333333333 0.016875 0.02750000000000008
0 0.1015625 0.6323958333333334 0.07999999999999999 0.1216669999999999
0 0.152734375 0.5804166666666667 0.011874999999999997 0.022500000000000037
0 0.23984375 0.4225003333333333 0.024375000000000008 0.04333299999999999
0 0.297265625 0.5715621666666667 0.020625000000000004 0.03750000000000009
0 0.3359765625 0.6260416666666666 0.034999999999999976 0.05333300000000015
0 0.3487109375 0.5709899166666667 0.014375000000000027 0.029166000000000025
0 0.3549609375 0.5087496666666667 0.014374999999999971 0.02166700000000003
0 0.4002734375 0.5838024166666668 0.030625000000000013 0.04666599999999995
0 0.395859375 0.5032815833333334 0.012500000000000011 0.019166000000000016
0 0.4306640625 0.61005175 0.018125000000000002 0.025834000000000062
0 0.465234375 0.58421875 0.011875000000000024 0.025832999999999995
0 0.5070703125 0.6344270833333333 0.026874999999999982 0.03416699999999998
0 0.5961328125 0.5191145833333334 0.009999999999999898 0.020000000000000018
0 0.64015625 0.5307815833333334 0.009375000000000022 0.019165999999999943
0 0.6494921875 0.6288024166666667 0.02312499999999995 0.046666000000000096
0 0.7024609375 0.5809899166666667 0.014999999999999902 0.029165999999999952
0 0.742734375 0.6176559166666666 0.012500000000000067 0.029167000000000016
0 0.768359375 0.6207815833333333 0.01187500000000008 0.019166000000000016
0 0.7867578125 0.6187496666666666 0.010624999999999996 0.02083400000000002
0 0.8053125 0.4910940833333333 0.016874999999999973 0.034166000000000064
0 0.8934375 0.699583 0.04749999999999999 0.06416700000000015
