0 0.0602734375 0.5355211666666667 0.03 0.06916600000000006
0 0.0833203125 0.49317675 0.02562500000000001 0.05666699999999995
0 0.13082031249999998 0.45130241666666665 0.02625000000000001 0.045000000000000005
0 0.1390625 0.45406216666666666 0.016875 0.036667000000000005
0 0.1862890625 0.43942708333333336 0.018125000000000002 0.03583299999999993
0 0.2150390625 0.41786425 0.019375000000000003 0.03916700000000003
0 0.4951953125 0.32546841666666665 0.025625000000000064 0.045000000000000005
0 0.7665625 0.4159899166666667 0.015625 0.03083299999999996
0 0.8787890625 0.4344270833333333 0.01937500000000003 0.035833000000000004
0 0.9551953125 0.44463541666666667 0.026874999999999982 0.04666699999999994
0 0.97234375 0.6308336666666666 0.024375000000000036 0.08500000000000003
