0 0.0333984375 0.6766897113702625 0.030625000000000003 0.036414999999999975
0 0.052734375 0.5330800816326531 0.012499999999999997 0.02147500000000001
0 0.0693359375 0.5798795335276968 0.013749999999999998 0.02894499999999999
0 0.101640625 0.6342634373177842 0.020625000000000004 0.03828200000000003
0 0.1512109375 0.5832042594752187 0.013749999999999984 0.030812999999999927
0 0.1684375 0.587235081632653 0.016875 0.02240899999999998
0 0.190859375 0.5460376297376094 0.011874999999999997 0.016807000000000016
0 0.2177734375 0.7264046151603498 0.030625000000000013 0.04948700000000008
0 0.212734375 0.49935162973760927 0.013124999999999998 0.01587400000000001
0 0.22640625 0.5210565335276968 0.008750000000000008 0.028011000000000025
0 0.2487109375 0.5840238075801749 0.013749999999999984 0.025210000000000003
0 0.252734375 0.5226946297376094 0.012500000000000011 0.016807000000000016
0 0.27234375 0.6181615335276968 0.02437499999999998 0.02894499999999999
0 0.273359375 0.5721816297376093 0.012500000000000011 0.01587300000000005
0 0.2836328125 0.5214658075801749 0.011249999999999982 0.024275999999999954
0 0.3212109375 0.5397305335276968 0.014374999999999971 0.027076999999999893
0 0.34390625 0.5166833556851311 0.009374999999999967 0.018674000000000072
0 0.371640625 0.6086431632653061 0.020625000000000004 0.0420170000000001
0 0.40984375 0.6221254373177842 0.02437499999999998 0.040149000000000004
0 0.475234375 0.5409593556851313 0.013124999999999998 0.019607999999999955
0 0.5305859375 0.5173215335276968 0.014999999999999902 0.028011000000000025
0 0.56359375 0.6672857930029154 0.024375000000000036 0.05788999999999998
0 0.5955859375 0.556012807580175 0.014375000000000027 0.024275999999999954
0 0.615234375 0.6210769854227405 0.012499999999999956 0.03454699999999995
0 0.6811328125 0.6158842594752187 0.011249999999999982 0.030812999999999927
0 0.717578125 0.8523023935860058 0.036250000000000004 0.13632199999999997
0 0.7109375 0.5501149854227405 0.01749999999999996 0.034547000000000036
0 0.7195703125 0.6682867113702624 0.026874999999999982 0.03641400000000001
0 0.795859375 0.5649405335276968 0.012499999999999956 0.02894499999999999
0 0.8233203125 0.6881226151603499 0.02562500000000001 0.04948699999999991
0 0.8324609375 0.5519829854227405 0.014374999999999916 0.03267900000000002
0 0.8625390625 0.5761445335276968 0.01937500000000003 0.02894499999999999
0 0.867734375 0.5226946297376094 0.012500000000000067 0.016807000000000016
0 0.877734375 0.546152081632653 0.013125000000000053 0.02147500000000001
0 0.89921875 0.5919506151603499 0.024375000000000036 0.04855299999999995
0 0.894609375 0.5471995335276968 0.012499999999999956 0.027078000000000102
0 0.9205078125 0.543874807580175 0.011249999999999982 0.02520999999999992
0 0.9384375 0.5144060816326531 0.015625 0.02054099999999988
0 0.9862109375 0.6845689854227405 0.014375000000000027 0.034547000000000036
