0 0.0068359375 0.3876230819672131 0.013759 0.027121999999999973
0 0.0280218125 0.37964184153005465 0.011257000000000003 0.020996999999999984
0 0.0472125 0.3969704426229508 0.016885000000000004 0.03412100000000005
0 0.1135375625 0.35021756284153 0.033770999999999995 0.03762100000000002
0 0.1398906875 0.37089284153005464 0.007504000000000011 0.019246999999999976
0 0.2241875 0.31646636612021856 0.04752999999999999 0.07874000000000002
0 0.3357919375 0.34584356284153006 0.014383999999999952 0.03587099999999997
0 0.4602920625 0.2600142513661202 0.11257000000000006 0.14348199999999997
0 0.6645065625 0.17626888524590162 0.033770999999999995 0.068242
0 0.843863375 0.3108194098360656 0.07567299999999999 0.12423399999999997
