0 0.0995703125 0.32236572099853156 0.056874999999999995 0.09680400000000002
0 0.1842578125 0.3743514346549192 0.04124999999999998 0.08646600000000007
0 0.250703125 0.3349374331864905 0.03562499999999999 0.06578899999999997
0 0.3165625 0.3393427195301028 0.04749999999999999 0.07518799999999994
0 0.4066796875 0.34956286196769454 0.03812500000000002 0.06767000000000004
0 0.4462109375 0.22520914831130692 0.04624999999999996 0.07894700000000004
0 0.5142578125 0.27120214977973567 0.04249999999999998 0.09868500000000005
0 0.559453125 0.20611843465491925 0.03687499999999999 0.08740599999999998
0 0.6037109375 0.27942643465491923 0.04499999999999993 0.08740599999999998
0 0.664453125 0.351677577092511 0.03687499999999999 0.08082700000000002
0 0.6867578125 0.2660337195301028 0.041874999999999996 0.07518799999999998
0 0.73828125 0.2411271497797357 0.03937500000000005 0.09868399999999994
0 0.7691796875 0.3087961497797357 0.038124999999999964 0.09868499999999997
0 0.873515625 0.3356405785609398 0.05125000000000002 0.10150400000000004
