0 0.0585934375 0.4843751666666667 0.091797 0.13281199999999993
0 0.193359375 0.4986976666666667 0.04394500000000001 0.084636
0 0.248047375 0.5169271666666666 0.01269500000000004 0.039062000000000076
0 0.4296878125 0.49869775 0.011718000000000006 0.024740000000000057
0 0.4843750625 0.5468748333333334 0.019530999999999965 0.05859399999999989
0 0.581054875 0.5546873333333334 0.028320000000000012 0.04296899999999989
0 0.6083985 0.54296925 0.017578000000000094 0.04036400000000014
0 0.6406246875 0.6002605 0.03808599999999995 0.078125
0 0.6914060625 0.622396 0.019530999999999965 0.03255199999999999
0 0.7363285 0.5481769166666667 0.016600999999999977 0.02864599999999995
0 0.7490235 0.5013018333333333 0.017578000000000094 0.027343999999999962
0 0.9140626875 0.5833336666666668 0.038086000000000064 0.054687000000000006
0 0.9677735 0.5117189999999999 0.016601000000000088 0.03255199999999999
