0 0.2805859375 0.5094448888888888 0.015000000000000013 0.02888800000000005
0 0.2993359375 0.491181 0.015000000000000013 0.03333300000000003
0 0.3136328125 0.5205558888888889 0.009999999999999953 0.02888899999999999
0 0.337109375 0.573888888888889 0.012500000000000011 0.031110999999999913
0 0.3405859375 0.508958 0.015000000000000013 0.033333999999999975
0 0.367109375 0.49388888888888893 0.012500000000000011 0.031110999999999913
0 0.3973828125 0.5049998888888889 0.011249999999999982 0.02888899999999999
0 0.4230859375 0.5462501111111112 0.013749999999999984 0.03555499999999986
0 0.4398828125 0.4995831111111111 0.011249999999999982 0.035556
0 0.4478125 0.6119443333333333 0.017500000000000016 0.04222200000000006
0 0.457109375 0.491181 0.012500000000000011 0.03333300000000003
0 0.4680859375 0.5502082222222222 0.015000000000000013 0.040000000000000036
0 0.474609375 0.5138888888888888 0.012500000000000011 0.02888900000000009
0 0.489609375 0.5418051111111111 0.012500000000000011 0.03777800000000001
0 0.507265625 0.6038196666666668 0.019999999999999962 0.0533329999999999
0 0.5265625 0.5714584444444444 0.01749999999999996 0.04666700000000004
0 0.5261328125 0.5116668888888889 0.010000000000000009 0.02888899999999999
0 0.5286328125 0.4832637777777778 0.011249999999999982 0.026666999999999972
0 0.5523828125 0.4827778888888889 0.011249999999999982 0.031111000000000014
0 0.580859375 0.529444888888889 0.012500000000000067 0.02888800000000005
0 0.5900390625 0.49388888888888893 0.018749999999999933 0.031110999999999913
0 0.59546875 0.6411107777777778 0.025000000000000022 0.055555999999999967
0 0.6032421875 0.591181 0.022499999999999964 0.03333300000000003
0 0.6228125 0.5324302222222222 0.016249999999999987 0.03999999999999994
0 0.6462890625 0.6075003333333334 0.018750000000000044 0.04444399999999988
0 0.6603125 0.5452773333333334 0.016249999999999987 0.042223
0 0.7057421875 0.5909725555555556 0.022500000000000075 0.05111100000000008
0 0.7205859375 0.5338888888888889 0.01375000000000004 0.02888899999999999
0 0.729765625 0.5519443333333334 0.020000000000000018 0.042221999999999954
0 0.7562890625 0.555625 0.018749999999999933 0.03333299999999993
0 0.772265625 0.5852773333333333 0.020000000000000018 0.04444500000000002
0 0.8068359375 0.557847 0.014999999999999902 0.033333999999999975
0 0.8219921875 0.5618051111111112 0.022499999999999964 0.037777999999999916
0 0.8565625 0.5627778888888888 0.016249999999999987 0.02888900000000009
0 0.887265625 0.6825694444444445 0.021250000000000102 0.04666700000000004
0 0.9314453125 0.6482636666666667 0.026249999999999996 0.05333400000000004
0 0.9607421875 0.6265275555555556 0.022500000000000075 0.05111099999999998
0 0.9760546875 0.8503472222222223 0.03749999999999998 0.10222199999999987
0 0.98671875 0.7549306666666666 0.02375000000000005 0.05555500000000002
0 0.9887890625 0.6102082222222223 0.018750000000000044 0.03999999999999994
