0 0.04015625 0.49465582869692537 0.070625 0.15557699999999994
0 0.1422265625 0.032210834553440704 0.065625 0.066542
0 0.2815234375 0.7542017306002928 0.09187500000000001 0.17713199999999993
0 0.277578125 0.51029521522694 0.06812499999999999 0.16682299999999992
0 0.3831640625 0.35864850951683747 0.04999999999999999 0.10496699999999998
0 0.447109375 0.4576387979502196 0.075625 0.132146
0 0.4671875 0.6842575651537335 0.11125000000000007 0.2427359999999999
0 0.59015625 0.8182174670571011 0.1343749999999999 0.262418
0 0.6540234375 0.07502428257686676 0.06125000000000003 0.1209
0 0.7703125 0.4862208286969253 0.078125 0.15745100000000012
0 0.871015625 0.4035694729136164 0.083125 0.17244700000000007
