0 0.1481640625 0.273233197640118 0.04999999999999999 0.11237000000000004
0 0.1446484375 0.144170598820059 0.03 0.058545999999999994
0 0.2063671875 0.11625567256637169 0.021875000000000006 0.053825
0 0.2753125 0.2336357138643068 0.04749999999999999 0.09159600000000001
0 0.3967578125 0.26792693510324483 0.04250000000000004 0.084986
0 0.417890625 0.09985211504424779 0.020625000000000004 0.035883
0 0.4503515625 0.3327857138643068 0.03375 0.09254
0 0.4985546875 0.16039478761061945 0.03875000000000006 0.08970800000000002
0 0.660390625 0.20295030383480825 0.05125000000000002 0.06798900000000002
0 0.651171875 0.3095927876106195 0.028125000000000067 0.08970699999999997
0 0.7537890625 0.2131661150442478 0.01937500000000003 0.03682800000000003
0 0.7720703125 0.36471234513274337 0.026874999999999982 0.10670399999999997
0 0.777890625 0.1513740412979351 0.020625000000000004 0.038716
0 0.8571875 0.13030282005899704 0.01749999999999996 0.04815900000000001
0 0.8695703125 0.17875904129793513 0.025624999999999898 0.04060399999999997
0 0.8709375 0.2548319675516224 0.015625 0.041548999999999996
0 0.9089453125 0.32199382005899707 0.026874999999999982 0.05004699999999998
0 0.9315234375 0.23110811504424775 0.030625000000000013 0.03682700000000004
0 0.94703125 0.325169197640118 0.03937500000000005 0.11237
0 0.9713671875 0.49944812389380533 0.05437500000000006 0.11614799999999996
