0 0.15390338961038963 0.4515625 0.03118499999999997 0.04750000000000004
0 0.2588933896103896 0.41359375 0.031184999999999994 0.023749999999999993
0 0.2849377792207793 0.2759375 0.059251999999999964 0.07874999999999999
0 0.3128186363636363 0.6769140625 0.02494800000000003 0.018750000000000044
0 0.319640012987013 0.4275390625 0.025987000000000003 0.019374999999999976
0 0.36198953246753246 0.4446875 0.065488 0.078125
0 0.4700975324675325 0.6899609375 0.06548899999999992 0.07687500000000003
0 0.5324675324675324 0.61140625 0.06548900000000002 0.07187499999999991
0 0.537209909090909 0.4398046875 0.07068600000000008 0.07
0 0.5770377792207791 0.669453125 0.060290999999999983 0.06812499999999999
0 0.5931437922077922 0.2603125 0.08523900000000001 0.07874999999999999
0 0.5817227662337663 0.585703125 0.034303000000000014 0.03562500000000002
0 0.6981327922077922 0.3716796875 0.08523900000000001 0.06999999999999995
0 0.7225548051948052 0.5639453125 0.11122600000000002 0.08875
0 0.7421196623376624 0.457265625 0.076923 0.05249999999999999
0 0.7914886753246754 0.3125 0.10291099999999997 0.06312499999999999
