0 0.1207421875 0.86755175 0.02187499999999999 0.024167000000000122
0 0.1659375 0.3251041666666667 0.08000000000000002 0.13249999999999998
0 0.167265625 0.8385940833333333 0.020625000000000004 0.03583300000000008
0 0.1912890625 0.8469270833333332 0.018125000000000002 0.03416700000000006
0 0.219140625 0.845625 0.020625000000000004 0.032500000000000195
0 0.2415625 0.8595836666666666 0.016874999999999973 0.022499999999999964
0 0.2775390625 0.85005175 0.018125000000000002 0.024167000000000122
0 0.3337109375 0.5962503333333333 0.07749999999999996 0.106666
0 0.6536328125 0.8620836666666666 0.135625 0.27250000000000013
0 0.760703125 0.026041666666666668 0.06687500000000002 0.053333
0 0.969921875 0.4674475833333333 0.05874999999999997 0.14500000000000002
