0 0.0146484375 0.6936975833333334 0.03 0.08083399999999985
0 0.06937499999999999 0.65984375 0.03187500000000001 0.055000000000000014
0 0.0926171875 0.6213538333333334 0.023124999999999993 0.027500000000000007
0 0.1093359375 0.6260416666666666 0.014375000000000013 0.05333300000000015
0 0.1344140625 0.604792 0.018125000000000002 0.03166599999999997
0 0.1576953125 0.6479684166666666 0.026250000000000023 0.04666700000000009
0 0.1793359375 0.64421875 0.014375000000000027 0.024166999999999977
0 0.202890625 0.6609899166666667 0.020625000000000004 0.03083299999999989
0 0.26058593750000003 0.6206253333333334 0.045625 0.07416599999999995
0 0.3334765625 0.5807288333333332 0.065 0.12000000000000004
0 0.449453125 0.7050003333333333 0.036250000000000004 0.043333000000000066
0 0.452265625 0.6107291666666667 0.020625000000000004 0.036667000000000005
0 0.49671875 0.6187496666666666 0.024375000000000036 0.022499999999999964
0 0.502421875 0.6875003333333334 0.028749999999999942 0.04333299999999992
0 0.5628125 0.6667187499999999 0.016249999999999987 0.025833000000000068
0 0.6451953125 0.6795833333333333 0.05812500000000009 0.106667
0 0.6996875 0.6139586666666667 0.04749999999999999 0.115833
