0 0.16218749999999998 0.42726859590043925 0.14250000000000002 0.263602
0 0.5954296875 0.5739523689604685 0.75625 0.2814259999999999
0 0.296640625 0.6364089326500731 0.020625000000000004 0.045966000000000125
0 0.3637890625 0.5674719019033676 0.018750000000000044 0.022513999999999867
0 0.39703125 0.5538127730600293 0.00874999999999998 0.017824000000000072
0 0.4155859375 0.5962542884333822 0.015000000000000013 0.030956999999999874
0 0.4191796875 0.5973766442166911 0.007500000000000007 0.01688599999999993
0 0.4261328125 0.5597393865300146 0.010624999999999996 0.009380999999999981
0 0.47890625 0.541320159590044 0.008125000000000049 0.027204
0 0.4861328125 0.605109159590044 0.010624999999999996 0.02814300000000003
0 0.5886328125 0.5828937730600293 0.010624999999999996 0.017823000000000016
0 0.592578125 0.5182800307467057 0.0050000000000000044 0.025328000000000045
0 0.6171875 0.6044697730600294 0.015625 0.01876199999999988
0 0.64703125 0.5726890307467057 0.008750000000000036 0.026266000000000022
0 0.65078125 0.5153517730600292 0.008750000000000036 0.01969900000000005
0 0.661640625 0.7275171903367497 0.020625000000000004 0.05253199999999996
0 0.6684375 0.5977184172767204 0.015625 0.032833999999999884
0 0.6698828125 0.5036819019033675 0.011249999999999982 0.021576000000000057
0 0.68015625 0.4940733865300146 0.008750000000000036 0.009381000000000065
0 0.690078125 0.48428051537335287 0.0050000000000000044 0.01313299999999997
0 0.703828125 0.5481847730600292 0.0050000000000000044 0.01969900000000005
0 0.7130078125 0.5078467730600293 0.010624999999999996 0.01969999999999994
0 0.7268359375 0.6376445461200586 0.01375000000000004 0.03658499999999998
0 0.73515625 0.5567410307467057 0.009375000000000022 0.02532799999999996
0 0.7627734375 0.6943414172767204 0.02937499999999993 0.032832999999999994
0 0.76203125 0.5248460307467057 0.009374999999999911 0.024389999999999988
0 0.7669140625 0.6065732884333821 0.018124999999999947 0.031895000000000014
0 0.7955859375 0.5682966442166911 0.014375000000000027 0.016884999999999956
0 0.79953125 0.537339644216691 0.008749999999999925 0.015009000000000005
0 0.8408984375 0.7622962884333822 0.02937499999999993 0.031895000000000014
0 0.8458984375 0.6556960614934114 0.02937499999999993 0.04971899999999992
0 0.8428125 0.5563291595900439 0.015625 0.027204
0 0.8537109375 0.5925022884333822 0.013749999999999929 0.030956999999999957
0 0.8555078125 0.5308869019033676 0.010000000000000009 0.020637999999999917
0 0.8723828125 0.5194013865300148 0.009999999999999898 0.011256999999999934
0 0.8880859375 0.49324964421669104 0.014375000000000027 0.01688500000000004
0 0.8969921875 0.6174184172767203 0.023125000000000062 0.032832999999999994
0 0.9048046875 0.5107750307467057 0.007500000000000062 0.02345200000000001
0 0.9181640625 0.5371552884333822 0.018124999999999947 0.03095700000000004
