0 0.0375 0.170450803806735 0.031875 0.04311199999999999
0 0.0381640625 0.23833967496339678 0.019375000000000003 0.038425999999999995
0 0.0728125 0.16963006149341142 0.016875 0.04873500000000001
0 0.0956640625 0.2239880614934114 0.019375000000000003 0.04779799999999998
0 0.143046875 0.21209867496339677 0.02812500000000001 0.03842500000000002
0 0.2233984375 0.1546350614934114 0.030625000000000013 0.047798
0 0.3846484375 0.06630060761347 0.030625000000000013 0.08247399999999999
0 0.6129296875 0.41189215373352855 0.07000000000000006 0.11808799999999994
0 0.6439453125 0.19224031918008785 0.026874999999999982 0.05342
0 0.9102734375 0.1766009326500732 0.02937500000000004 0.045923
