0 0.17782656521739132 0.177421875 0.024347000000000004 0.028749999999999998
0 0.25717347826086956 0.72734375 0.07652200000000002 0.05625000000000002
0 0.26157560869565216 0.47921875 0.05913100000000002 0.023749999999999993
0 0.3024454782608696 0.1003125 0.013912999999999967 0.0175
0 0.5596199565217391 0.4068359375 0.09043399999999997 0.07749999999999996
0 0.5525544347826087 0.151015625 0.04173899999999998 0.02125000000000002
0 0.6845649130434782 0.8003125 0.055651999999999945 0.07874999999999999
0 0.7096192608695652 0.0828515625 0.02608699999999995 0.035
0 0.8039125652173914 0.2258984375 0.02434799999999997 0.03
0 0.8499996956521739 0.4495703125 0.06782600000000001 0.057499999999999996
0 0.8607607391304348 0.638125 0.038260999999999934 0.03125
