0 0.0195703125 0.17217019033674963 0.026875000000000003 0.05253200000000002
0 0.06125 0.25748331332357244 0.0625 0.144465
0 0.125 0.1499979633967789 0.03312499999999999 0.06754200000000002
0 0.1631640625 0.1849786383601757 0.04999999999999999 0.10787999999999998
0 0.2306640625 0.38851769985358714 0.080625 0.153846
0 0.2455859375 0.12542360761347 0.046249999999999986 0.084428
0 0.29 0.19563941142020497 0.06375000000000003 0.12476600000000002
0 0.3529296875 0.16925915373352854 0.06937500000000002 0.11913699999999999
0 0.4394140625 0.2593593133235725 0.050000000000000044 0.146342
0 0.548046875 0.4669048286969253 0.09124999999999994 0.15572200000000003
0 0.5235546875 0.17907796339677892 0.03874999999999995 0.06941900000000002
0 0.597890625 0.2882117979502196 0.05249999999999999 0.134147
0 0.8184375 0.21300738067349925 0.04812499999999997 0.10037499999999999
0 0.8487109375 0.33046995754026354 0.07687499999999992 0.159475
0 0.9066796875 0.517123019033675 0.10124999999999995 0.20731700000000008
0 0.876875 0.16118486530014642 0.03312500000000007 0.08818
