0 0.3278125 0.5198622222222222 0.07937499999999997 0.16573899999999997
0 0.3721875 0.13008255555555553 0.048750000000000016 0.111235
0 0.4482421875 0.23513244444444442 0.05375000000000002 0.10900999999999998
0 0.4528125 0.057291666666666664 0.048750000000000016 0.11790899999999999
0 0.47734375 0.5587942222222222 0.08625 0.1635149999999999
0 0.5259765625 0.33035755555555557 0.06499999999999995 0.14349299999999998
0 0.609765625 0.14391944444444443 0.05125000000000002 0.10901000000000002
0 0.648671875 0.31473255555555557 0.05874999999999997 0.111235
0 0.7030078125 0.47848677777777776 0.07250000000000001 0.18242499999999998
0 0.7473046875 0.7136806666666666 0.10124999999999995 0.18020000000000003
