0 0.13359375 0.4998440833333333 0.055624999999999994 0.09666599999999999
0 0.15671875 0.4303128333333333 0.024375000000000008 0.058333000000000045
0 0.2876953125 0.43182291666666667 0.026249999999999996 0.029167000000000016
0 0.39046875 0.36286425000000005 0.024375000000000036 0.04083399999999996
0 0.41109375 0.3973961666666666 0.024375000000000036 0.03666600000000001
0 0.49125 0.36901075 0.03187499999999993 0.055000000000000014
0 0.5797265625 0.3808850833333333 0.03500000000000003 0.06749999999999996
0 0.6076171875 0.43796875 0.05437499999999995 0.08749999999999998
0 0.6865234375 0.47328125000000004 0.06062500000000004 0.10166700000000002
0 0.866796875 0.51786425 0.09124999999999994 0.16583399999999995
