0 0.1414453125 0.13036806149341143 0.02562500000000001 0.04971799999999999
0 0.5067578125 0.39033131918008784 0.010000000000000009 0.054408999999999964
0 0.5580078125 0.33558054612005855 0.010000000000000009 0.036585999999999994
0 0.5848828125 0.34665419033674966 0.010000000000000009 0.050655999999999965
0 0.6184375 0.3742700614934114 0.015625 0.049718999999999965
0 0.6790625 0.3430855461200586 0.01749999999999996 0.03658499999999998
0 0.696015625 0.28773854612005856 0.020625000000000004 0.03658500000000002
0 0.730859375 0.31617915959004395 0.012500000000000067 0.028141999999999973
0 0.77953125 0.5035417057101025 0.008750000000000036 0.06285199999999998
0 0.792265625 0.3951365768667643 0.020625000000000004 0.06003699999999999
0 0.8015625 0.2823380614934114 0.015625 0.04971800000000003
0 0.804765625 0.3322404172767204 0.020625000000000004 0.032832999999999994
0 0.8574609375 0.27501741727672036 0.015000000000000013 0.03377100000000005
0 0.8728125 0.325375803806735 0.015625 0.042214000000000015
0 0.8801953125 0.3759627057101025 0.025624999999999898 0.06285199999999998
0 0.8824609375 0.45187760761347 0.015000000000000013 0.08442799999999995
0 0.9082421875 0.25929793265007317 0.023125000000000062 0.04409000000000005
0 0.9278125 0.6943596383601757 0.016874999999999973 0.10600399999999992
0 0.9334375 0.338508803806735 0.01749999999999996 0.042214000000000015
0 0.9487109375 0.29126303074670573 0.014375000000000027 0.02532799999999996
0 0.9807421875 0.36125131918008785 0.021874999999999978 0.05440899999999992
0 0.9960546875 0.45100970571010246 0.006249999999999978 0.06379000000000003
