0 0.05078125 0.89973925 0.102539 0.19661499999999998
0 0.187500125 0.2773435 0.098633 0.14192699999999994
0 0.251953125 0.3515625 0.068359 0.11197899999999998
0 0.318359 0.4075524166666667 0.06445299999999998 0.10677099999999995
0 0.357421875 0.4908854999999999 0.05859399999999998 0.109375
0 0.40332025 0.609375 0.10156300000000001 0.18880200000000005
0 0.6435543125 0.77083325 0.12011800000000006 0.16536499999999998
0 0.631835625 0.28776016666666665 0.08300799999999997 0.130209
0 0.890624875 0.30208283333333336 0.09082000000000001 0.15234400000000003
0 0.914062 0.648438 0.125977 0.19010400000000013
