0 0.01171875 0.32302996339677886 0.024 0.06896600000000001
0 0.0286015625 0.51625760761347 0.035 0.08395800000000003
0 0.0347421875 0.4266891903367496 0.023 0.05097499999999999
0 0.0646484375 0.39931660761347 0.031 0.08245900000000006
0 0.061765625 0.1193780614934114 0.019999999999999997 0.04797600000000001
0 0.06957812499999999 0.3065389633967789 0.037 0.068965
0 0.134578125 0.5340383806734993 0.03699999999999999 0.10045
0 0.1756015625 0.27344934992679354 0.035 0.076462
0 0.197578125 0.38582360761346995 0.036000000000000004 0.082458
0 0.217578125 0.4949876383601757 0.03699999999999998 0.10794600000000003
0 0.2217421875 0.01903367496339678 0.02200000000000002 0.04048
0 0.258484375 0.24656896339677892 0.04400000000000004 0.06746600000000003
0 0.267625 0.5011599941434847 0.032999999999999974 0.09145399999999998
0 0.304875 0.8975134729136164 0.09499999999999997 0.1724139999999999
0 0.33453125 0.31107183455344073 0.04099999999999998 0.06446699999999998
0 0.3914375 0.8186502825768668 0.046999999999999986 0.12293799999999992
0 0.43071875 0.02635431918008785 0.025000000000000022 0.05547200000000001
0 0.4886875 0.9232814421669107 0.11000000000000004 0.148426
0 0.4604140625 0.34534360761347 0.04899999999999999 0.08245900000000002
0 0.4662734375 0.5338978960468521 0.062 0.11394299999999996
0 0.5706015625 0.38753283455344073 0.03499999999999992 0.06596699999999997
0 0.6042734375 0.46643189604685215 0.061000000000000054 0.11244299999999997
0 0.64553125 0.2835936383601757 0.040000000000000036 0.10794599999999999
0 0.641765625 0.7377610248901904 0.02100000000000002 0.11544199999999998
0 0.645671875 0.1608658653001464 0.029000000000000026 0.08995500000000001
0 0.729390625 0.4436619267935578 0.052000000000000046 0.13643199999999994
0 0.75334375 0.1413399941434846 0.05600000000000005 0.091454
0 0.7774375 0.2655667672035139 0.04800000000000004 0.11094499999999999
0 0.882296875 0.3984736998535871 0.06000000000000005 0.15292300000000003
0 0.9002734375 0.24454289604685212 0.061000000000000054 0.113943
0 0.9064609375 0.10542873645680818 0.04600000000000004 0.085457
0 0.9481328125 0.6939313133235725 0.07399999999999995 0.14392800000000006
