0 0.01171875 0.7483984375 0.025000000000000005 0.02937500000000004
0 0.04848991666666667 0.747265625 0.029165999999999997 0.020625000000000004
0 0.10177116666666668 0.9271875 0.13166599999999998 0.109375
0 0.26916666666666667 0.73734375 0.08416700000000003 0.05625000000000002
0 0.39776075 0.746875 0.11833300000000002 0.09562500000000007
0 0.4071354166666667 0.46828125 0.04583300000000001 0.04062500000000002
0 0.5532815833333333 0.3303125 0.020832999999999952 0.016874999999999973
0 0.5990621666666667 0.323671875 0.036667000000000005 0.027500000000000024
0 0.671458 0.28921875 0.031666999999999966 0.02437499999999998
0 0.7540621666666666 0.2958203125 0.038334000000000014 0.026874999999999982
0 0.7733333333333333 0.1971484375 0.043333000000000066 0.030625000000000013
