0 0.1101328125 0.39273558823529414 0.074 0.155121
0 0.1175078125 0.2609138235294118 0.04200000000000001 0.09638599999999997
0 0.2975546875 0.2504780588235294 0.03899999999999998 0.08735000000000004
0 0.31415625 0.41855105882352944 0.07099999999999995 0.137048
0 0.3893671875 0.3240605882352941 0.05299999999999999 0.10391600000000005
0 0.3925546875 0.22634664705882357 0.03899999999999998 0.08885499999999999
0 0.4961796875 0.30255164705882354 0.069 0.14006000000000002
0 0.5824375 0.23965276470588234 0.04699999999999993 0.11144599999999999
0 0.67834375 0.23850088235294117 0.05499999999999994 0.08132499999999998
0 0.7964375 0.2502655882352941 0.04699999999999993 0.10391600000000001
0 0.8256484375 0.22340547058823532 0.029999999999999916 0.084337
0 0.9424609375 0.2293940588235294 0.04599999999999993 0.08584299999999999
