0 0.2095226875 0.2537825185185185 0.03741900000000001 0.07827800000000004
0 0.2250066875 0.47296051851851856 0.03741900000000001 0.07827799999999992
0 0.2669245625 0.2258550740740741 0.03483799999999998 0.06849300000000001
0 0.2966015625 0.5046921111111111 0.03354799999999997 0.06262300000000003
0 0.3101676875 0.29043407407407407 0.03741899999999998 0.07045000000000001
0 0.34727325 0.4847025185185186 0.040000000000000036 0.07827799999999992
0 0.3688595625 0.2718161111111111 0.03354799999999997 0.064579
0 0.3895045625 0.18375311111111112 0.03483900000000001 0.06457900000000001
0 0.435643125 0.4660835555555556 0.03612899999999997 0.07240700000000001
0 0.438223125 0.31883703703703703 0.03612900000000002 0.07632100000000003
0 0.4462785625 0.1754495925925926 0.03354900000000005 0.06653599999999998
0 0.5114576875 0.23860303703703703 0.03742000000000001 0.07632099999999999
0 0.5172465625 0.4743870740740741 0.03354899999999994 0.07044999999999997
0 0.551109 0.17396811111111113 0.03225800000000001 0.06262199999999997
0 0.58856325 0.24939299999999998 0.040000000000000036 0.080235
0 0.5927486875 0.49496303703703703 0.03741899999999998 0.07436400000000007
0 0.648546125 0.1896241111111111 0.03612900000000008 0.06457900000000004
0 0.6624256875 0.48713503703703703 0.03741899999999998 0.07632099999999994
0 0.711772125 0.20142103703703707 0.03612900000000008 0.07632100000000001
0 0.7282316875 0.4749175185185185 0.03871000000000002 0.07827800000000008
