0 0.1573046875 0.4836583499267936 0.03749999999999998 0.07879899999999995
0 0.20328125 0.6424929633967789 0.04000000000000001 0.06941800000000005
0 0.2741796875 0.4717609633967789 0.03875000000000001 0.06941899999999994
0 0.371953125 0.6609563499267936 0.03562500000000002 0.07692299999999992
0 0.3854296875 0.4844820922401171 0.03875000000000001 0.07129500000000007
0 0.4711328125 0.6613682210834554 0.041874999999999996 0.07504699999999996
0 0.5148046875000001 0.5415918345534407 0.03875000000000001 0.06660399999999995
0 0.593359375 0.6558544787701317 0.043749999999999956 0.07973700000000002
0 0.6185546875 0.5401277057101025 0.03875000000000006 0.06285199999999998
0 0.7160546875 0.5289849633967789 0.03749999999999998 0.06941800000000005
0 0.7705078125 0.6680494787701318 0.04249999999999998 0.0806749999999999
0 0.8185546875 0.5187792210834553 0.03874999999999995 0.07504700000000004
0 0.886953125 0.5285720922401171 0.03687499999999999 0.07129499999999998
