0 0.03125 0.4520836666666666 0.063125 0.14833300000000005
0 0.158828125 0.3831246666666666 0.06687500000000002 0.11583399999999999
0 0.27953125 0.5811458333333334 0.10312499999999997 0.18416700000000005
0 0.3194921875 0.3556770833333333 0.05437499999999995 0.09750000000000003
0 0.4714453125 0.3415100833333333 0.05687500000000001 0.09666699999999999
0 0.6008203125 0.26807258333333334 0.02562500000000001 0.05000000000000001
0 0.6774609375 0.3377604166666666 0.04625000000000001 0.07583299999999997
0 0.7456640625 0.285 0.11250000000000004 0.125833
0 0.740078125 0.5824479166666666 0.09812500000000002 0.18583300000000005
0 0.835390625 0.3684375 0.05187499999999989 0.048333000000000036
0 0.853515625 0.4507812500000001 0.051875000000000004 0.10166699999999995
0 0.916796875 0.48390625 0.09062500000000007 0.134167
0 0.88609375 0.29869825 0.025000000000000022 0.04166599999999998
