0 0.03515625 0.6640170863836017 0.07125 0.16228900000000002
0 0.24546875 0.5608270863836017 0.14875 0.16135100000000002
0 0.2826171875 0.9086737306002928 0.11687499999999998 0.17823599999999998
0 0.3404296875 0.15381134407027816 0.10124999999999995 0.16698
0 0.413515625 0.2065286998535871 0.05249999999999999 0.15384599999999998
0 0.4383203125 0.4972656017569546 0.08875000000000005 0.17448400000000008
0 0.5168359375 0.5244523806734992 0.07687500000000003 0.10131299999999999
0 0.7648046875 0.5022359941434846 0.10125000000000006 0.09193299999999997
0 0.888828125 0.5105829575402635 0.09875 0.160412
0 0.9753125 0.4273733499267935 0.04749999999999999 0.07692300000000009
