0 0.0167578125 0.4810940833333333 0.01125 0.034165999999999995
0 0.0382421875 0.47359408333333336 0.021875000000000002 0.034999999999999996
0 0.12648437499999998 0.46302116666666665 0.04375 0.06916599999999999
0 0.16171875 0.47119825 0.024375000000000008 0.04166600000000006
0 0.258203125 0.45505208333333336 0.03562499999999999 0.06583300000000003
0 0.2815625 0.4405725833333333 0.01687500000000003 0.050000000000000044
0 0.4176171875 0.4394788333333333 0.023125000000000007 0.05833399999999996
0 0.5425 0.44744791666666667 0.03125 0.05999999999999998
0 0.62 0.442083 0.03125 0.06500000000000002
0 0.835390625 0.4086461666666667 0.05187499999999989 0.09916599999999993
