0 0.11546875 0.8470591698440207 0.05500000000000001 0.1077780000000001
0 0.17234375 0.33835173830155985 0.024375000000000008 0.060000000000000005
0 0.215 0.5337261698440208 0.031875000000000014 0.11000000000000004
0 0.2194140625 0.3235081247833622 0.01874999999999999 0.04111199999999998
0 0.2776171875 0.310930431542461 0.023125000000000007 0.04999999999999999
0 0.2813671875 0.4223068405545927 0.021874999999999978 0.06555599999999998
0 0.2824609375 0.2665757157712305 0.014374999999999971 0.025556000000000002
0 0.31296875 0.3410626360485268 0.02437499999999998 0.05777800000000006
0 0.3465625 0.27386481802426343 0.017500000000000016 0.027777999999999952
0 0.3684765625 0.39506065857885614 0.03437499999999999 0.09111099999999998
0 0.3681640625 0.3094208180242634 0.01874999999999999 0.027777000000000017
0 0.3894140625 0.3168421247833622 0.01937500000000003 0.03888899999999999
0 0.413203125 0.48568276083188905 0.03562500000000002 0.09555500000000004
0 0.4221875 0.18670892027729638 0.017500000000000016 0.034444999999999996
0 0.4430859375 0.39106263604852687 0.014999999999999958 0.05555600000000001
0 0.4630859375 0.20533251126516466 0.014375000000000027 0.017776999999999998
0 0.4730078125 0.2827538180242634 0.011249999999999982 0.03111099999999998
0 0.5001953125 0.49088751126516467 0.026875000000000038 0.017777999999999985
0 0.499765625 0.35599653379549395 0.020000000000000018 0.05444399999999999
0 0.4993359375 0.27608681802426344 0.014999999999999958 0.028888999999999977
0 0.5271875 0.2980863292894281 0.016249999999999987 0.047777
0 0.558515625 0.3128870225303293 0.020625000000000004 0.03666600000000001
0 0.5837109375 0.30622002253032926 0.014375000000000027 0.036667
0 0.6294140625 0.3357311247833622 0.018750000000000044 0.041110999999999995
0 0.6376171875 0.39884063604852693 0.023125000000000062 0.05666699999999993
0 0.6419140625 0.2951090225303293 0.01937499999999992 0.03666600000000001
0 0.6707421875 0.39617165857885617 0.021874999999999978 0.09111099999999998
0 0.6863671875 0.3143537157712305 0.021874999999999978 0.025556000000000002
0 0.741640625 0.3168421247833622 0.020624999999999893 0.041110999999999995
0 0.767421875 0.34466204506065856 0.028124999999999956 0.06999999999999998
0 0.8044921875 0.3911958405545927 0.02187500000000009 0.06333300000000003
0 0.8246875 0.32537443154246104 0.016874999999999973 0.04999999999999999
0 0.8825 0.22208335181975733 0.0318750000000001 0.08111099999999999
0 0.8968359375 0.5137261698440209 0.04625000000000001 0.10888899999999993
0 0.9558984375 0.3835081247833622 0.02937499999999993 0.04111200000000004
