0 0.2125 0.37542785944363105 0.12562500000000001 0.17917499999999997
0 0.3694140625 0.4143104480234261 0.018750000000000044 0.05628499999999992
0 0.4083984375 0.3926201903367496 0.030625000000000013 0.051594999999999995
0 0.4270703125 0.4270315768667643 0.02562500000000001 0.06003699999999999
0 0.5517578125 0.29960127672035136 0.10375000000000001 0.212007
0 0.6230078125 0.3534918653001464 0.04249999999999998 0.08818100000000004
0 0.6968359375 0.4381743191800878 0.04625000000000001 0.05534700000000003
0 0.6972265625 0.36706367496339676 0.03437499999999993 0.03846200000000003
0 0.8528515625 0.3892271844802343 0.09624999999999995 0.140713
0 0.91265625 0.3798030248901903 0.040000000000000036 0.11538400000000001
0 0.968125 0.33409047877013176 0.03312499999999996 0.080676
