0 0.0267578125 0.4338954100294986 0.010000000000000002 0.025495999999999935
0 0.0633984375 0.40863411504424774 0.029375 0.036827
0 0.061015625 0.4187248938053097 0.019999999999999997 0.04627000000000008
0 0.2012890625 0.3161402713864307 0.04999999999999999 0.11142500000000001
0 0.40234375 0.3298276814159292 0.05499999999999999 0.13314499999999993
0 0.4662890625 0.42858096755162245 0.01874999999999999 0.04249299999999998
0 0.485859375 0.4184901887905605 0.011875000000000024 0.03493899999999994
0 0.5124609375 0.4150104100294985 0.014375000000000027 0.026440000000000047
0 0.5136328125 0.4216204100294985 0.010000000000000009 0.023606999999999972
0 0.5508203125 0.4013138200589971 0.02562500000000001 0.05004699999999994
0 0.6703515625 0.2727566076696165 0.06499999999999995 0.13786600000000002
