0 0.0312890625 0.3566009420289855 0.019375000000000003 0.03632199999999999
0 0.10515625 0.3610044734299517 0.07124999999999998 0.12210200000000002
0 0.175703125 0.3107229082125604 0.06687500000000002 0.10123599999999996
0 0.2735546875 0.38529974396135264 0.07 0.12055599999999997
0 0.3389453125 0.3338094492753623 0.05812500000000004 0.09659999999999994
0 0.4289453125 0.3208158019323672 0.05687500000000001 0.08423499999999996
0 0.4685546875 0.37858455555555554 0.06937500000000002 0.11128299999999997
0 0.6004296875 0.32260528502415464 0.06937499999999996 0.11514699999999996
0 0.7467578125 0.2588980144927536 0.0737500000000001 0.118238
0 0.8276171875 0.21335357971014493 0.08499999999999996 0.139104
