0 0.0859378125 0.9479170833333334 0.073242 0.09895799999999995
0 0.3681645 0.608073 0.015625 0.03125
0 0.519531375 0.6901040000000002 0.011719000000000035 0.03125
0 0.5449223125 0.8841146666666666 0.027343000000000006 0.08593700000000008
0 0.7158200625 0.7096353333333334 0.04980499999999999 0.07421899999999981
0 0.72656275 0.6367185 0.024413999999999936 0.04947900000000005
0 0.7626955 0.638021 0.015625 0.03125
0 0.8134763125 0.5690104166666666 0.02636700000000003 0.04557299999999994
0 0.818359125 0.8020829166666666 0.03613300000000008 0.06119799999999994
0 0.81933575 0.8072913333333332 0.024413999999999936 0.04296900000000011
0 0.8183590625 0.572917 0.018554999999999988 0.03255199999999999
0 0.852538625 0.6041665 0.02050799999999997 0.049478999999999905
