0 0.188181625 0.35529592327698306 0.05116200000000001 0.07430400000000005
0 0.2077621875 0.45628821456436935 0.05348900000000001 0.10216699999999991
0 0.31339075 0.5191976540962289 0.055813 0.09287900000000006
0 0.312182375 0.4120143628088426 0.044186 0.06501499999999999
0 0.363344375 0.46885748374512354 0.044186 0.08359099999999998
0 0.3852519375 0.3504053133940182 0.046511000000000025 0.07739899999999998
0 0.4263671875 0.5523238023407022 0.05348799999999998 0.05263099999999997
0 0.437763375 0.4185163133940182 0.044186 0.07739900000000001
0 0.542414375 0.4326959232769831 0.04418599999999995 0.07430300000000006
0 0.5492503125 0.5400644837451236 0.05813999999999997 0.08359099999999998
0 0.6217161875 0.5152964837451235 0.05348799999999998 0.08359199999999997
0 0.6317629375 0.39832997269180753 0.046512 0.06192000000000003
0 0.719158375 0.43381104421326394 0.04418599999999995 0.095975
0 0.78939 0.4263186540962289 0.06279000000000001 0.09287899999999999
