0 0.0665625 0.8886965766423358 0.04875 0.13071899999999997
0 0.121171875 0.6244575766423358 0.06000000000000001 0.13071899999999997
0 0.12785156250000002 0.37066030656934307 0.06499999999999999 0.11484499999999996
0 0.250390625 0.9317662846715329 0.08249999999999999 0.13445300000000007
0 0.243984375 0.39271318248175185 0.04374999999999998 0.09710500000000002
0 0.32796875 0.6818727445255476 0.08750000000000002 0.10550899999999991
0 0.4058203125 0.467646598540146 0.057499999999999996 0.10831000000000005
0 0.4078515625 0.35932193430656933 0.03375 0.06349199999999999
0 0.438125 0.20870549635036492 0.033125000000000016 0.07282999999999999
0 0.499140625 0.6327272043795621 0.05249999999999999 0.07843199999999996
0 0.5400390625 0.545774496350365 0.050000000000000044 0.07282899999999988
0 0.5411328125 0.4074667883211679 0.04125000000000001 0.066293
0 0.63453125 0.1807915109489051 0.07125000000000004 0.19141
