0 0.13476575000000002 0.5439884428152494 0.05664000000000001 0.08211099999999993
0 0.1875 0.19061623753665688 0.03125 0.058651
0 0.241211 0.43401796187683284 0.03125 0.052786000000000055
0 0.2617184375 0.40762496187683284 0.029296999999999962 0.054252
0 0.338867375 0.7595311612903226 0.07519499999999996 0.1627560000000001
0 0.413085875 0.473606788856305 0.027344000000000035 0.06158400000000002
0 0.456054375 0.2375368211143695 0.04296899999999998 0.095308
0 0.4990230625 0.43108485923753664 0.018555000000000044 0.04398800000000001
0 0.6308589375 0.5469210967741935 0.04589900000000002 0.09970600000000004
0 0.65625 0.40762485923753666 0.03125 0.041055999999999954
0 0.6572261875 0.41495585923753664 0.021485000000000087 0.04252200000000007
0 0.717773 0.4516132375366569 0.03125 0.05865099999999998
0 0.7734375 0.5454542375366569 0.046875 0.05718499999999995
0 0.8398434375 0.3504399618768328 0.030274000000000023 0.05278599999999997
0 0.9580074375 0.37389996187683283 0.030274000000000023 0.05425299999999998
