0 0.02734375 0.7371484375 0.056667 0.061249999999999916
0 0.028853833333333332 0.6553515625 0.026667 0.03374999999999995
0 0.13276008333333333 0.6633203125 0.03416699999999998 0.02562500000000001
0 0.13958366666666666 0.66734375 0.02333300000000001 0.023749999999999938
0 0.21932325 0.73140625 0.070833 0.07187499999999991
0 0.24973958333333335 0.8070703125 0.05083299999999998 0.05812499999999998
0 0.25489616666666665 0.67734375 0.036665999999999976 0.023749999999999938
0 0.2970836666666667 0.6455859375 0.022500000000000037 0.015000000000000013
0 0.3011455 0.5568359375 0.015834000000000053 0.014999999999999902
0 0.3420836666666667 0.659296875 0.023332999999999975 0.028749999999999942
0 0.4597399166666667 0.8582421875 0.09166599999999996 0.08499999999999996
0 0.4324475833333334 0.6251953125 0.018333999999999923 0.02562500000000001
0 0.47546841666666667 0.6544921875 0.045000000000000005 0.05312499999999998
0 0.6330211666666666 0.8397265625 0.06833299999999998 0.09625000000000006
0 0.6138538333333333 0.6703515625 0.02750000000000008 0.03437499999999993
0 0.6557815833333334 0.6101171875 0.018333000000000006 0.021874999999999978
0 0.66255175 0.6634375 0.02500000000000006 0.016874999999999973
0 0.7106767499999999 0.7226171875 0.05666700000000002 0.05312499999999998
0 0.7832291666666666 0.65359375 0.036667000000000005 0.02375000000000005
0 0.7807815833333334 0.65046875 0.020832999999999952 0.023749999999999938
0 0.7953125 0.57484375 0.01583300000000006 0.024375000000000036
0 0.8563545 0.9312109375 0.11166600000000004 0.10750000000000004
0 0.8674475833333334 0.6083203125 0.020000000000000018 0.02562500000000001
0 0.87005175 0.6622265625 0.02500000000000006 0.03374999999999995
0 0.87921875 0.6615234375 0.02499999999999991 0.02937500000000004
0 0.9143232500000001 0.8326171875 0.07083299999999977 0.08499999999999996
0 0.9105725833333334 0.74828125 0.04999999999999997 0.03937499999999994
0 0.9306774166666667 0.63296875 0.014165999999999901 0.024375000000000036
0 0.9779166666666667 0.6770703125 0.022499999999999964 0.026874999999999982
0 0.9855208333333333 0.678125 0.02666700000000007 0.03249999999999997
