0 0.0629296875 0.8160414444444444 0.03875000000000001 0.10888900000000007
0 0.2465234375 0.7706948888888889 0.030625000000000013 0.09111100000000001
0 0.27140625 0.41465322222222223 0.008124999999999993 0.038887999999999985
0 0.2892578125 0.6283328888888888 0.010000000000000009 0.02888900000000009
0 0.395234375 0.6209025555555556 0.011874999999999969 0.017777999999999947
0 0.481484375 0.5572218888888888 0.012499999999999956 0.03000000000000005
0 0.565703125 0.6148606666666666 0.0050000000000000044 0.02333399999999999
0 0.638125 0.7003472222222222 0.03187499999999999 0.10333299999999992
0 0.6408984375 0.6956247777777778 0.02937500000000004 0.088889
0 0.6485546875 0.6183328888888888 0.007499999999999951 0.02777799999999993
0 0.6944140625 0.9065975555555555 0.018749999999999933 0.08222200000000009
0 0.6935546875 0.6365967777777778 0.006249999999999978 0.02444500000000005
0 0.7216796875 0.6297915555555555 0.006249999999999978 0.020000000000000066
0 0.73390625 0.49326377777777775 0.009375000000000022 0.02444500000000005
0 0.7480078125 0.6077087777777778 0.010000000000000009 0.02555499999999997
0 0.763359375 0.4977087777777778 0.012500000000000067 0.02666599999999993
0 0.7748828125 0.6231245555555556 0.010000000000000009 0.020000000000000066
0 0.822109375 0.6320135555555555 0.012499999999999956 0.020000000000000066
0 0.83140625 0.6193056666666666 0.009375000000000022 0.02111100000000003
0 0.8448046875 0.6409025555555554 0.007499999999999951 0.017778000000000144
0 0.85453125 0.6342365555555555 0.009375000000000022 0.020000000000000066
0 0.886875 0.8194446666666666 0.03187499999999999 0.08666600000000003
0 0.8754296875 0.5997915555555555 0.006249999999999978 0.017777999999999947
0 0.897421875 0.7166667777777778 0.028749999999999942 0.05666700000000002
0 0.92890625 0.6042365555555556 0.008749999999999925 0.018887999999999967
0 0.94453125 0.7008333333333333 0.008749999999999925 0.04333300000000002
0 0.9530078125 0.5975695555555556 0.011249999999999982 0.01999999999999997
0 0.9571875 0.6288197777777778 0.015625 0.026666000000000127
0 0.971640625 0.6936804444444444 0.020625000000000004 0.045556000000000076
0 0.985859375 0.5759726666666666 0.011874999999999969 0.021111000000000126
0 0.992109375 0.6738196666666666 0.013125000000000053 0.05222200000000004
