0 0.0162890625 0.48748936177474406 0.018125 0.03387999999999999
0 0.0583203125 0.5425372696245734 0.025624999999999995 0.05355200000000005
0 0.2373046875 0.43926739249146757 0.007500000000000007 0.025137000000000076
0 0.2460546875 0.43878887713310577 0.007499999999999979 0.027322000000000058
0 0.2945703125 0.6099517235494881 0.026875000000000038 0.06338800000000003
0 0.418359375 0.3583933924914675 0.012500000000000011 0.025137000000000027
0 0.4261328125 0.5245717542662116 0.010624999999999996 0.05573699999999999
0 0.5343359375 0.4443868464163822 0.014375000000000027 0.03606600000000002
0 0.624765625 0.7193756928327646 0.020000000000000018 0.07103799999999989
0 0.6435546875 0.38400990784982936 0.006249999999999978 0.02185699999999999
0 0.6530078125 0.4136518771331058 0.011250000000000093 0.02732199999999996
0 0.7109375 0.6961557542662116 0.016874999999999973 0.05683099999999995
0 0.7723828125 0.4119453924914676 0.011250000000000093 0.02513699999999998
0 0.798984375 0.5617297542662116 0.012500000000000067 0.05464500000000002
0 0.9312890625 0.4758702696245734 0.018750000000000044 0.053551999999999954
