0 0.2101171875 0.472630788856305 0.05374999999999999 0.06191299999999993
0 0.2247265625 0.6346995073313784 0.06562499999999999 0.14446499999999998
0 0.2605078125 0.37653606451612903 0.04249999999999998 0.06472800000000005
0 0.2904296875 0.2770355835777126 0.03750000000000003 0.04033700000000002
0 0.4121484375 0.28934913489736075 0.030624999999999958 0.04408999999999999
0 0.459375 0.4101969237536657 0.06437500000000002 0.10788
0 0.4638671875 0.2548762375366569 0.05375000000000002 0.05722299999999999
0 0.53765625 0.2822538592375367 0.04062500000000002 0.042213999999999974
0 0.69671875 0.02346041055718475 0.05624999999999991 0.049719
0 0.704453125 0.1862776862170088 0.036250000000000004 0.05159500000000001
0 0.7346875 0.24602351319648094 0.04874999999999996 0.060037
0 0.744296875 0.4545230263929619 0.05937500000000007 0.11913700000000002
0 0.858359375 0.19460213489736072 0.043749999999999956 0.046904
