0 0.2245285 0.6131051348973607 0.017012 0.04444499999999991
0 0.2428749375 0.1424768211143695 0.04659800000000003 0.09666600000000002
0 0.3125465 0.6327498592375367 0.01627200000000001 0.04222199999999995
0 0.3960971875 0.6223494105571847 0.022928999999999977 0.047777999999999966
0 0.41376225 0.1703913401759531 0.039941000000000004 0.06777699999999998
0 0.4950019375 0.6257285835777127 0.014052999999999982 0.03999999999999996
0 0.591011375 0.15292244281524928 0.04363899999999998 0.08111099999999997
0 0.5797950625 0.6109283079178885 0.01775099999999996 0.03777799999999998
0 0.6742041875 0.6101725835777126 0.022189000000000014 0.039999999999999876
0 0.68817025 0.14923416715542523 0.039941000000000004 0.07777799999999997
0 0.7698840625 0.6268395835777126 0.01923000000000008 0.03888899999999988
