0 0.09828125 0.3081220922401171 0.03937499999999999 0.07129499999999998
0 0.164375 0.2827940922401171 0.0325 0.07129400000000001
0 0.1798828125 0.3860973499267935 0.04187500000000002 0.07692300000000005
0 0.298203125 0.39296196339677886 0.036250000000000004 0.06941800000000001
0 0.3023046875 0.5548390922401172 0.03812500000000002 0.07223199999999998
0 0.314921875 0.35386057686676425 0.028124999999999956 0.060037000000000035
0 0.3315234375 0.28766844802342606 0.030624999999999958 0.05722299999999998
0 0.37875 0.5351390922401171 0.033125000000000016 0.07317100000000001
0 0.395 0.6425630614934115 0.03249999999999997 0.04971899999999992
0 0.4171484375 0.23765183455344072 0.030624999999999958 0.06566599999999999
0 0.466328125 0.5163770922401172 0.03687499999999999 0.07035699999999992
0 0.4775 0.2852663191800878 0.033125000000000016 0.05534700000000003
0 0.5178515625 0.23097157686676428 0.034375000000000044 0.06003699999999999
0 0.563125 0.4877089633967789 0.03312499999999996 0.0675420000000001
0 0.6034765625 0.22493070571010249 0.03499999999999992 0.061914
0 0.623125 0.5069529326500732 0.03187499999999999 0.04409000000000001
0 0.6534765625 0.27693757686676423 0.03375000000000006 0.060037000000000035
0 0.7223046875 0.5012538345534406 0.038124999999999964 0.06566600000000007
0 0.732578125 0.25712331918008785 0.036250000000000004 0.05347099999999999
0 0.793203125 0.3037297057101025 0.03687499999999999 0.06191400000000004
