0 0.2161328125 0.6081946666666667 0.010624999999999996 0.02333299999999995
0 0.218359375 0.6599307777777778 0.013124999999999998 0.02555499999999997
0 0.24078125 0.5997915555555555 0.009374999999999994 0.01999999999999997
0 0.2686328125 0.6020135555555556 0.010624999999999996 0.017777999999999947
0 0.2862109375 0.6394448888888888 0.015000000000000013 0.02888800000000005
0 0.3023828125 0.6436114444444444 0.011250000000000038 0.015554999999999986
0 0.3228125 0.8901387777777777 0.048750000000000016 0.11888899999999986
0 0.323359375 0.645625 0.013124999999999998 0.03222199999999997
0 0.3342578125 0.6342365555555555 0.010000000000000009 0.020000000000000066
0 0.34328125 0.5970836666666668 0.009375000000000022 0.02222199999999989
0 0.3661328125 0.5936114444444445 0.010000000000000009 0.015554999999999986
0 0.368359375 0.6297915555555555 0.011875000000000024 0.020000000000000066
0 0.37515625 0.5604166666666667 0.008124999999999993 0.02111100000000003
0 0.383984375 0.6438888888888888 0.012500000000000011 0.03000000000000005
0 0.4048828125 0.5581946666666666 0.009999999999999953 0.02111100000000003
0 0.4068359375 0.6458334444444445 0.013749999999999984 0.015554999999999986
0 0.41515625 0.5909025555555556 0.00874999999999998 0.017777999999999947
0 0.4218359375 0.6779862222222222 0.015000000000000013 0.041110999999999995
0 0.4236328125 0.5520135555555554 0.010624999999999996 0.020000000000000066
0 0.4312109375 0.5832637777777778 0.013749999999999984 0.024444999999999953
0 0.4577734375 0.9320141111111112 0.06187500000000001 0.13111099999999987
0 0.48953125 0.6648606666666667 0.008750000000000036 0.02333399999999999
0 0.501484375 0.6783328888888889 0.013125000000000053 0.031111999999999956
0 0.5571875 0.6377087777777777 0.015625 0.024444000000000108
0 0.589609375 0.674514 0.011874999999999969 0.03333300000000003
0 0.6268359375 0.6135412222222222 0.01375000000000004 0.04111200000000004
0 0.6674609375 0.616110888888889 0.014375000000000027 0.029999999999999853
0 0.7013671875 0.6827086666666666 0.02312499999999995 0.05222200000000004
0 0.7184375 0.6955557777777778 0.016875000000000084 0.05666599999999998
0 0.7696875 0.5732637777777778 0.015625 0.026666999999999972
0 0.7718359375 0.23611088888888887 0.015000000000000013 0.030000000000000027
0 0.8099609375 0.603403 0.014375000000000027 0.03222199999999997
0 0.8546875 0.6947914444444444 0.016249999999999987 0.045556000000000076
0 0.8734375 0.48611088888888887 0.015625 0.02888899999999999
0 0.9265625 0.12388888888888888 0.016250000000000098 0.030000000000000027
