0 0.0650390625 0.6397395833333334 0.019374999999999996 0.05166700000000005
0 0.0667578125 0.6467705 0.011249999999999996 0.04833399999999995
0 0.2623046875 0.4648434166666666 0.007499999999999951 0.013334000000000032
0 0.29140625 0.4635413333333333 0.008125000000000049 0.01166700000000002
0 0.318203125 0.4573434166666666 0.0050000000000000044 0.01416700000000004
0 0.4609375 0.32286425 0.016874999999999973 0.04083399999999996
0 0.6480078125 0.61317675 0.04250000000000009 0.05499999999999994
0 0.6959375 0.5223961666666667 0.015625 0.03666599999999994
0 0.718359375 0.48119825 0.011874999999999969 0.040832999999999973
0 0.806640625 0.5560416666666667 0.020625000000000004 0.05333299999999993
