0 0.0421484375 0.587855448023426 0.030625000000000003 0.05722399999999995
0 0.0862890625 0.5238379326500732 0.019375000000000003 0.045966000000000125
0 0.1026171875 0.7621560922401173 0.022500000000000006 0.07129399999999993
0 0.2291796875 0.6743879633967789 0.03875000000000001 0.06941799999999997
0 0.2726171875 0.25295944802342607 0.02312499999999995 0.05722299999999998
0 0.5305859375 0.2525907364568082 0.0462499999999999 0.08630399999999998
0 0.7745703125 0.24673422108345536 0.026874999999999982 0.074109
0 0.8791796875 0.7978731903367495 0.038125000000000075 0.052533000000000184
0 0.8913671875 0.2629356749633968 0.021874999999999978 0.03846199999999999
0 0.943203125 0.8747961903367497 0.036250000000000004 0.05253299999999985
0 0.9669921875 0.624441448023426 0.02312499999999995 0.05722299999999998
