0 0.050312499999999996 0.4318098960468521 0.04875 0.11350799999999998
0 0.12984374999999998 0.6274752459736457 0.086875 0.18855500000000003
0 0.2415625 0.4771614480234261 0.01749999999999996 0.05816199999999993
0 0.2561328125 0.43176573645680816 0.04250000000000001 0.08724200000000004
0 0.3891796875 0.43249344216691066 0.07 0.14727999999999997
0 0.4983203125 0.479221803806735 0.02562500000000001 0.042213999999999974
0 0.5232421875 0.4746450614934114 0.02187500000000009 0.04784300000000005
0 0.6319140625 0.493292803806735 0.018124999999999947 0.04221400000000006
0 0.727265625 0.45583118448023424 0.08250000000000002 0.14259000000000005
0 0.858984375 0.423874803806735 0.012499999999999956 0.04221400000000006
0 0.906640625 0.5810973748169839 0.05249999999999999 0.190431
