0 0.016875 0.44210969679300294 0.0325 0.06902999999999991
0 0.0503515625 0.7740253265306122 0.03375 0.08395500000000004
0 0.062265625 0.29256225947521863 0.019999999999999997 0.03171699999999998
0 0.12109375 0.7390451341107872 0.056249999999999994 0.10634299999999984
0 0.12785156250000002 0.5930553265306122 0.03499999999999999 0.08208899999999995
0 0.1416015625 0.5399402448979591 0.03375 0.063433
0 0.146171875 0.324104889212828 0.027499999999999997 0.04477600000000002
0 0.1926953125 0.2866175189504373 0.026249999999999996 0.05970099999999998
0 0.211875 0.5005878746355685 0.03125 0.07835800000000005
0 0.4996875 0.33244820116618073 0.17250000000000004 0.15858200000000003
0 0.44171875 0.44642334110787174 0.023749999999999993 0.05037300000000001
0 0.489375 0.5888565189504373 0.03249999999999997 0.05970099999999998
0 0.4955078125 0.7395672448979591 0.04249999999999998 0.061567000000000156
0 0.519765625 0.5166771632653061 0.02124999999999999 0.04290999999999992
0 0.5469921875 0.5370247930029154 0.022499999999999964 0.05783600000000001
0 0.7343359375 0.4250900233236152 0.38874999999999993 0.15112
0 0.576328125 0.6960746005830903 0.036250000000000004 0.08022400000000006
0 0.5783984375 0.530203970845481 0.030000000000000027 0.06529899999999994
0 0.6289453125 0.527462889212828 0.026249999999999996 0.04664200000000003
0 0.636875 0.623487970845481 0.03125 0.06529799999999997
0 0.6587109375 0.7725676005830904 0.04500000000000004 0.08022399999999998
0 0.67296875 0.566641889212828 0.025000000000000022 0.04664199999999995
0 0.71046875 0.5594127930029154 0.025000000000000022 0.05783600000000001
0 0.725625 0.7733831486880467 0.03125 0.07462699999999999
0 0.7619921875 0.5627365189504373 0.022500000000000075 0.059702000000000026
0 0.7859375 0.8643938746355685 0.04875000000000007 0.07835799999999989
0 0.781875 0.7043531486880467 0.03125 0.07462699999999999
0 0.80296875 0.5780697930029155 0.023749999999999938 0.05783600000000001
0 0.851171875 0.6116517930029154 0.028749999999999942 0.05783600000000001
0 0.859921875 0.5629108892128281 0.02750000000000008 0.04477600000000002
