0 0.0569921875 0.3330211666666667 0.023125000000000007 0.06916599999999999
0 0.106875 0.3419788333333333 0.0325 0.05833400000000007
0 0.288671875 0.32020866666666664 0.028124999999999956 0.053333
0 0.327265625 0.3173961666666667 0.020625000000000004 0.03833300000000003
0 0.4476953125 0.2096875 0.11937499999999995 0.23500000000000001
0 0.5558203125 0.3386458333333333 0.026249999999999996 0.058333000000000045
0 0.5543359375 0.3358333333333334 0.015000000000000013 0.041666999999999975
0 0.6350390625 0.33630175 0.11250000000000004 0.213334
0 0.766171875 0.3354684166666666 0.028750000000000053 0.04500000000000004
0 0.772890625 0.28791666666666665 0.020624999999999893 0.02166700000000003
0 0.7801171875 0.2938024166666667 0.021874999999999978 0.046665999999999985
0 0.8966796875 0.3235934166666667 0.03749999999999998 0.07750000000000005
