0 0.0087890625 0.5216980501474926 0.019375 0.11992399999999999
0 0.04046875 0.2630255663716814 0.05500000000000001 0.09914999999999997
0 0.138671875 0.20819405014749262 0.05875 0.11803600000000002
0 0.23390625 0.3565013864306784 0.07062499999999997 0.14542100000000005
0 0.244609375 0.2964896401179941 0.04374999999999998 0.09537299999999999
0 0.3486328125 0.2228346401179941 0.04125000000000001 0.097262
0 0.52078125 0.34612256637168143 0.040000000000000036 0.09915099999999996
0 0.5692578125 0.44232371386430674 0.04125000000000001 0.09254
0 0.5830078125 0.5424802300884956 0.04125000000000001 0.07176600000000002
0 0.6425 0.4604440825958703 0.03187499999999999 0.07743199999999992
0 0.67234375 0.2801312389380531 0.05499999999999994 0.152975
0 0.8128125 0.3379751238938053 0.04874999999999996 0.11614799999999996
0 0.890234375 0.2682313362831858 0.013124999999999942 0.027385000000000024
0 0.9430078125 0.27159526253687316 0.010624999999999996 0.03116199999999996
0 0.987890625 0.280787197640118 0.02124999999999999 0.114259
