0 0.095546875 0.20294283455344073 0.028124999999999997 0.065666
0 0.1619140625 0.1922820614934114 0.019374999999999976 0.047842000000000016
0 0.2026171875 0.22529841727672034 0.021875000000000006 0.032832999999999994
0 0.26421875 0.4845444729136164 0.05625000000000002 0.17260799999999996
0 0.318359375 0.4121799941434846 0.04375000000000001 0.09286999999999998
0 0.3640234375 0.20504634992679352 0.029374999999999984 0.07692300000000002
0 0.4255859375 0.24016822108345534 0.044999999999999984 0.075047
0 0.4975390625 0.20125019033674962 0.018124999999999947 0.05253300000000002
0 0.5084375 0.19580554612005854 0.015625 0.036586000000000014
0 0.61609375 0.45722621522693996 0.055625000000000036 0.166041
0 0.6166796875 0.22955060761347 0.038124999999999964 0.082552
0 0.8099609375 0.23787934992679358 0.04625000000000001 0.076923
