0 0.04484375 0.3990264322766571 0.05499999999999999 0.09778599999999996
0 0.122890625 0.2801290317002882 0.11374999999999999 0.147602
0 0.1409765625 0.36863673198847263 0.06499999999999999 0.12269399999999998
0 0.198046875 0.41776666570605187 0.05937499999999998 0.086716
0 0.246484375 0.36199609798270893 0.07562499999999997 0.18173400000000006
0 0.349296875 0.40380657636887607 0.05874999999999997 0.128229
0 0.409296875 0.34424765417867437 0.08999999999999997 0.125461
0 0.4105859375 0.44734821037463973 0.044999999999999984 0.06826500000000005
0 0.4598828125 0.44924651008645533 0.041874999999999996 0.09409499999999996
0 0.5114062500000001 0.48234166570605186 0.04062499999999997 0.086716
0 0.5266015625 0.4041655994236311 0.034375000000000044 0.05258299999999996
0 0.6140625 0.4416378213256484 0.04875000000000007 0.083025
0 0.6691796875 0.8639098876080691 0.03749999999999998 0.11715900000000004
0 0.72140625 0.46377782132564843 0.039999999999999925 0.08302599999999993
0 0.7483984375 0.44244597694524496 0.02937500000000004 0.07749000000000006
0 0.7923828125 0.4965304438040346 0.04125000000000001 0.05904100000000005
0 0.82375 0.8210780547550433 0.03249999999999997 0.073801
0 0.83625 0.4908282997118156 0.03187499999999999 0.02859799999999993
0 0.8641796875 0.8474187319884726 0.038125000000000075 0.12361700000000005
0 0.8608203125 0.779389665706052 0.02562500000000001 0.08671599999999992
0 0.9198046875 0.5035063659942363 0.03874999999999995 0.061807999999999974
0 0.98375 0.538218832853026 0.03125 0.04335800000000004
0 0.9903125 0.6449938991354467 0.016874999999999973 0.079335
