0 0.8962811875 0.16528055408970976 0.08460600000000007 0.250794
0 0.0886628125 0.3293294643799472 0.04112800000000001 0.23174600000000004
0 0.2478795 0.12417801583113457 0.04817799999999997 0.12381
0 0.30701475 0.14153385224274406 0.05522899999999997 0.20317400000000002
0 0.3154548125 0.6601495382585753 0.04230299999999998 0.12698499999999988
0 0.4780136875 0.12735301583113456 0.037603 0.123809
0 0.5359749375 0.7362986728232189 0.04582799999999998 0.16190500000000002
0 0.6025736875 0.21723024010554093 0.03877800000000009 0.17460299999999995
0 0.6438845 0.8162420158311345 0.04700300000000002 0.12380899999999999
0 0.7106494375 0.634711672823219 0.06228 0.15872999999999984
0 0.720678 0.11201549340369395 0.03290199999999999 0.12063499999999999
