0 0.0818359375 0.5048409854227406 0.015 0.03358199999999995
0 0.1453125 0.582556807580175 0.017499999999999988 0.026119999999999907
0 0.2015625 0.5805174373177844 0.017499999999999988 0.03917899999999994
0 0.2643359375 0.5858805335276968 0.015000000000000013 0.02798500000000004
0 0.3330859375 0.5809257113702623 0.01375000000000004 0.03544800000000005
0 0.3978125 0.5724132594752187 0.016249999999999987 0.02985099999999997
0 0.4778125 0.5715977113702624 0.017500000000000016 0.03731300000000001
0 0.5503125 0.5581294373177842 0.01750000000000007 0.03917900000000011
0 0.619765625 0.5790597113702625 0.02124999999999999 0.037313999999999896
0 0.6869921875 0.5483931632653062 0.022499999999999964 0.042910000000000004
0 0.8628125 0.5577211632653062 0.01750000000000007 0.04104500000000004
0 0.972265625 0.5589449854227405 0.02124999999999999 0.033582999999999995
