0 0.281015625 0.6182291666666666 0.02124999999999999 0.036667000000000005
0 0.3235546875 0.65515625 0.03750000000000003 0.07166700000000015
0 0.33046875 0.5965621666666666 0.02375000000000005 0.038333999999999945
0 0.389375 0.6270836666666666 0.03249999999999997 0.021666000000000112
0 0.4223046875 0.69744825 0.03749999999999998 0.10166599999999996
0 0.448515625 0.6154684166666667 0.020000000000000018 0.04666699999999994
0 0.492890625 0.7110934166666666 0.05125000000000002 0.07666700000000004
0 0.521171875 0.672917 0.028750000000000053 0.0650000000000001
0 0.5237890625 0.582292 0.018749999999999933 0.03333299999999991
0 0.983671875 0.6564583333333333 0.028750000000000053 0.07333300000000002
