0 0.0484375 0.12296767213114754 0.047999999999999994 0.104026
0 0.19496875 0.7897902786885247 0.087 0.18456299999999995
0 0.2326640625 0.48937696721311474 0.11199999999999999 0.191275
0 0.316578125 0.06809919672131147 0.03700000000000003 0.06207999999999999
0 0.4603671875 0.5753325245901639 0.05399999999999999 0.159396
0 0.483578125 0.09974726229508196 0.035999999999999976 0.08053700000000003
0 0.53853125 0.3999672950819672 0.040000000000000036 0.08892600000000003
0 0.56315625 0.14611077049180327 0.07199999999999995 0.13422800000000001
0 0.57453125 0.4150672950819672 0.040999999999999925 0.09060400000000005
0 0.824671875 0.021311475409836064 0.028999999999999915 0.045302
0 0.8804140625 0.12136698360655739 0.049000000000000044 0.09563700000000001
0 0.9243203125 0.31657481967213114 0.05799999999999994 0.048657999999999986
0 0.9276484375 0.41167363934426227 0.029999999999999916 0.09395999999999999
0 0.955578125 0.6949223934426229 0.03700000000000003 0.11912800000000005
