0 0.00390625 0.5340426749633969 0.009375 0.03846199999999999
0 0.105625 0.7357758345534408 0.033125 0.06566599999999999
0 0.180703125 0.6124739633967788 0.03562500000000002 0.06941900000000002
0 0.1946484375 0.33468670571010245 0.030625000000000013 0.06285200000000002
0 0.2822265625 0.3070698345534407 0.03437499999999999 0.06566600000000003
0 0.28625 0.7767090614934115 0.03187499999999999 0.046904999999999995
0 0.2991796875 0.5953604480234261 0.03749999999999998 0.05722299999999998
0 0.35296875 0.33487106149341145 0.02437499999999998 0.04971799999999999
0 0.3959765625 0.5831654480234261 0.03375 0.05816100000000004
0 0.422421875 0.6429749326500732 0.027500000000000024 0.04596599999999996
0 0.4301171875 0.331942803806735 0.023125000000000007 0.042213999999999974
0 0.4521484375 0.4352460614934114 0.030625000000000013 0.04971800000000003
0 0.4890234375 0.6469554480234261 0.030625000000000013 0.0572229999999999
0 0.5196484375 0.30913019033674966 0.030625000000000013 0.05065700000000002
0 0.546875 0.4308978345534407 0.03125 0.06566599999999999
0 0.5495703125 0.5951329326500733 0.02562500000000001 0.04596600000000004
0 0.6064453125 0.31434731918008785 0.026874999999999982 0.054408999999999964
0 0.612578125 0.5999371903367496 0.03687499999999999 0.05159500000000004
0 0.67171875 0.3232011903367496 0.024374999999999925 0.051594999999999995
0 0.699296875 0.6043295768667643 0.028124999999999956 0.05909900000000001
0 0.7027734375 0.5190336749633968 0.030000000000000027 0.04033800000000002
0 0.784296875 0.5488683191800878 0.028124999999999956 0.054408999999999964
0 0.8041796875 0.40087883455344075 0.03749999999999998 0.06566600000000003
0 0.850703125 0.416186448023426 0.03562500000000002 0.057223000000000065
