0 0.0068359375 0.09879382120838472 0.014667 0.044613
0 0.0322265625 0.35107314796547473 0.066 0.17087600000000006
0 0.1020283125 0.10261177558569666 0.02600000000000001 0.043771000000000004
0 0.1606953125 0.12062091245376079 0.027332999999999996 0.051345999999999996
0 0.26136231249999997 0.06686672996300863 0.027333000000000024 0.03956199999999999
0 0.2898125 0.10721182120838471 0.017333000000000043 0.04545400000000001
0 0.3217001875 0.18631350554870532 0.054666999999999966 0.08249100000000004
0 0.36955175 0.4736502885326757 0.148667 0.23400700000000005
0 0.3387421875 0.07714545622688039 0.023332999999999993 0.026094
0 0.34771875 0.12825582120838472 0.024666999999999994 0.04629599999999999
0 0.5066484375 0.10402254747225648 0.030000000000000027 0.031986
0 0.5296533125 0.2354077336621455 0.057333999999999996 0.09511799999999998
0 0.5359345625 0.14463986683107274 0.03399999999999992 0.04713799999999999
0 0.53905175 0.09711082120838471 0.024666999999999994 0.044613
0 0.6083671875 0.17867859679408138 0.053333000000000075 0.08754200000000001
0 0.6318984375 0.43677773736128234 0.09266700000000005 0.148148
0 0.68638575 0.10429477558569668 0.024665999999999966 0.04208799999999999
0 0.744245125 0.13643618618988904 0.03533300000000006 0.06565699999999998
0 0.77515625 0.26833123551171395 0.07133299999999998 0.12205399999999997
0 0.781625 0.11079214056720098 0.031332999999999944 0.06229
0 0.8346953125 0.11647082120838471 0.02733300000000005 0.04629600000000001
0 0.88705175 0.11355477558569667 0.024666999999999994 0.04292900000000001
0 0.9274375 0.18844745992601727 0.04733299999999996 0.08080799999999998
