0 0.1051171875 0.816171875 0.05312499999999999 0.06000000000000005
0 0.1969140625 0.323515625 0.05000000000000002 0.05125000000000002
0 0.1908203125 0.473515625 0.02562499999999998 0.020625000000000004
0 0.2183984375 0.48515625 0.030625000000000013 0.03937499999999999
0 0.2854296875 0.60515625 0.06875000000000003 0.10250000000000004
0 0.2882421875 0.808125 0.05437499999999995 0.06312499999999999
0 0.324921875 0.4434765625 0.06 0.06624999999999998
0 0.43328125 0.4615625 0.04062499999999997 0.04812500000000003
0 0.5200390625 0.848828125 0.04937500000000006 0.036250000000000004
0 0.5434765625 0.4591796875 0.06500000000000006 0.07
0 0.5828515625 0.8387890625 0.06624999999999992 0.08062500000000006
