0 0.115390625 0.5850779618768328 0.01999999999999999 0.055398999999999955
0 0.222578125 0.6541502375366569 0.03562500000000002 0.057276999999999884
0 0.2422265625 0.535016788856305 0.03375000000000003 0.061971999999999916
0 0.337890625 0.5239304105571847 0.020625000000000004 0.047886999999999985
0 0.3575390625 0.7339350586510265 0.04999999999999999 0.1521129999999999
0 0.448515625 0.5239304105571847 0.021250000000000047 0.047886999999999985
0 0.5388671875 0.5168301348973607 0.023125000000000062 0.04600899999999997
0 0.7032421875 0.5358402375366569 0.022499999999999964 0.05633800000000004
0 0.8283984375 0.5626585131964809 0.02937500000000004 0.05915500000000006
0 0.90875 0.568935340175953 0.03125 0.06760600000000012
0 0.96515625 0.6832310586510264 0.039999999999999925 0.1502340000000001
