0 0.0479464375 0.756924304964539 0.031149000000000003 0.1528859999999999
0 0.0687465625 0.7545149432624114 0.06552100000000001 0.16848700000000003
0 0.09930975 0.7377786241134752 0.054778999999999994 0.15912700000000013
0 0.14637487500000002 0.7555058652482269 0.059077000000000005 0.1482060000000001
0 0.1941240625 0.7469952269503546 0.04940900000000001 0.132606
0 0.2462666875 0.7355089858156028 0.03759399999999999 0.14352500000000004
0 0.28727975 0.724869269503546 0.055852999999999986 0.106084
0 0.3542656875 0.7756471418439717 0.06981700000000002 0.18408800000000008
0 0.60932025 0.6860200141843972 0.10311499999999996 0.25897099999999995
0 0.6991555 0.7332513687943263 0.10955999999999999 0.3135729999999999
0 0.844461125 0.31006554609929077 0.25563899999999995 0.541341
0 0.853048 0.7119747730496454 0.126745 0.27145100000000005
