0 0.0895703125 0.8820821786237188 0.12062500000000001 0.23264599999999994
0 0.1508203125 0.23616176720351395 0.05812500000000001 0.10975599999999998
0 0.363203125 0.20639722108345535 0.03562499999999996 0.075047
0 0.50859375 0.3615489326500732 0.02437499999999998 0.04408999999999993
0 0.5608203125 0.4221831595900439 0.02562500000000001 0.028141999999999973
0 0.576796875 0.20459031918008783 0.028750000000000053 0.05347099999999997
0 0.6382421875 0.41696603074670574 0.02187500000000009 0.02439100000000004
0 0.685625 0.19761244802342606 0.03187499999999999 0.058161
0 0.70546875 0.8078676383601757 0.05625000000000002 0.10600400000000008
0 0.698046875 0.5316847057101025 0.02750000000000008 0.06191400000000008
0 0.799921875 0.6879068960468522 0.05999999999999994 0.11350899999999996
0 0.795078125 0.46144196339677895 0.03562500000000002 0.06941899999999994
0 0.8291796875 0.2133750922401171 0.03749999999999998 0.07035699999999999
0 0.9055078125 0.5300362210834554 0.04125000000000001 0.07504699999999996
