0 0.08859375 0.08396239477503628 0.05500000000000001 0.110595
0 0.1811328125 0.07920163715529754 0.04125000000000001 0.10687699999999999
0 0.294140625 0.07861591001451379 0.05125000000000002 0.12360600000000001
0 0.318203125 0.8127535616835995 0.06812500000000005 0.14312200000000003
0 0.4222265625 0.8100793193033383 0.06562499999999999 0.14869899999999994
0 0.7393359375 0.7414963642960812 0.04625000000000001 0.08922
0 0.7891015625 0.14448615239477505 0.06625000000000003 0.11617100000000001
0 0.8379296875 0.7284853642960814 0.03750000000000009 0.08736100000000001
0 0.8498046875 0.8263622278664731 0.038124999999999964 0.07992500000000011
0 0.9301171875 0.8491886066763426 0.05437499999999995 0.08364300000000006
