0 0.0212109375 0.6591145833333334 0.015624999999999998 0.020832999999999952
0 0.0510546875 0.6398434166666668 0.0075 0.014999999999999977
0 0.0696875 0.67088575 0.016875 0.025833000000000144
0 0.0736328125 0.6374475833333334 0.009999999999999995 0.018334
0 0.1292578125 0.6623434166666667 0.011249999999999996 0.014999999999999977
0 0.146484375 0.6645836666666667 0.011874999999999997 0.021666000000000036
0 0.16390625 0.6591145833333334 0.009374999999999994 0.020832999999999952
0 0.178046875 0.6991663333333333 0.02812500000000001 0.04416699999999999
0 0.289140625 0.6777600833333333 0.020625000000000004 0.035834
0 0.310859375 0.6874475833333333 0.011875000000000024 0.020000000000000018
0 0.3475390625 0.662292 0.018125000000000002 0.03333299999999998
0 0.3866796875 0.6407815833333333 0.007500000000000007 0.018333000000000082
0 0.4042578125 0.6404166666666667 0.011250000000000038 0.022499999999999964
0 0.606484375 0.6616145833333333 0.013125000000000053 0.018333000000000006
0 0.683984375 0.6457815833333332 0.011874999999999969 0.02083300000000003
0 0.8021875 0.66171875 0.015625 0.025832999999999995
0 0.840234375 0.6487496666666667 0.011874999999999969 0.02083399999999987
0 0.88390625 0.6454166666666666 0.008750000000000036 0.022499999999999964
0 0.8955859375 0.6511455 0.014374999999999916 0.017499999999999998
