0 0.08703125 0.03182435294117647 0.039999999999999994 0.06214700000000001
0 0.2480859375 0.5436830588235294 0.10750000000000001 0.185499
0 0.3189453125 0.26010876470588234 0.026874999999999982 0.06026299999999999
0 0.416328125 0.4029047647058823 0.09875 0.20998200000000003
0 0.5078125 0.3372357058823529 0.078125 0.175141
0 0.6091015625 0.3537722941176471 0.09687499999999993 0.17796599999999999
0 0.66359375 0.24020699999999998 0.024375000000000036 0.10075300000000002
0 0.691875 0.22172352941176468 0.03312499999999996 0.12052800000000002
0 0.7664453125 0.267608 0.08937499999999998 0.20056499999999994
0 0.962109375 0.04411764705882353 0.07437499999999997 0.090395
