0 0.0320703125 0.4219074991087344 0.026875 0.05815200000000008
0 0.100078125 0.4229822174688057 0.03562499999999999 0.08209800000000003
0 0.1569921875 0.41199890552584667 0.023125000000000007 0.04675000000000002
0 0.1936328125 0.4051569055258467 0.01125000000000001 0.04675000000000002
0 0.2562109375 0.3923537789661319 0.04562499999999997 0.147093
0 0.2851171875 0.43181609269162213 0.021875000000000033 0.07069500000000001
0 0.302109375 0.4170573743315508 0.013124999999999998 0.04446999999999998
0 0.323984375 0.3903991871657754 0.012500000000000011 0.022805000000000023
0 0.3719140625 0.40494756149732625 0.018750000000000044 0.06499400000000001
0 0.4090625 0.4155639679144385 0.01687500000000003 0.055871999999999984
0 0.4537890625 0.408512623885918 0.019374999999999976 0.07183599999999994
0 0.4936328125 0.42133024955436715 0.011249999999999982 0.031927000000000046
0 0.51390625 0.3688782495543672 0.009375000000000022 0.030787000000000026
0 0.564921875 0.40445009269162213 0.028124999999999956 0.06955499999999994
0 0.6598828125 0.3803745294117647 0.04125000000000001 0.11858600000000001
0 0.6781640625 0.39091115508021396 0.018749999999999933 0.07525599999999999
0 0.6954296875 0.42980971836007126 0.007499999999999951 0.025085000000000062
0 0.7337109375 0.424895311942959 0.014999999999999902 0.03648800000000003
0 0.7466796875 0.428315311942959 0.007499999999999951 0.03648799999999998
0 0.7781640625 0.4410023743315508 0.018749999999999933 0.04447000000000003
0 0.8262890625 0.4175558431372549 0.018124999999999947 0.04218899999999998
0 0.8805078125 0.4208317807486631 0.011249999999999982 0.03306700000000001
0 0.9157421875 0.4178439679144385 0.021874999999999978 0.055871999999999984
0 0.972265625 0.42439684313725495 0.020625000000000004 0.039908999999999945
0 0.9912109375 0.40971790552584675 0.015000000000000013 0.049030999999999964
