0 0.0296875 0.44200830791788853 0.01625 0.03662000000000004
0 0.0494140625 0.4177759296187683 0.018124999999999995 0.022535000000000024
0 0.104140625 0.44764230791788856 0.020625000000000004 0.03661999999999996
0 0.174609375 0.4469994809384164 0.013124999999999998 0.027230000000000056
0 0.2517578125 0.4573274809384164 0.010624999999999996 0.028169000000000062
0 0.3021875 0.46067175659824044 0.015625 0.030046999999999994
0 0.3778125 0.44805403225806456 0.015625 0.03286400000000002
0 0.4148828125 0.36771475659824043 0.011250000000000038 0.030986
0 0.447734375 0.4596172052785924 0.012499999999999956 0.026290999999999967
0 0.5148828125 0.45879375659824045 0.010000000000000009 0.03192500000000001
0 0.534609375 0.37522575659824053 0.013124999999999942 0.030985999999999916
0 0.5512109375 0.4569167565982405 0.013749999999999929 0.031923999999999945
0 0.6305859375 0.39870075659824045 0.014375000000000027 0.030985000000000026
0 0.678359375 0.45773920527859235 0.012500000000000067 0.024414000000000012
0 0.7261328125 0.4569167565982405 0.011250000000000093 0.031923999999999945
0 0.7780859375 0.45222175659824043 0.015000000000000013 0.030986
0 0.8293359375 0.46296148093841644 0.01375000000000004 0.029107999999999988
0 0.866484375 0.45773920527859235 0.013125000000000053 0.02629100000000005
0 0.915234375 0.4614952052785924 0.011874999999999969 0.026290999999999967
0 0.9587109375 0.4746412052785924 0.013749999999999929 0.02535199999999996
