0 0.1316015625 0.7053645833333334 0.06499999999999999 0.08250000000000002
0 0.11359375 0.36963541666666666 0.023749999999999993 0.046667000000000014
0 0.1298046875 0.49958366666666665 0.007500000000000007 0.022499999999999964
0 0.185703125 0.9534378333333332 0.09937499999999999 0.09000000000000015
0 0.211875 0.55119825 0.03125 0.04166600000000006
0 0.30125 0.6510934166666668 0.03125 0.07749999999999997
0 0.2898046875 0.5909899166666667 0.007500000000000007 0.030833000000000037
0 0.3765234375 0.5644788333333334 0.030625000000000013 0.05833399999999996
0 0.427265625 0.5932809166666666 0.020625000000000004 0.06000000000000005
0 0.4714453125 0.47151075 0.026874999999999982 0.055000000000000084
0 0.58 0.42505208333333333 0.03125 0.06583299999999996
0 0.6471875 0.451875 0.04812499999999997 0.09416700000000004
0 0.7675 0.4983336666666667 0.06312499999999999 0.08416599999999996
0 0.9236328125 0.4689059166666667 0.04125000000000001 0.09166699999999994
