0 0.0608984375 0.7659411618497111 0.0925 0.140611
0 0.0731640625 0.36515681502890174 0.081875 0.12950899999999999
0 0.1034765625 0.6015745144508671 0.034375 0.08603099999999994
0 0.17046875 0.38863294797687864 0.05499999999999999 0.09898300000000002
0 0.26296875 0.31277794797687863 0.056249999999999994 0.09898199999999999
0 0.312109375 0.24108725433526013 0.043749999999999956 0.07770599999999998
0 0.3575390625 0.9705075606936416 0.080625 0.05457900000000007
0 0.3351953125 0.7257034682080926 0.026874999999999982 0.11748399999999991
0 0.415 0.3369497341040463 0.03250000000000003 0.05827900000000001
0 0.5078125 0.26681468786127166 0.04812499999999997 0.08973100000000003
0 0.6228125 0.25715877456647396 0.04874999999999996 0.09343200000000004
0 0.7125 0.30682203468208097 0.06312499999999999 0.102683
0 0.76359375 0.27878029479768784 0.055625000000000036 0.11008300000000004
0 0.8970703125 0.3106325953757225 0.08937499999999998 0.15541100000000008
