0 0.010234375 0.6161975833333334 0.013125000000000001 0.08083399999999992
0 0.081171875 0.5819788333333333 0.028749999999999998 0.05833399999999996
0 0.0978125 0.513958 0.01625 0.03250000000000005
0 0.1905078125 0.64182325 0.04249999999999998 0.07083299999999992
0 0.223828125 0.5228645833333333 0.03562500000000002 0.08249999999999995
0 0.2593359375 0.8335934166666666 0.044999999999999984 0.07749999999999997
0 0.295 0.48364583333333333 0.03125 0.058333000000000045
0 0.4237890625 0.49906216666666664 0.018125000000000002 0.03833400000000009
0 0.4809765625 0.6808850833333334 0.03375 0.19166699999999995
0 0.496015625 0.6044270833333334 0.02062499999999995 0.034999999999999996
0 0.5039843749999999 0.4815621666666667 0.012500000000000011 0.038334000000000014
0 0.7287890625 0.5455208333333333 0.01937500000000003 0.02750000000000008
0 0.758359375 0.5609899166666666 0.012500000000000067 0.029166000000000025
0 0.7877734375 0.5635940833333334 0.02937500000000004 0.035833000000000004
0 0.830546875 0.57567675 0.028749999999999942 0.055000000000000014
0 0.864140625 0.760417 0.020625000000000004 0.06333299999999993
0 0.9021875 0.528958 0.015625 0.031667000000000035
0 0.9550390625 0.4945836666666667 0.018124999999999947 0.022499999999999964
0 0.9587890625 0.737917 0.018125000000000058 0.06499999999999995
0 0.9643359375 0.5384899166666667 0.014375000000000027 0.029165999999999952
0 0.9796875 0.5027600833333333 0.016874999999999973 0.03499999999999992
