0 0.0229296875 0.5404060967741936 0.03874999999999999 0.09859099999999998
0 0.0328125 0.22492668621700881 0.016875 0.05164300000000001
0 0.1056640625 0.49750926979472143 0.05 0.08826299999999997
0 0.1455078125 0.4834893401759531 0.04250000000000001 0.06948399999999998
0 0.466953125 0.2368744046920821 0.06687499999999996 0.132394
0 0.7378125 0.8333495073313784 0.08000000000000007 0.14647900000000003
0 0.7740234375 0.2653026862170088 0.02937499999999993 0.05164299999999997
0 0.8746875 0.6040239941348973 0.04875000000000007 0.08638500000000005
0 0.9737109375 0.7812307126099707 0.04625000000000001 0.1680750000000001
0 0.980703125 0.6055417507331378 0.036250000000000004 0.11549300000000011
0 0.985546875 0.2581373401759531 0.02749999999999997 0.06760599999999996
