0 0.1251953125 0.4706184346549192 0.026874999999999996 0.08654699999999994
0 0.1900390625 0.5442941483113068 0.018750000000000017 0.07713999999999996
0 0.2948828125 0.5891055756240823 0.010000000000000009 0.060207000000000004
0 0.420625 0.32976128928046994 0.03125 0.05268099999999998
0 0.5277734375 0.46857671806167406 0.02937499999999993 0.053621999999999954
0 0.6212890625 0.45894000293685755 0.018124999999999947 0.042333000000000016
0 0.658515625 0.5935557209985316 0.05249999999999999 0.09595499999999997
0 0.7431640625 0.7328754390602056 0.050000000000000044 0.14863600000000007
0 0.745703125 0.7582995785609398 0.03562500000000002 0.10065799999999997
0 0.912265625 0.5845612922173274 0.05125000000000002 0.09219200000000002
