0 0.0335546875 0.35244060761347 0.03875 0.08442700000000002
0 0.0423828125 0.30958622108345535 0.041875 0.075047
0 0.0965234375 0.3043441537335285 0.061874999999999986 0.11726000000000002
0 0.1975 0.34530331918008783 0.03187499999999999 0.05347099999999999
0 0.2321484375 0.35528054612005855 0.030625000000000013 0.03658500000000002
0 0.301953125 0.3385971229868228 0.03562500000000002 0.09474700000000003
0 0.356953125 0.3137069326500732 0.03562500000000002 0.045966
0 0.4201953125 0.3097705768667643 0.026875000000000038 0.05909900000000001
0 0.463203125 0.34701318448023427 0.06687500000000002 0.14165099999999997
0 0.6552734375 0.32372731918008785 0.02937500000000004 0.054408999999999964
0 0.7384375 0.34276099414348465 0.048125000000000084 0.092871
0 0.7592578125 0.6433167057101025 0.04249999999999998 0.06191400000000008
0 0.7688671875 0.32313209224011713 0.021874999999999978 0.07129400000000001
0 0.8017578125 0.34399760761347 0.04125000000000001 0.08349000000000001
0 0.9198828125 0.3417097364568082 0.041874999999999996 0.085365
0 0.9791796875 0.32267606149341144 0.03875000000000006 0.04690400000000002
