0 0.0442578125 0.14485271806167402 0.0425 0.05357100000000001
0 0.0814453125 0.17040557415565347 0.025624999999999995 0.03853399999999998
0 0.1874609375 0.6201185859030837 0.076875 0.20300700000000002
0 0.1903515625 0.1691118619676946 0.035 0.06766999999999998
0 0.28796875 0.177689859030837 0.02437499999999998 0.029135000000000022
0 0.326015625 0.14044743171806168 0.020625000000000004 0.046053000000000004
0 0.446171875 0.2579284317180617 0.02812500000000001 0.04417300000000002
0 0.54546875 0.2062374317180617 0.024375000000000036 0.044171999999999975
0 0.5990625 0.20030371806167402 0.016874999999999973 0.05451099999999999
0 0.6181640625 0.19172786049926577 0.01937500000000003 0.04793199999999999
0 0.6793359375 0.24265671659324523 0.015000000000000013 0.034774
0 0.7715234375 0.20365214684287813 0.030625000000000013 0.058271
0 0.814296875 0.20999643171806165 0.028124999999999956 0.046053000000000024
0 0.92515625 0.19025943171806164 0.03937499999999994 0.046053000000000004
