0 0.0259375 0.5698039326500733 0.015625000000000003 0.04408999999999993
0 0.0453125 0.5213215461200585 0.015625 0.03564799999999998
0 0.0673828125 0.4459327730600292 0.010624999999999996 0.019700000000000023
0 0.092734375 0.6455614172767203 0.01187500000000001 0.032832999999999994
0 0.13578125 0.44968577306002927 0.008750000000000008 0.01969900000000005
0 0.1405078125 0.49430190190336754 0.010624999999999996 0.020636999999999944
0 0.1523828125 0.5301764172767203 0.010000000000000009 0.032832999999999994
0 0.15515625 0.48169403074670575 0.008750000000000008 0.025328999999999935
0 0.1648828125 0.5382075461200586 0.010624999999999996 0.03564699999999992
0 0.17203125 0.49430190190336754 0.008750000000000008 0.020636999999999944
0 0.1910546875 0.5115987730600293 0.00687500000000002 0.019700000000000023
0 0.1991796875 0.4881467730600293 0.007499999999999979 0.01782399999999999
0 0.20015625 0.6824881903367497 0.009374999999999994 0.05159499999999995
0 0.215859375 0.4951256442166911 0.011874999999999997 0.015009000000000005
0 0.25953125 0.8528524787701318 0.03937499999999999 0.08067500000000007
0 0.262109375 0.48773490190336755 0.012500000000000011 0.021575999999999974
0 0.2892578125 0.4787657730600293 0.010000000000000009 0.01969999999999994
0 0.3159375 0.5517524172767203 0.017500000000000016 0.032832999999999994
0 0.318359375 0.4854470307467057 0.013124999999999998 0.02345200000000001
0 0.3324609375 0.5126510307467057 0.013749999999999984 0.02345200000000001
0 0.3485546875 0.4843947730600293 0.0068749999999999645 0.01969999999999994
0 0.399765625 0.7375116383601757 0.05249999999999999 0.10788000000000005
0 0.3805078125 0.5475885461200586 0.010624999999999996 0.03658499999999998
0 0.39453125 0.45895251537335285 0.009375000000000022 0.013133000000000053
0 0.420859375 0.572276159590044 0.013124999999999998 0.02814300000000003
0 0.5010546874999999 0.9615562210834553 0.06875000000000003 0.074109
0 0.4955859375 0.666655448023426 0.013749999999999929 0.05722299999999998
0 0.4968359375 0.5379790307467057 0.015000000000000013 0.025328999999999935
0 0.523984375 0.29741715959004394 0.012500000000000067 0.029081000000000006
0 0.5249609375 0.5390312884333821 0.015000000000000013 0.03095700000000004
0 0.5683984375 0.7911669941434846 0.030625000000000013 0.09287000000000006
0 0.62578125 0.7182936076134699 0.040000000000000036 0.08442800000000011
0 0.7004296875 0.8410251903367496 0.038124999999999964 0.05253300000000002
0 0.6976171875 0.6655330922401171 0.02312499999999995 0.07129499999999998
0 0.720859375 0.5553911595900439 0.013125000000000053 0.028141999999999973
0 0.7643359375 0.7669161903367496 0.04500000000000004 0.0525330000000001
0 0.790234375 0.5677004172767203 0.011874999999999969 0.032832999999999994
0 0.8054296875 0.5107750307467057 0.007500000000000062 0.02345200000000001
0 0.810859375 0.5746782884333821 0.012499999999999956 0.030019000000000063
0 0.8180859375 0.49846577306002926 0.014375000000000027 0.01782399999999999
0 0.84375 0.7193017057101025 0.03187499999999999 0.061914
0 0.8659375 0.5745650307467057 0.015625 0.024389999999999988
0 0.8865625 0.545072159590044 0.015625 0.027204
0 0.896640625 0.6827167057101026 0.020625000000000004 0.06378999999999986
0 0.89953125 0.5507001595900439 0.008750000000000036 0.029081000000000006
0 0.930859375 0.5582051595900439 0.013124999999999942 0.02720499999999997
0 0.93578125 0.6118605153733528 0.008750000000000036 0.013133000000000053
0 0.9484375 0.5728022884333822 0.016874999999999973 0.03001899999999998
0 0.96921875 0.7448140614934115 0.024375000000000036 0.04784299999999997
