0 0.0224609375 0.6976573649635037 0.045625 0.19514499999999993
0 0.191328125 0.5270111167883211 0.09875 0.15873
0 0.31921875 0.3983818686131387 0.08687499999999998 0.12511700000000003
0 0.465546875 0.34142586861313867 0.05874999999999997 0.12418299999999997
0 0.5019921875 0.268767598540146 0.05375000000000002 0.109243
0 0.558984375 0.2194513284671533 0.04312499999999997 0.09617199999999998
0 0.6131640625 0.2146636204379562 0.050000000000000044 0.08963600000000002
0 0.6459765625 0.17906491240875913 0.03500000000000003 0.08403300000000001
0 0.6825 0.13908564233576642 0.03312499999999996 0.069094
0 0.7258203125 0.12139666423357665 0.02562500000000001 0.04761900000000001
0 0.7444140625 0.08440478832116789 0.01937500000000003 0.06535899999999999
0 0.7587890625 0.06123251824817519 0.01937500000000003 0.05228700000000001
