0 0.092578125 0.7902776666666668 0.036719 0.08611099999999992
0 0.0843755 0.6673611111111112 0.01640599999999999 0.03749999999999994
0 0.1867185 0.7624995555555556 0.04765699999999998 0.11249999999999992
0 0.201171625 0.5868055555555556 0.019531999999999994 0.05000000000000002
0 0.3533205625 0.8211802222222222 0.06484400000000001 0.10138900000000008
0 0.36249975 0.6249997777777778 0.023438000000000014 0.05555599999999986
0 0.4099609375 0.6614584444444445 0.014062999999999992 0.04861099999999999
0 0.4615234375 0.8187502222222222 0.06171899999999997 0.13333299999999998
0 0.4861330625 0.595139 0.01953100000000002 0.06388900000000003
0 0.52499975 0.6354165555555555 0.025000000000000022 0.05000000000000002
0 0.5728510625 0.6222223333333333 0.017969000000000013 0.04444399999999998
0 0.5892580625 0.5784725555555554 0.019530999999999965 0.05000000000000012
0 0.639844 0.8347222222222223 0.06328100000000003 0.19583299999999987
0 0.6939448125 0.5593746666666666 0.010157000000000083 0.054167000000000125
0 0.7007815 0.8000003333333334 0.01640600000000003 0.16944399999999987
0 0.9132815 0.5694443333333333 0.01640600000000003 0.04166699999999995
0 0.92499975 0.6611107777777778 0.02343799999999996 0.0569449999999999
0 0.9900390625 0.6052086666666666 0.017969000000000013 0.05555500000000002
