0 0.06458333333333333 0.84296875 0.04374999999999999 0.05468799999999996
0 0.33802116666666665 0.722265125 0.13125 0.128907
0 0.34947883333333335 0.502734375 0.12083399999999996 0.1375
0 0.61276075 0.469140125 0.18125000000000005 0.16171899999999995
0 0.5705725833333334 0.9138669375 0.08229200000000003 0.07734399999999997
0 0.5786461666666667 0.690625 0.03750000000000001 0.03125
0 0.5820315833333334 0.6896484375 0.01874999999999997 0.03046899999999997
0 0.6151038333333334 0.6796875 0.02708399999999996 0.017186999999999952
0 0.6929690833333334 0.686719 0.03437499999999982 0.03125
0 0.7151038333333334 0.669140875 0.027084000000000035 0.028125000000000067
0 0.7499996666666666 0.6857421875 0.020834000000000092 0.02265600000000001
