0 0.0439453125 0.4654296875 0.089062 0.09999999999999998
0 0.119140125 0.3310546875 0.03593800000000001 0.03749999999999998
0 0.12421875 0.38671925 0.02500000000000001 0.04062499999999997
0 0.2662109375 0.4064453125 0.04531199999999999 0.05781200000000003
0 0.3607421875 0.34921925 0.021875000000000033 0.04062500000000002
0 0.4521479375 0.7806645625 0.139063 0.2531239999999999
0 0.4384765625 0.3962885625 0.03437499999999999 0.06562600000000002
0 0.5154291875 0.4529296875 0.05312600000000001 0.10156199999999999
0 0.5716801875 0.31796875 0.02187399999999995 0.02343799999999996
0 0.61484375 0.3154301875 0.025000000000000022 0.023436999999999986
0 0.728125 0.308203625 0.03125 0.020311999999999997
0 0.82890575 0.385938 0.05625100000000005 0.09375
0 0.8341801875 0.320313 0.02343700000000004 0.03125
0 0.8708984375 0.4466796875 0.06093800000000005 0.10156200000000004
