0 0.1734375 0.34692066666666665 0.048125 0.08590499999999994
0 0.2481640625 0.28556858333333335 0.04999999999999999 0.08256899999999996
0 0.3507421875 0.56340275 0.05437499999999995 0.08840699999999997
0 0.3500390625 0.25116925 0.049375 0.07256099999999999
0 0.3519921875 0.35943166666666665 0.05437500000000001 0.08423700000000005
0 0.4305859375 0.29614783333333333 0.044999999999999984 0.09007499999999995
0 0.49609375 0.5371818333333334 0.055625000000000036 0.09007499999999997
0 0.4934375 0.35776366666666665 0.046875 0.08423700000000005
0 0.6037109375 0.3280024166666667 0.04499999999999993 0.07673
0 0.6275390625 0.52920775 0.05062500000000003 0.08757299999999997
0 0.6548828125 0.39806041666666664 0.04125000000000001 0.07589700000000003
0 0.70515625 0.34228258333333333 0.039999999999999925 0.080901
0 0.75671875 0.3860185 0.055625000000000036 0.07923200000000004
