0 0.0126953125 0.1824597364568082 0.026667 0.085
0 0.037890625 0.20492496339677893 0.050833 0.06874999999999998
0 0.0799609375 0.3301336017569546 0.04666699999999999 0.17375
0 0.1135546875 0.14342606149341142 0.037500000000000006 0.04875000000000002
0 0.158411125 0.1911749633967789 0.03666699999999998 0.0675
0 0.332917 0.22585102489019038 0.06333299999999997 0.11624999999999995
0 0.37067675 0.35088579795021957 0.055833999999999995 0.13375000000000006
0 0.6427998125 0.4092423133235725 0.07250000000000001 0.14375000000000002
0 0.6749345625 0.2122108345534407 0.033334000000000086 0.06625
0 0.853151375 0.17913799414348464 0.043332999999999955 0.0925
0 0.8730341875 0.35724560761346996 0.05416600000000005 0.08250000000000003
