0 0.12131269230769232 0.1681474375 0.026065999999999985 0.02934500000000001
0 0.1337971282051282 0.2519733125 0.01658799999999998 0.027088
0 0.14129533333333333 0.4116995 0.028436000000000027 0.047404
0 0.22865461538461537 0.5235899375 0.03080600000000001 0.04514599999999991
0 0.2912217692307692 0.1661943125 0.018957000000000043 0.027088
0 0.3812687692307692 0.26228275 0.018957000000000043 0.024830999999999992
0 0.38805905128205126 0.3458686875 0.023697000000000013 0.03837400000000002
0 0.4490336153846154 0.356178125 0.03080600000000004 0.03611799999999998
0 0.47778833333333337 0.369722125 0.028435999999999996 0.03611799999999998
0 0.49168761538461536 0.5436010625 0.03080600000000004 0.049662000000000095
0 0.5539360512820513 0.2990724375 0.02369700000000007 0.029345999999999983
0 0.6697313333333333 0.4733201875 0.028435999999999996 0.05417600000000006
0 0.7178322564102564 0.2530138125 0.033175000000000045 0.04288900000000001
0 0.7357636153846153 0.42810925 0.030805999999999983 0.040632
0 0.8305506153846154 0.4319515625 0.030805999999999983 0.03386
0 0.8400296153846154 0.2620428125 0.030805000000000058 0.04288900000000001
0 0.8647512564102564 0.5803268125 0.03317599999999996 0.042890000000000095
0 0.8755746153846153 0.4319515625 0.03080499999999994 0.03386
0 0.9117560512820513 0.4387235625 0.02369700000000007 0.03386
