0 0.10140625 0.3105666158357771 0.040624999999999994 0.07330799999999997
0 0.199296875 0.3528980967741935 0.05937499999999998 0.09680500000000007
0 0.20109375 0.35477809677419353 0.05562500000000001 0.09868399999999998
0 0.2296484375 0.38199461583577715 0.030625000000000013 0.07330899999999999
0 0.2874609375 0.3652296480938417 0.04625000000000001 0.10432300000000001
0 0.3525 0.37552916715542517 0.03187500000000004 0.07706800000000003
0 0.4533203125 0.34973944281524927 0.02562500000000001 0.08082700000000002
0 0.6492578125 0.3861683401759531 0.04249999999999998 0.069548
0 0.7677734375 0.39797261583577714 0.030624999999999902 0.07048900000000004
0 0.898828125 0.435454064516129 0.03562500000000002 0.06672900000000002
