0 0.150417 0.36246550000000005 0.0625 0.111111
0 0.21817675 0.3103990833333334 0.05499999999999999 0.09777799999999999
0 0.28901075 0.37281216666666667 0.05583300000000002 0.10000000000000005
0 0.292917 0.5220833333333333 0.0625 0.10555599999999998
0 0.4024609375 0.3838886666666667 0.04583300000000001 0.08555599999999997
0 0.4224609375 0.5410934166666667 0.04666699999999996 0.07777800000000006
0 0.5246748125 0.40947916666666667 0.04166599999999998 0.10111099999999995
0 0.557057625 0.5288714166666667 0.05083300000000002 0.07777799999999997
0 0.61125 0.5366839166666667 0.0625 0.09222199999999996
0 0.6641533125 0.535764 0.057499999999999996 0.0944439999999999
0 0.747629875 0.4824655 0.05916699999999997 0.11000000000000003
0 0.8019658125 0.45303775 0.07250000000000001 0.11888900000000002
