0 0.3523828125 0.5408336666666668 0.69875 0.0841659999999999
0 0.0140625 0.5482815833333333 0.016875 0.0208330000000001
0 0.0459375 0.5319270833333333 0.016875 0.035000000000000066
0 0.0883203125 0.6676045 0.026249999999999996 0.04833299999999996
0 0.1012890625 0.561458 0.018125000000000002 0.031666999999999966
0 0.11453125 0.54088575 0.009374999999999994 0.024165999999999983
0 0.1400390625 0.54119825 0.019375000000000003 0.040000000000000036
0 0.1837890625 0.688958 0.019375000000000003 0.03250000000000005
0 0.185234375 0.5326559166666667 0.012499999999999983 0.029167000000000016
0 0.2100390625 0.7019270833333334 0.019374999999999976 0.034999999999999996
0 0.2137890625 0.5468229166666666 0.018125000000000002 0.029167000000000092
0 0.2590625 0.5584899166666667 0.015625 0.029166000000000025
0 0.2709375 0.6828642500000001 0.01687500000000003 0.03916700000000003
0 0.2721875 0.5534899166666666 0.015625 0.030833000000000037
0 0.2820703125 0.71869825 0.02625000000000005 0.03916600000000011
0 0.2843359375 0.5226559166666668 0.013749999999999984 0.02916699999999987
0 0.2975390625 0.5693229166666667 0.018125000000000002 0.030833000000000037
0 0.3446875 0.5332291666666666 0.01687500000000003 0.036667000000000005
0 0.3476171875 0.6740621666666667 0.023125000000000007 0.036667000000000005
0 0.3874609375 0.5693229166666667 0.014375000000000027 0.029167000000000016
0 0.413515625 0.704792 0.020625000000000004 0.0324999999999999
0 0.4182421875 0.7052086666666666 0.02250000000000002 0.05333300000000015
0 0.436640625 0.5408333333333334 0.02124999999999999 0.041667000000000044
0 0.4787890625 0.548125 0.01937500000000003 0.03249999999999997
0 0.5312890625 0.556458 0.01937500000000003 0.03250000000000005
0 0.564765625 0.5444270833333333 0.020625000000000004 0.03583299999999993
0 0.6037890625 0.53953125 0.018125000000000058 0.040000000000000036
0 0.6337890625 0.5590621666666666 0.018124999999999947 0.036667000000000005
0 0.68546875 0.5496354166666667 0.024375000000000036 0.04583300000000001
0 0.7505859375 0.6244791666666666 0.04562500000000003 0.09916700000000007
0 0.8613671875 0.5854684166666666 0.02187500000000009 0.04666700000000009
0 0.8733984375 0.56182325 0.030625000000000013 0.070833
0 0.8976171875 0.5292705 0.023125000000000062 0.04833399999999995
0 0.9230078125 0.9298434166666666 0.07250000000000001 0.1383340000000001
0 0.9434765625 0.585417 0.03500000000000003 0.0625
0 0.9918359375 0.5655725833333333 0.014375000000000027 0.05000000000000012
