0 0.055078125 0.34530331918008783 0.035625 0.05440900000000005
0 0.1876171875 0.2602359326500732 0.023125000000000007 0.045966
0 0.25394531249999996 0.37207050951683746 0.05687499999999998 0.10412700000000004
0 0.3773046875 0.13427847877013177 0.038124999999999964 0.081613
0 0.4019921875 0.3594626383601757 0.05375000000000002 0.10787999999999996
0 0.478359375 0.32661241727672036 0.011875000000000024 0.034709000000000025
0 0.54859375 0.3611552825768668 0.05500000000000005 0.12101300000000001
0 0.6987109375 0.23419744802342607 0.014375000000000027 0.056285
0 0.8280078125 0.39149011713030746 0.10499999999999998 0.18667899999999996
0 0.8983203125 0.10107676720351391 0.057499999999999996 0.10975599999999999
