0 0.0373828125 0.5861979166666668 0.0725 0.12333299999999998
0 0.1498046875 0.9013541666666667 0.10125 0.19333299999999998
0 0.153203125 0.37270833333333336 0.0675 0.13666699999999996
0 0.1770703125 0.2792708333333333 0.057499999999999996 0.09000000000000004
0 0.247890625 0.7806246666666666 0.05124999999999999 0.11666700000000008
0 0.238515625 0.26067675 0.01999999999999999 0.055000000000000014
0 0.3472265625 0.4147913333333333 0.065 0.07333400000000001
0 0.374921875 0.26937466666666665 0.02749999999999997 0.05333400000000003
0 0.4042578125 0.37286424999999995 0.04125000000000001 0.040000000000000036
0 0.47 0.323542 0.06374999999999997 0.09500000000000004
0 0.56046875 0.15125 0.025000000000000022 0.06333300000000001
0 0.6093359375 0.3261461666666667 0.07624999999999993 0.10000000000000002
0 0.5987109375 0.18770866666666666 0.04625000000000001 0.053333
0 0.6859765625 0.4991670000000001 0.06624999999999992 0.12666599999999986
0 0.7368359375 0.33416700000000005 0.07625000000000004 0.12666599999999997
0 0.7786328125 0.7212496666666667 0.07374999999999998 0.14833399999999988
0 0.776796875 0.15578125 0.05999999999999994 0.103333
0 0.8430859375 0.3812496666666667 0.0774999999999999 0.14666699999999996
0 0.9295703125 0.21041633333333332 0.057499999999999996 0.10666700000000001
