0 0.0471875 0.6692142941176471 0.048749999999999995 0.17796599999999993
0 0.0646484375 0.48609776470588234 0.029375 0.06026300000000007
0 0.1125 0.6498225882352942 0.033125 0.054613999999999906
0 0.13453125 0.5802587647058823 0.04062500000000001 0.06120599999999996
0 0.2351953125 0.741201294117647 0.05687499999999998 0.1271190000000001
0 0.3012109375 0.561775294117647 0.044999999999999984 0.07909699999999999
0 0.4240234375 0.577254705882353 0.029374999999999984 0.07532899999999994
0 0.4914453125 0.2531983529411765 0.05812499999999998 0.161959
0 0.660390625 0.6443943529411765 0.05125000000000002 0.11393599999999988
0 0.73640625 0.7367372352941176 0.039999999999999925 0.09227800000000005
0 0.7715234375 0.6139244117647058 0.030625000000000013 0.04802300000000009
0 0.8259765625 0.597557294117647 0.034375000000000044 0.07909600000000008
0 0.8524609375 0.6508168823529411 0.04500000000000004 0.080979
0 0.8908984375 0.6227479411764706 0.030625000000000013 0.06685500000000004
0 0.9461328125 0.579666294117647 0.04249999999999998 0.077213
0 0.9887890625 0.5949646470588236 0.01937500000000003 0.09039599999999995
