0 0.1156640625 0.3599995555555556 0.04999999999999999 0.11333399999999999
0 0.1037890625 0.5190972222222222 0.019375000000000003 0.03888899999999998
0 0.1234375 0.6765975555555556 0.04749999999999999 0.08000000000000007
0 0.2071484375 0.41326433333333334 0.060624999999999984 0.13888799999999998
0 0.20859375 0.6434717777777776 0.056249999999999994 0.12111200000000001
0 0.296953125 0.4983336666666667 0.036250000000000004 0.08666599999999994
0 0.300859375 0.3819441111111111 0.04375000000000001 0.09888899999999998
0 0.3019921875 0.6366667777777777 0.023125000000000007 0.05777800000000008
0 0.386015625 0.3639586666666667 0.05250000000000005 0.11777699999999995
0 0.385703125 0.5889587777777778 0.03687500000000005 0.08888799999999995
