0 0.2458562351453856 0.4467841875 0.11866299999999998 0.11666599999999999
0 0.24927845764854614 0.14500000000000002 0.12082000000000001 0.12583299999999997
0 0.270278002528445 0.618932625 0.024810999999999982 0.02083299999999999
0 0.37134289254108727 0.6249609375 0.03344199999999995 0.04499999999999993
0 0.5037115701643489 0.1487373125 0.13376500000000013 0.119166
0 0.5025982351453856 0.3017841875 0.11758399999999998 0.11583299999999999
0 0.48442667003792667 0.6279814375 0.03128299999999997 0.030834000000000028
0 0.5985884475347661 0.6259375 0.02912599999999997 0.04833299999999996
0 0.6944455600505689 0.8013671875 0.04207099999999994 0.053332999999999964
0 0.723352002528445 0.6228125 0.024810999999999982 0.016666999999999987
0 0.7730083375474083 0.817317375 0.03991400000000009 0.044166999999999956
0 0.8267267800252844 0.6199091875 0.02265299999999992 0.022499999999999964
0 0.8832265600505689 0.8259375 0.04099199999999999 0.04833299999999996
