0 0.19883575 0.3207045361305361 0.055679000000000006 0.07446900000000002
0 0.200223625 0.632039034965035 0.05233800000000002 0.07047899999999993
0 0.218606875 0.7066565244755245 0.06013299999999999 0.05053199999999984
0 0.246445875 0.253050034965035 0.06013399999999999 0.071809
0 0.446617 0.1295445337995338 0.063475 0.06781899999999999
0 0.446891875 0.8489595337995338 0.06013299999999999 0.06914899999999999
0 0.5177670624999999 0.41797505361305365 0.08017800000000003 0.10904199999999996
0 0.5336144375 0.8572815407925407 0.062361 0.08377700000000002
0 0.5380684375 0.13868803496503496 0.062361 0.07047900000000001
0 0.7385144375 0.7231380396270397 0.06124699999999994 0.08111700000000001
0 0.759261125 0.2748195314685315 0.06681500000000007 0.06515999999999995
0 0.7830574375 0.35261953613053615 0.062361 0.07446799999999995
0 0.802125875 0.5997960372960373 0.05901999999999996 0.0757980000000001
