0 0.0185546875 0.7230669467455622 0.0375 0.16303299999999998
0 0.0985546875 0.6352018284023669 0.03874999999999999 0.08246399999999997
0 0.237265625 0.6254653076923077 0.05124999999999999 0.11658699999999993
0 0.3266796875 0.915483946745562 0.06937500000000002 0.1649290000000001
0 0.3311328125 0.6896465384615384 0.041874999999999996 0.077725
0 0.33484375 0.5794207692307691 0.02437499999999998 0.03886200000000009
0 0.414375 0.604940798816568 0.033125000000000016 0.06066400000000002
0 0.5226953125 0.6048262189349113 0.026874999999999982 0.05592399999999999
0 0.563125 0.7923765266272189 0.06437499999999996 0.16872000000000004
0 0.5998828125 0.5633939881656804 0.04249999999999998 0.09289100000000006
0 0.6906640625 0.5042376390532545 0.018124999999999947 0.05023700000000002
0 0.7791015625 0.6774391183431953 0.03500000000000003 0.08341200000000006
0 0.889296875 0.5765047988165681 0.028125000000000067 0.059715999999999936
