0 0.03473925 0.85953125 0.009167 0.008750000000000036
0 0.059062166666666666 0.874609375 0.036667 0.04437499999999994
0 0.1111455 0.858359375 0.016667000000000005 0.013124999999999942
0 0.18661458333333333 0.85609375 0.020000000000000018 0.02375000000000005
0 0.27088575 0.8757421875 0.024999999999999984 0.021874999999999978
0 0.29593716666666664 0.86703125 0.0066669999999999785 0.008749999999999925
0 0.32093716666666666 0.86015625 0.006667000000000052 0.008750000000000036
0 0.39838541666666666 0.9123828125 0.1075 0.135
0 0.6204690833333334 0.86328125 0.004165999999999966 0.008750000000000036
0 0.6454690833333334 0.8641796875 0.004165999999999966 0.0068750000000000755
0 0.6667711666666666 0.86328125 0.0074999999999999884 0.008750000000000036
0 0.6929690833333334 0.858203125 0.004999999999999893 0.0050000000000000044
0 0.7678125000000001 0.5998828125 0.017499999999999922 0.010624999999999996
0 0.8302083333333332 0.7080078125 0.010833000000000167 0.010000000000000009
0 0.8486455 0.703984375 0.015833999999999904 0.013125000000000053
0 0.9476045000000001 0.9350390625 0.047499999999999876 0.04999999999999993
