0 0.03430531732418525 0.8636279375 0.069701 0.04619099999999998
0 0.12697592452830186 0.84507325 0.039829000000000024 0.009723999999999955
0 0.16199372212692967 0.8537165625 0.048364000000000004 0.03484599999999993
0 0.20466772212692969 0.8344549375 0.051208999999999984 0.04619099999999998
0 0.24202864665523155 0.867513375 0.08676999999999999 0.044570999999999916
0 0.3042417221269296 0.751110875 0.048364000000000004 0.029174000000000033
0 0.37243706346483707 0.8404184375 0.014224999999999984 0.030793999999999988
0 0.4379537221269296 0.8616331875 0.04836400000000005 0.022691000000000017
0 0.7094784442538594 0.1944879375 0.09672800000000001 0.076985
0 0.7292271269296741 0.8124291875 0.029871999999999968 0.053483999999999976
0 0.867332114922813 0.8049488125 0.08108099999999997 0.04132899999999995
