0 0.0689453125 0.7447913333333332 0.025781000000000005 0.07291700000000005
0 0.136328125 0.8130205 0.067969 0.11145899999999997
0 0.173827625 0.5880211666666666 0.021093999999999974 0.03750000000000009
0 0.2134765625 0.7226565833333334 0.03515599999999999 0.01874999999999997
0 0.230078375 0.26744825 0.011719000000000007 0.01041599999999998
0 0.247265375 0.5825524166666667 0.012500000000000011 0.014582999999999938
0 0.2564458125 0.6067705 0.010155999999999998 0.017708999999999975
0 0.2658208125 0.2812496666666667 0.010155999999999998 0.02083400000000002
0 0.2798830625 0.72057325 0.01953100000000002 0.04062499999999991
0 0.2935551875 0.66484375 0.021875000000000033 0.023957999999999997
0 0.3554685 0.7559899166666666 0.015625 0.029166000000000025
0 0.39218725 0.6593746666666668 0.04062500000000002 0.05416699999999993
0 0.4189455625 0.33802116666666665 0.0031250000000000444 0.006250000000000015
0 0.452344 0.697917 0.03125 0.033332999999999835
0 0.44921825 0.345833 0.007813000000000014 0.0010419999999999874
0 0.5490236875 0.6549475833333332 0.007812000000000041 0.018750000000000117
0 0.5546875 0.7153649166666667 0.015625 0.030207999999999863
0 0.6564458125 0.6437496666666668 0.010155999999999943 0.020833999999999946
0 0.66406225 0.6750003333333333 0.009375000000000022 0.01250000000000003
0 0.681640375 0.6867187500000002 0.011719000000000035 0.056249999999999835
0 0.739453125 0.3822913333333333 0.0046879999999999145 0.011459000000000033
0 0.807421375 0.3791663333333333 0.011719000000000035 0.010417000000000046
0 0.8142580625 0.6609378333333332 0.019530999999999965 0.028125000000000178
0 0.8173825625 0.6294270833333334 0.003906000000000076 0.0041669999999998835
0 0.9166018125 0.6609375 0.011718000000000006 0.017708000000000057
0 0.9345708125 0.67369825 0.010937000000000086 0.009374999999999911
0 0.9718755 0.6432295 0.01640600000000003 0.015625
