0 0.23625 0.6015628333333334 0.06312500000000001 0.11999999999999995
0 0.2720703125 0.4911461666666666 0.05812500000000001 0.10000000000000009
0 0.305234375 0.3792708333333334 0.04375000000000001 0.089167
0 0.329375 0.6232809166666667 0.033125000000000016 0.06166699999999999
0 0.4149609375 0.3048955 0.04624999999999996 0.07916699999999999
0 0.416875 0.5266149166666667 0.03125 0.05999999999999998
0 0.4407421875 0.6753121666666666 0.05437500000000001 0.10000000000000009
0 0.4905078125 0.3824996666666667 0.04125000000000001 0.08333400000000002
0 0.5044140625 0.6440100833333333 0.04937500000000006 0.09666700000000006
0 0.5309765625 0.26625 0.03499999999999992 0.06333300000000004
0 0.570859375 0.3231253333333333 0.04375000000000007 0.07416600000000002
0 0.6110546875 0.17125 0.03749999999999998 0.0625
0 0.6241015625 0.3216149166666667 0.03437499999999993 0.061665999999999964
0 0.665625 0.35338508333333335 0.03312499999999996 0.06583399999999995
0 0.6909765625 0.2580725833333333 0.03500000000000003 0.04999999999999997
0 0.74015625 0.1655211666666667 0.040000000000000036 0.06833300000000002
