0 0.0224609375 0.4029580588235294 0.04625 0.23540499999999995
0 0.058476562499999996 0.22766976470588235 0.06625 0.11017000000000002
0 0.112421875 0.31766394117647057 0.028124999999999983 0.06497100000000001
0 0.1646875 0.6244297058823529 0.048750000000000016 0.1760830000000001
0 0.1550390625 0.8350670588235294 0.018125000000000002 0.1355929999999999
0 0.2244921875 0.4190405294117646 0.085625 0.16949100000000009
0 0.2795703125 0.4129364117647058 0.02562500000000001 0.09792799999999999
0 0.32359375 0.550942 0.05499999999999999 0.10075300000000002
0 0.3422265625 0.0929654705882353 0.03375 0.08474599999999997
0 0.3812890625 0.6602861764705882 0.080625 0.108286
0 0.444609375 0.3929290588235294 0.04375000000000001 0.08568800000000006
0 0.4648046875 0.7501631764705883 0.06937500000000002 0.05838100000000006
0 0.49515625 0.5213918823529411 0.070625 0.130885
0 0.58375 0.5385209411764705 0.06312499999999999 0.11581900000000005
0 0.6043359375 0.43884729411764706 0.015000000000000013 0.028248999999999986
0 0.63359375 0.5232215882352941 0.05500000000000005 0.10452
0 0.695 0.5219843529411765 0.0631250000000001 0.11393600000000005
0 0.77890625 0.3224765294117647 0.07124999999999992 0.11958599999999994
0 0.8238671875 0.24801405882352942 0.11562499999999998 0.18738299999999997
