0 0.009765625 0.30083366666666667 0.02 0.08583299999999998
0 0.08515625 0.18614583333333334 0.039999999999999994 0.058333
0 0.12109375 0.35843716666666664 0.05562500000000001 0.13083400000000003
0 0.1787890625 0.24953158333333333 0.049374999999999974 0.08083299999999997
0 0.21296875 0.23968716666666667 0.02437499999999998 0.06833399999999996
0 0.2516796875 0.2199479166666667 0.037500000000000006 0.06166699999999995
0 0.3133203125 0.24651075 0.02562500000000001 0.056665999999999994
0 0.336875 0.4292184166666666 0.03187500000000004 0.10833400000000008
0 0.4089453125 0.230208 0.05687500000000001 0.09583400000000002
0 0.461875 0.17182325 0.03125 0.07249999999999997
0 0.4995703125 0.23151008333333334 0.05812500000000004 0.09833399999999999
0 0.5239453125 0.13406216666666668 0.02562500000000001 0.038334
0 0.5511328125 0.13151074999999998 0.04125000000000001 0.055000000000000014
0 0.55140625 0.2505725833333334 0.040000000000000036 0.051666999999999984
0 0.606875 0.15005208333333334 0.03312499999999996 0.06583300000000002
0 0.6380859375 0.19296841666666667 0.04500000000000004 0.045000000000000005
0 0.6400390625 0.29562466666666665 0.04937500000000006 0.11499999999999999
0 0.7578125 0.16807258333333333 0.016874999999999973 0.051667
0 0.8014453125 0.1931770833333333 0.05687500000000001 0.098333
0 0.7915234375 0.5778121666666667 0.030000000000000027 0.225
0 0.8551171875 0.09166633333333334 0.023125000000000062 0.04166700000000001
0 0.8990234375 0.2931770833333333 0.06062499999999993 0.09666700000000002
