0 0.0770703125 0.1428760412979351 0.025624999999999995 0.040603999999999994
0 0.1058984375 0.6348490412979351 0.029375 0.04060500000000001
0 0.10546875 0.1744511150442478 0.024374999999999994 0.03682700000000002
0 0.1380859375 0.10498718879056045 0.013749999999999984 0.03305000000000001
0 0.1925 0.11950274631268437 0.03125 0.05287999999999999
0 0.4126953125 0.6035076725663717 0.025624999999999953 0.055713000000000006
0 0.454609375 0.6601021563421829 0.04375000000000001 0.07554299999999996
0 0.5675390625 0.6041011150442478 0.01937500000000003 0.036827
0 0.6346875 0.5723466725663716 0.016875000000000084 0.05382400000000004
0 0.6475 0.6352631150442478 0.03187499999999999 0.036826999999999915
0 0.656875 0.5561224837758112 0.03187499999999999 0.022663000000000027
0 0.6813671875 0.6606412625368732 0.021874999999999978 0.031162000000000002
0 0.7071484375 0.6030402625368732 0.030625000000000013 0.03116099999999993
0 0.708515625 0.4435721150442478 0.020625000000000004 0.036827999999999986
0 0.7215625 0.4778633362831858 0.016874999999999973 0.02927300000000004
0 0.75796875 0.4616309675516224 0.024375000000000036 0.04249299999999998
0 0.7750390625 0.49149741002949854 0.018125000000000058 0.02549600000000002
0 0.9401171875 0.5868704100294986 0.02187500000000009 0.024551
