0 0.139921875 0.0807545393858478 0.05875 0.10854699999999999
0 0.2770703125 0.4210317663551401 0.05750000000000002 0.11367500000000003
0 0.3003125 0.144483652870494 0.048750000000000016 0.11025600000000002
0 0.4281640625 0.1285123124165554 0.04999999999999999 0.10170900000000002
0 0.447265625 0.47306253938584775 0.05125000000000002 0.10683799999999999
0 0.5957421875 0.5333716528704939 0.053750000000000075 0.11111200000000009
0 0.63734375 0.16697331241655541 0.05500000000000005 0.103419
0 0.7664453125 0.4461926528704939 0.05812499999999998 0.11025600000000002
0 0.766015625 0.1764815393858478 0.05249999999999999 0.108547
0 0.9424609375 0.1875925393858478 0.04499999999999993 0.10683799999999999
0 0.965625 0.5326238798397864 0.0625 0.11623899999999995
