0 0.2085546875 0.27682577306002926 0.007500000000000007 0.017807000000000007
0 0.2110546875 0.18134703074670572 0.0062500000000000056 0.023430999999999993
0 0.21703125 0.1335500307467057 0.00874999999999998 0.024367000000000007
0 0.2617578125 0.13929028843338215 0.011249999999999982 0.029990000000000003
0 0.3148828125 0.3428928653001464 0.041874999999999996 0.08903500000000003
0 0.30515625 0.21268590190336753 0.009374999999999967 0.02155499999999998
0 0.3260546875 0.18445264421669108 0.007500000000000007 0.01593299999999998
0 0.4030078125 0.37100886530014643 0.04125000000000001 0.08809800000000002
0 0.5165625 0.34488412298682286 0.046875000000000056 0.09372099999999998
0 0.614140625 0.2560826383601757 0.05125000000000002 0.10777900000000004
