0 0.0283203125 0.24021652173913044 0.057716 0.17442799999999994
0 0.2146035 0.4942449367588933 0.142409 0.22269299999999997
0 0.1807673125 0.3087886916996047 0.05771599999999999 0.08128699999999996
0 0.2741833125 0.219139860342556 0.08845700000000001 0.15580000000000002
0 0.3409365 0.2391665994729908 0.01631100000000002 0.06943299999999997
0 0.4319459375 0.26958492094861664 0.13927200000000006 0.27773
0 0.56834725 0.3946952911725955 0.10225800000000007 0.14902700000000002
0 0.573696625 0.2088672766798419 0.05081600000000008 0.033023000000000004
0 0.793294875 0.44145909090909086 0.1229610000000001 0.18374300000000007
0 0.8237443125 0.17275524505928858 0.08971200000000001 0.144792
0 0.9632765625 0.26117518445322796 0.03325 0.023708999999999984
