0 0.06796825000000001 0.3453128333333333 0.040625 0.058333000000000045
0 0.08046924999999999 0.2848958333333333 0.040624 0.058333
0 0.12890625 0.3638020833333333 0.03906299999999999 0.06666700000000003
0 0.141016125 0.31041633333333335 0.03593699999999998 0.04374999999999999
0 0.153125 0.2731770833333333 0.03125 0.03541700000000003
0 0.1888666875 0.3257809166666667 0.03750100000000001 0.06041700000000002
0 0.2125 0.29036425 0.03281200000000001 0.03958400000000003
0 0.242187 0.2692711666666667 0.03281300000000001 0.06875000000000002
0 0.250390125 0.3513020833333333 0.035938 0.06666700000000007
0 0.3263676875 0.32343716666666666 0.03749999999999998 0.06875000000000002
0 0.5984375 0.30442675 0.046875 0.056249999999999946
0 0.6716796875 0.3125 0.03750000000000009 0.06458299999999999
0 0.7337895625 0.3338545 0.034373999999999905 0.04791599999999999
0 0.7625 0.2875003333333333 0.03125 0.04375000000000003
0 0.781640625 0.31744825 0.020313000000000025 0.03958300000000007
0 0.79921875 0.3317705 0.025000000000000022 0.04791699999999999
0 0.8388666875 0.31953091666666666 0.03750100000000001 0.06041699999999994
0 0.873046875 0.3140628333333333 0.028124999999999956 0.058333000000000045
0 0.9392578125 0.27630208333333334 0.042188 0.06666700000000003
