0 0.0236328125 0.351794294117647 0.041874999999999996 0.07721300000000005
0 0.07222656250000001 0.33479299999999995 0.034374999999999996 0.05084700000000005
0 0.09671875 0.7316158235294118 0.05624999999999998 0.0960460000000001
0 0.1886328125 0.32566164705882356 0.04125000000000001 0.088513
0 0.2496484375 0.7127315294117647 0.030625000000000013 0.06779600000000013
0 0.310625 0.32166329411764705 0.03187500000000004 0.07721200000000002
0 0.3205078125 0.7305053529411765 0.04125000000000001 0.06403000000000005
0 0.38515625 0.734981 0.04062500000000002 0.051789
0 0.414375 0.3709235294117647 0.033125000000000016 0.06967999999999994
0 0.4898828125 0.3774506470588235 0.041874999999999996 0.09039599999999999
0 0.5082421875 0.6871274705882353 0.023125000000000007 0.08474599999999997
0 0.565625 0.35603758823529413 0.03187499999999999 0.05555500000000004
0 0.610078125 0.7026697647058824 0.03562500000000002 0.061204999999999975
0 0.613125 0.4097095882352941 0.03312499999999996 0.05461400000000008
0 0.6651953125 0.38499523529411755 0.02562500000000001 0.04237299999999999
0 0.6644921875 0.5732030588235295 0.02312499999999995 0.03672299999999997
0 0.667421875 0.6424057647058824 0.028124999999999956 0.06026399999999997
0 0.7028125 0.5571950588235295 0.01750000000000007 0.03672299999999997
0 0.7419140625 0.40676841176470585 0.01937499999999992 0.049906000000000006
0 0.7888671875 0.5350084705882352 0.023125000000000062 0.03484000000000014
0 0.8169921875 0.6308744117647058 0.021874999999999978 0.04802200000000002
0 0.8162890625 0.4098896470588235 0.01937500000000003 0.03860700000000004
0 0.8669921875 0.5746736470588236 0.02187500000000009 0.03860599999999988
0 0.9021875 0.5878556470588234 0.016874999999999973 0.03860700000000004
0 0.9483203125 0.3838731764705883 0.02562500000000001 0.05649699999999991
