0 0.068671875 0.8996345036603222 0.059375000000000004 0.19418399999999994
0 0.1106640625 0.65047121522694 0.081875 0.165104
0 0.128515625 0.30016106149341143 0.020625000000000004 0.049719000000000006
0 0.1682421875 0.3116465768667643 0.023125000000000007 0.05909900000000001
0 0.177578125 0.5420037057101024 0.03562499999999999 0.06285200000000006
0 0.2408203125 0.2856781903367497 0.02687500000000001 0.05065699999999998
0 0.285703125 0.5856818345534408 0.03562500000000002 0.06566599999999999
0 0.47796875 0.4734094480234261 0.02437499999999998 0.05722299999999998
0 0.55890625 0.5570127057101025 0.04062499999999991 0.061914
0 0.5526171875 0.4577600614934114 0.02312499999999995 0.047841999999999996
0 0.6170703125 0.4317916749633968 0.02562500000000001 0.040337999999999936
0 0.688125 0.4266187057101025 0.03312499999999996 0.06285199999999998
0 0.738046875 0.4548759633967789 0.028124999999999956 0.06941800000000005
0 0.8001171875 0.23186541727672036 0.021874999999999978 0.03470899999999998
0 0.9233984375 0.3334069326500732 0.030625000000000013 0.04596599999999996
