0 0.2178839375 0.24218786075949367 0.04577399999999998 0.07534300000000005
0 0.3252779375 0.2388876835443038 0.04577500000000001 0.07762599999999999
0 0.4653385 0.4707475063291139 0.04753600000000002 0.07990900000000006
0 0.4888178125 0.19575732911392404 0.042252999999999985 0.082192
0 0.5733248125 0.3436620379746836 0.042252999999999985 0.07305999999999993
0 0.6175309375 0.2122592151898734 0.04577500000000001 0.06849299999999998
0 0.6687800625 0.47049886075949365 0.049296000000000006 0.07534200000000005
0 0.76072825 0.24422321518987342 0.040493 0.07077600000000003
0 0.8597184375 0.7259808101265823 0.029930000000000012 0.045662000000000036
0 0.8743808125 0.2898852151898734 0.042254000000000014 0.07077599999999996
