0 0.114765625 0.26208599414348466 0.052500000000000005 0.091932
0 0.199453125 0.2325489633967789 0.03687499999999999 0.06941900000000002
0 0.231171875 0.22586870571010248 0.02812500000000001 0.061914
0 0.2995703125 0.26808270571010245 0.026874999999999982 0.06379000000000003
0 0.3477734375 0.2740093191800878 0.029374999999999984 0.05347100000000003
0 0.41375 0.24305231918008788 0.03187499999999999 0.055346999999999945
0 0.464921875 0.2371257057101025 0.02812500000000001 0.061914
0 0.5439453125 0.24305231918008788 0.026874999999999982 0.055346999999999945
0 0.5758984375 0.30279170571010244 0.030625000000000013 0.06379000000000003
0 0.6209765625 0.2620418345534407 0.03500000000000003 0.06566600000000003
0 0.6684765625 0.31956344802342607 0.034375000000000044 0.057223000000000024
0 0.7303515625 0.2643297057101025 0.034375000000000044 0.06378999999999999
0 0.8266796875 0.2725451903367496 0.03875000000000006 0.05159500000000004
0 0.89328125 0.21442734992679355 0.03937499999999994 0.076923
