0 0.1675450625 0.4767063755522828 0.049200999999999995 0.09353900000000004
0 0.1997708125 0.2262647702503682 0.011501999999999984 0.015429000000000005
0 0.2297666875 0.24214901620029455 0.006389999999999979 0.013501000000000006
0 0.23074325 0.38055577025036824 0.008945999999999982 0.015428999999999922
0 0.2930618125 0.2710790162002945 0.010862999999999956 0.013501000000000048
0 0.46780425 0.2682385243004418 0.008945000000000036 0.019287000000000016
0 0.509591125 0.4297530972017673 0.03642200000000001 0.07328800000000005
0 0.53106325 0.27062277025036824 0.00894499999999998 0.01735799999999999
0 0.5703778125 0.3136140324005891 0.011502000000000012 0.025072999999999988
0 0.769305125 0.6134466701030928 0.06645400000000001 0.12536199999999997
0 0.8278858125 0.2967122783505155 0.011502000000000012 0.023144
0 0.8514916875 0.2176382783505155 0.007668000000000008 0.023144
0 0.867129125 0.21956627835051545 0.005112000000000005 0.021216000000000044
0 0.9244440625 0.3071265729013255 0.01789099999999999 0.05400199999999997
0 0.9788654375 0.5642493431516936 0.029393000000000002 0.06943100000000006
