0 0.05260383333333333 0.2319921875 0.09083400000000001 0.085625
0 0.09203158333333333 0.3059375 0.081666 0.07875000000000004
0 0.16588541666666667 0.327265625 0.1075 0.114375
0 0.23020866666666664 0.3105078125 0.05416600000000001 0.104375
0 0.305417 0.296875 0.06416600000000001 0.06312499999999999
0 0.48546875000000006 0.4074609375 0.08666699999999998 0.07687499999999997
0 0.6223955 0.5158203125 0.08 0.05750000000000005
0 0.6578645833333333 0.5277734375 0.08249999999999987 0.06124999999999997
0 0.6919788333333333 0.5593359375 0.059167000000000046 0.04625000000000001
0 0.7235416666666667 0.5425 0.052499999999999915 0.06312499999999999
0 0.7706767500000001 0.5694140625 0.05666700000000002 0.04999999999999993
0 0.8536458333333332 0.5101171875 0.05750000000000011 0.05312499999999998
