0 0.1759765625 0.27194896339677893 0.03437500000000002 0.06754199999999998
0 0.2185546875 0.3656437057101025 0.03874999999999998 0.06285200000000002
0 0.285 0.3323988345534407 0.03187500000000004 0.06566600000000003
0 0.33640625 0.35562231918008785 0.04062499999999997 0.05347099999999995
0 0.3996484375 0.39952896339677896 0.030625000000000013 0.06848
0 0.491953125 0.28666034992679357 0.03687499999999999 0.07692300000000005
0 0.5833203125 0.3783648345534407 0.026874999999999982 0.06566599999999995
0 0.644296875 0.35562231918008785 0.028124999999999956 0.05347099999999995
0 0.7586328125 0.31311070571010247 0.04249999999999998 0.06379000000000003
0 0.8705078125 0.3133382210834554 0.041874999999999996 0.07504699999999996
