0 0.8562109375 0.8042711666666666 0.14 0.2566659999999999
0 0.0557421875 0.7404687500000001 0.05437500000000001 0.08749999999999991
0 0.1304296875 0.7919270833333334 0.03875000000000001 0.03416699999999991
0 0.168046875 0.61817675 0.028749999999999998 0.05499999999999986
0 0.349453125 0.9558336666666666 0.09937500000000005 0.08500000000000012
0 0.4578515625 0.70015625 0.03500000000000003 0.071667
0 0.5698046875 0.6818746666666667 0.03874999999999995 0.05333399999999999
0 0.6487109375 0.66036425 0.015000000000000013 0.04083400000000004
0 0.6764453125 0.8144274166666667 0.02562500000000001 0.07749999999999997
0 0.7553125 0.6313024166666666 0.04812499999999997 0.045000000000000005
0 0.807734375 0.6658850833333334 0.043749999999999956 0.06583399999999988
0 0.9137109375 0.90401075 0.17062500000000003 0.18083299999999994
