0 0.005859375 0.8318727057101024 0.0125 0.06379000000000003
0 0.1090625 0.8907873499267936 0.04749999999999999 0.07879999999999993
0 0.168515625 0.7986709941434846 0.05124999999999999 0.09193299999999989
0 0.2265625 0.7523891595900439 0.016875 0.029080999999999923
0 0.2690625 0.7452970307467057 0.015625 0.026266000000000105
0 0.26890625 0.7490490307467057 0.00874999999999998 0.02345200000000001
0 0.3191796875 0.7946473191800878 0.03750000000000003 0.05440900000000013
0 0.4021875 0.7534414172767204 0.015625 0.03283300000000008
0 0.7432421875 0.7302870307467058 0.02312499999999995 0.026266999999999995
0 0.827109375 0.7055984172767203 0.012499999999999956 0.032832999999999994
0 0.9146875 0.7775769633967788 0.015625 0.06848099999999997
0 0.9719921875 0.9231124421669108 0.053749999999999964 0.14915599999999987
0 0.957890625 0.739071803806735 0.020000000000000018 0.042213999999999974
