0 0.082031 0.3161461666666667 0.03125 0.03854100000000001
0 0.211328375 0.3247395833333333 0.10703099999999999 0.20833300000000002
0 0.2779296875 0.3570309166666667 0.03749999999999998 0.06145900000000001
0 0.303125 0.3143229166666666 0.03125 0.06041700000000002
0 0.374609125 0.31796874999999997 0.09843800000000003 0.15
0 0.461327875 0.3122395833333333 0.028905999999999987 0.05000000000000008
0 0.5140625 0.31822883333333335 0.015625 0.02708399999999996
0 0.5669916875 0.26536458333333335 0.100001 0.17500000000000004
0 0.7642578125 0.320833 0.010155999999999943 0.03125
0 0.83749975 0.22838508333333332 0.11796899999999999 0.22187500000000004
