0 0.057109375 0.5598978038067349 0.012500000000000004 0.042213000000000084
0 0.0999609375 0.5756172884333821 0.014374999999999999 0.030955999999999984
0 0.157109375 0.533815159590044 0.012500000000000011 0.028142999999999863
0 0.466875 0.4840625036603221 0.09375000000000006 0.19605999999999998
0 0.4848046875 0.13938034992679357 0.03812500000000002 0.076923
0 0.51609375 0.1429048345534407 0.024375000000000036 0.065666
0 0.5825390625 0.1776138345534407 0.01937500000000003 0.06566600000000003
0 0.6727734375 0.5361566939970718 0.12375000000000003 0.24577900000000005
0 0.6269921875 0.20582693265007318 0.02187500000000009 0.04596599999999998
0 0.6412890625 0.20541506149341146 0.018125000000000058 0.047841999999999975
0 0.6730859375 0.1983219326500732 0.01375000000000004 0.045966
