0 0.162734375 0.4183840379008746 0.04375000000000001 0.11940300000000005
0 0.1928515625 0.4359310524781341 0.03375 0.08582100000000005
0 0.30796875 0.5169706005830903 0.023749999999999993 0.08022400000000006
0 0.4116015625 0.5352850903790087 0.09749999999999998 0.20335800000000007
0 0.507421875 0.5474690087463557 0.08999999999999997 0.18283499999999997
0 0.56828125 0.437388778425656 0.040000000000000036 0.08955200000000003
0 0.7173828125 0.4432739854227405 0.011249999999999982 0.033582000000000035
0 0.722109375 0.44578116326530615 0.012499999999999956 0.041044999999999957
0 0.7500390625 0.4909654373177843 0.018750000000000044 0.039179000000000026
0 0.9762109375 0.4682349271137026 0.04500000000000004 0.162313
0 0.9890625 0.49026895626822153 0.01750000000000007 0.09701499999999996
