0 0.1123046875 0.15526041666666665 0.037500000000000006 0.07583300000000003
0 0.23625 0.32328125 0.06437499999999999 0.1033329999999999
0 0.25980468749999996 0.129583 0.038750000000000034 0.06416700000000002
0 0.3891015625 0.15859341666666668 0.03375 0.075834
0 0.442578125 0.3753125 0.09812500000000002 0.141667
0 0.531875 0.14765625000000002 0.03249999999999997 0.07249999999999997
0 0.5737109375 0.35114616666666665 0.07624999999999993 0.09999999999999998
0 0.633359375 0.18833333333333335 0.012500000000000067 0.043332999999999955
0 0.688125 0.40786458333333336 0.06312499999999999 0.080833
0 0.8714453125 0.13744825 0.05812499999999998 0.10333300000000002
