0 0.330703125 0.5709989590043925 0.598125 0.6360230000000001
0 0.0555859375 0.84024560761347 0.04625 0.08442700000000014
0 0.13093749999999998 0.7972068653001465 0.0475 0.09005699999999994
0 0.3283984375 0.7708266076134699 0.06187500000000001 0.08255199999999992
0 0.3604296875 0.6299993499267935 0.03875000000000001 0.07692399999999998
0 0.3923046875 0.6240727364568083 0.03749999999999998 0.08724299999999993
0 0.402109375 0.4767495768667643 0.044375 0.06097600000000002
0 0.434375 0.4229809633967789 0.03187499999999999 0.06941800000000005
0 0.4392578125 0.5816312210834553 0.04249999999999998 0.07504700000000004
0 0.48078125 0.4871828345534407 0.03937499999999999 0.06566600000000007
0 0.48328125 0.37431422108345536 0.04062500000000002 0.07504700000000004
0 0.604140625 0.5234001229868228 0.05125000000000002 0.09568499999999996
0 0.6833203125 0.2592719941434846 0.05687500000000001 0.09099399999999999
