0 0.208046875 0.3250523451327434 0.02812500000000001 0.107648
0 0.23203125 0.2696980825958702 0.03937500000000002 0.07932000000000002
0 0.3124609375 0.6000648702064897 0.10750000000000004 0.16808300000000004
0 0.390546875 0.6318121327433628 0.05874999999999997 0.19546699999999995
0 0.3783984375 0.32872067256637166 0.030624999999999958 0.05476900000000002
0 0.4471484375 0.3441258938053098 0.030000000000000027 0.044381
0 0.5164453124999999 0.39805856637168135 0.05750000000000005 0.10009500000000007
0 0.5498046875 0.3039893038348082 0.03749999999999998 0.06893300000000002
0 0.621953125 0.472820575221239 0.06812499999999999 0.17752599999999996
0 0.761015625 0.7656163480825959 0.27 0.466478
