0 0.11328125 0.45987409720176736 0.04000000000000001 0.07358499999999996
0 0.184453125 0.44342285125184094 0.03562500000000002 0.07547099999999997
0 0.255078125 0.5272693431516937 0.03562500000000002 0.06792499999999994
0 0.3247265625 0.47473808100147274 0.034375000000000044 0.060377000000000035
0 0.3966796875 0.4494970972017673 0.03875000000000001 0.07169799999999996
0 0.49 0.45840134315169373 0.03312499999999996 0.068868
0 0.5553515625 0.49372158910162006 0.034375000000000044 0.066981
0 0.616875 0.5209640810014727 0.03312500000000007 0.06037800000000002
0 0.683046875 0.5138313269513991 0.028124999999999956 0.05660400000000002
0 0.785 0.5470813431516937 0.03187499999999999 0.06792399999999996
0 0.8075 0.4762108350515464 0.03125 0.062264000000000035
0 0.8609765625 0.5294550810014728 0.03375000000000006 0.06132099999999999
