0 0.092734375 0.32755500418410044 0.04375000000000001 0.08571499999999999
0 0.1633203125 0.648300209205021 0.12000000000000001 0.18660699999999997
0 0.2693359375 0.3384908047419805 0.044999999999999984 0.09732199999999996
0 0.3204296875 0.3093658033472803 0.03749999999999998 0.06964300000000001
0 0.410078125 0.8566626122733614 0.130625 0.24732099999999985
0 0.3821484375 0.27778360251046025 0.029374999999999984 0.050892
0 0.4499609375 0.40495410460251047 0.04625000000000001 0.09464199999999993
0 0.67265625 0.40690860390516037 0.040000000000000036 0.08035700000000001
0 0.723359375 0.2785652022315202 0.012499999999999956 0.045536000000000014
0 0.7844921875 0.42503970571827054 0.053749999999999964 0.11517900000000002
0 0.7765234375 0.33927920223152025 0.030000000000000027 0.04553599999999993
