0 0.105234375 0.7828017647058824 0.04312499999999998 0.16101700000000016
0 0.14671875 0.7905254117647059 0.02437499999999998 0.09886999999999994
0 0.177109375 0.746269411764706 0.043125 0.09886999999999994
0 0.191015625 0.720857 0.020000000000000018 0.0508470000000001
0 0.2277734375 0.778824588235294 0.030624999999999986 0.05555599999999998
0 0.28609375 0.802248411764706 0.024375000000000036 0.04708099999999985
0 0.3146484375 0.801836 0.030625000000000013 0.05273100000000016
0 0.343515625 0.7702334117647059 0.02124999999999999 0.04990599999999992
0 0.371171875 0.7815334117647059 0.027500000000000024 0.04990599999999992
0 0.4044921875 0.7781798235294117 0.023125000000000007 0.046138999999999944
0 0.4387109375 0.7602888235294117 0.014374999999999971 0.04519699999999995
