0 0.0399609375 0.13363267251461988 0.04625 0.08333299999999999
0 0.232734375 0.30688638011695907 0.07437500000000002 0.15543
0 0.2390234375 0.129936567251462 0.06125000000000003 0.10955000000000001
0 0.3321875 0.36617041520467836 0.07937499999999997 0.147004
0 0.374765625 0.1537056842105263 0.05249999999999999 0.08052500000000004
0 0.4516015625 0.17501173099415207 0.034999999999999976 0.06835199999999998
0 0.491796875 0.24866950877192984 0.05874999999999997 0.124532
0 0.532578125 0.12369378947368422 0.03687499999999999 0.055244
0 0.689375 0.10846664912280701 0.03187499999999999 0.08988700000000001
0 0.7219921875 0.21438662573099412 0.053749999999999964 0.094569
0 0.744140625 0.12257673099415205 0.05249999999999999 0.069289
0 0.82625 0.10362077777777777 0.03312499999999996 0.05711600000000001
0 0.970390625 0.20173753216374268 0.0525000000000001 0.117042
0 0.9903125 0.0712597894736842 0.016874999999999973 0.054307000000000015
