0 0.7590625 0.34577036238981385 0.2975 0.37868300000000005
0 0.049140625 0.5093624789422136 0.020624999999999998 0.02946699999999999
0 0.0532421875 0.7033670470127326 0.0225 0.0275860000000001
0 0.064140625 0.9202950470127327 0.020624999999999998 0.027585999999999986
0 0.1144140625 0.5024654789422135 0.018750000000000003 0.029466999999999934
0 0.1183203125 0.7042686150832518 0.02562500000000001 0.02570500000000004
0 0.1201171875 0.9202171831537708 0.021875000000000006 0.023823999999999984
0 0.183515625 0.9193934789422135 0.020625000000000004 0.029467000000000045
0 0.18546875 0.5053259108716943 0.02375000000000002 0.03260199999999997
0 0.1875390625 0.7042686150832518 0.018750000000000017 0.02695899999999997
0 0.244765625 0.9193934789422135 0.020625000000000004 0.03072099999999997
0 0.253515625 0.5023876150832517 0.020625000000000032 0.025705000000000096
0 0.256640625 0.7024654789422136 0.020625000000000004 0.029467000000000045
0 0.33359375 0.9193934789422135 0.023749999999999993 0.03072099999999997
0 0.398515625 0.9264083192948092 0.020000000000000018 0.020689999999999924
0 0.4609375 0.9233521831537709 0.015625 0.023823999999999873
0 0.48359375 0.7074814789422136 0.023749999999999993 0.03072099999999997
0 0.524140625 0.9153579108716944 0.020625000000000004 0.03260099999999999
0 0.5506640625 0.7065020470127327 0.018750000000000044 0.027585999999999986
0 0.59921875 0.9211966150832517 0.023749999999999938 0.02570500000000004
0 0.61796875 0.7074814789422136 0.02375000000000005 0.029466999999999934
0 0.676015625 0.9211966150832517 0.020000000000000018 0.02695899999999997
0 0.6869140625 0.7102640470127326 0.018750000000000044 0.028840000000000025
0 0.7275390625 0.9193156150832518 0.018750000000000044 0.02570499999999993
0 0.7551171875 0.7052480470127327 0.021874999999999978 0.028840000000000025
0 0.8182421875 0.7064241831537709 0.021874999999999978 0.023823999999999984
0 0.8171875 0.9192377512242899 0.016875000000000084 0.021943999999999964
0 0.8883203125 0.9193934789422135 0.02562500000000001 0.03072099999999997
0 0.887265625 0.6972937512242899 0.020000000000000018 0.021943999999999964
0 0.9456640625 0.9133201831537708 0.018749999999999933 0.02382500000000002
0 0.958515625 0.7074036150832518 0.020625000000000004 0.02570500000000004
