0 0.0384763125 0.7078091348973606 0.026563000000000003 0.04689300000000006
0 0.4455083125 0.6451081994134897 0.808593 0.11019899999999996
0 0.0943361875 0.6975617184750733 0.02187499999999999 0.083236
0 0.1416013125 0.7236366862170088 0.026563000000000003 0.052754999999999976
0 0.3064455625 0.7769833401759532 0.03515600000000002 0.07033999999999992
0 0.360547375 0.6761489296187683 0.012500000000000011 0.02344700000000002
0 0.3833981875 0.7042880322580645 0.021875000000000033 0.03282600000000002
0 0.773046625 0.6720546862170088 0.020313000000000025 0.05158200000000008
0 0.8103513125 0.7072246862170087 0.02578199999999997 0.050410000000000066
0 0.880859625 0.6893382052785924 0.021092999999999917 0.025792000000000096
0 0.9294921875 0.7078091348973606 0.02343700000000004 0.04454799999999998
0 0.9544919375 0.6333604809384165 0.014062999999999937 0.02930799999999996
0 0.9724609375 0.6157723782991202 0.01484400000000008 0.015240000000000026
