0 0.0227734375 0.2298002012102875 0.030625 0.08333399999999999
0 0.1651171875 0.28338237216338885 0.05374999999999999 0.12306199999999998
0 0.1649609375 0.1924353419062027 0.04500000000000001 0.07945699999999999
0 0.2073046875 0.19921834190620272 0.03812499999999999 0.08139500000000001
0 0.281875 0.4501793222390318 0.12687500000000002 0.253876
0 0.3687109375 0.27440468381240546 0.044999999999999984 0.15891499999999997
0 0.584765625 0.4076133071104388 0.114375 0.23062000000000005
0 0.6998828125 0.8182968547655068 0.073125 0.19864400000000004
0 0.8572265625 0.2475486232980333 0.03375000000000006 0.07364400000000004
0 0.86390625 0.3380217791225416 0.040000000000000036 0.09108499999999997
0 0.9178515625 0.3809632012102874 0.034375000000000044 0.083334
0 0.96015625 0.4155407791225416 0.039999999999999925 0.09108499999999997
