0 0.17046875 0.3179166666666667 0.023749999999999993 0.021666999999999992
0 0.2974609375 0.30838575 0.014374999999999971 0.025832999999999995
0 0.3034375 0.47411458333333334 0.016874999999999973 0.019167000000000007
0 0.4734375 0.477292 0.015625 0.03250000000000005
0 0.5643359375 0.46932291666666665 0.014375000000000027 0.029167000000000016
0 0.579140625 0.50255175 0.020625000000000004 0.024166999999999977
0 0.6012890625 0.5087496666666667 0.01937499999999992 0.02333400000000004
0 0.6040625 0.4849475833333334 0.016875000000000084 0.018334
0 0.6171875 0.4611455 0.015625 0.016666999999999987
0 0.6425390625 0.4830208333333333 0.018124999999999947 0.028333000000000014
0 0.6647265625 0.4154163333333334 0.03500000000000003 0.10666699999999991
0 0.7706640625 0.45374966666666666 0.01937500000000003 0.022500000000000037
0 0.802265625 0.44624966666666666 0.020625000000000004 0.02083400000000002
0 0.809140625 0.46661458333333333 0.020625000000000004 0.020832999999999952
0 0.83421875 0.4643229166666667 0.024375000000000036 0.029999999999999954
0 0.8484375 0.53088575 0.016875000000000084 0.025832999999999995
0 0.8694921875 0.48515591666666663 0.021874999999999978 0.030834000000000028
0 0.872265625 0.4541145833333333 0.020625000000000004 0.019167000000000007
0 0.8851171875 0.5234899166666667 0.021874999999999978 0.029165999999999952
0 0.8927734375 0.6704684166666667 0.030624999999999902 0.04666699999999994
0 0.8919140625 0.46005175000000004 0.018124999999999947 0.025833999999999985
0 0.9276171875 0.46411458333333333 0.02312499999999995 0.019167000000000007
0 0.9301171875 0.5379684166666666 0.021874999999999978 0.045000000000000005
0 0.945859375 0.53369825 0.01187500000000008 0.04166599999999998
0 0.9719921875 0.4995833333333333 0.053749999999999964 0.23166699999999993
