0 0.035765624999999995 0.358292 0.021 0.03333300000000006
0 0.0607421875 0.6337604166666666 0.022999999999999993 0.07600000000000007
0 0.1128125 0.35965591666666663 0.016 0.030667000000000073
0 0.1378359375 0.36502083333333335 0.014999999999999986 0.026666999999999923
0 0.161671875 0.25953125 0.027999999999999997 0.040000000000000036
0 0.1928125 0.36502083333333335 0.016000000000000014 0.026666999999999923
0 0.2338125 0.3422600833333333 0.015999999999999986 0.03466700000000004
0 0.292859375 0.34641666666666665 0.013000000000000012 0.021332999999999974
0 0.33290625 0.36241666666666666 0.008000000000000007 0.02266699999999992
0 0.3468828125 0.3331145833333333 0.010999999999999954 0.01866699999999999
0 0.3788828125 0.3290836666666666 0.01100000000000001 0.022666000000000002
0 0.4308828125 0.32774966666666666 0.01100000000000001 0.02266700000000003
0 0.8658359375 0.32235383333333334 0.015000000000000013 0.026666999999999996
