0 0.1178125 0.7589583333333333 0.04875 0.07416699999999994
0 0.3548828125 0.8337499999999999 0.10375000000000001 0.189167
0 0.3701953125 0.9590625 0.05812500000000004 0.07916699999999999
0 0.5434375 0.7363538333333333 0.015625 0.027500000000000007
0 0.66109375 0.6745312499999999 0.024374999999999925 0.04083300000000004
0 0.71953125 0.66473925 0.008125000000000049 0.010000000000000009
0 0.72578125 0.6498434166666667 0.008124999999999938 0.014166999999999966
0 0.8715625 0.64088575 0.016874999999999973 0.02416600000000006
0 0.868828125 0.69421875 0.004375000000000018 0.024167000000000122
0 0.9456640625 0.69036425 0.01937500000000003 0.04083399999999996
