0 0.179765625 0.1758376169630643 0.05249999999999999 0.09728300000000002
0 0.3101171875 0.19638062790697675 0.05312499999999998 0.09465299999999999
0 0.4162890625 0.20163862790697673 0.050000000000000044 0.09553000000000005
0 0.52671875 0.17468258413132695 0.05499999999999994 0.104295
0 0.63671875 0.1488815731874145 0.05625000000000002 0.1078
0 0.733046875 0.19629582489740086 0.02749999999999997 0.043821999999999986
0 0.8059765625 0.13507252941176473 0.06499999999999995 0.11831699999999998
0 0.87359375 0.17291085772913817 0.024375000000000036 0.037686000000000004
0 0.9564453125 0.2287238248974008 0.02562500000000001 0.04382100000000005
0 0.984296875 0.15608780300957592 0.028750000000000053 0.050832
