0 0.2957939375 0.3044274166666667 0.045555999999999985 0.07703700000000002
0 0.3888235625 0.35681716666666663 0.034445 0.06814799999999999
0 0.4018876875 0.5510710833333333 0.037778000000000034 0.06518500000000005
0 0.423134125 0.29993675 0.03555499999999995 0.05481400000000003
0 0.4566015625 0.3301501666666667 0.034443999999999975 0.06814799999999999
0 0.5077470625 0.5201856666666668 0.04888899999999996 0.08444399999999996
0 0.527578125 0.31308983333333334 0.036667000000000005 0.059260000000000014
0 0.637040375 0.326065 0.043332999999999955 0.06370399999999998
0 0.65953125 0.5138541666666666 0.040000000000000036 0.06814800000000003
0 0.690338875 0.3351329166666666 0.028888999999999943 0.062222
