0 0.121094 0.795898875 0.06510400000000001 0.06054599999999999
0 0.1289065 0.597656625 0.07942700000000003 0.08398399999999995
0 0.12369775 0.3945309375 0.055990000000000005 0.04492199999999996
0 0.1315103333333333 0.1953120625 0.04166700000000001 0.04882900000000001
0 0.4244789166666667 0.79296825 0.09244799999999993 0.07128999999999996
0 0.43880225 0.2031245625 0.071614 0.09570400000000001
0 0.7239584166666666 0.59375 0.07552100000000002 0.063477
0 0.729167 0.404297 0.06380199999999991 0.06445299999999998
0 0.7265624166666668 0.786133125 0.04557299999999994 0.06738200000000005
0 0.7356768333333333 0.2080076875 0.0572919999999999 0.06835999999999998
