0 0.0166015625 0.7687844729136164 0.03375 0.17260800000000012
0 0.02375 0.3857997364568082 0.033125 0.08630400000000006
0 0.0905078125 0.39252415373352856 0.07249999999999998 0.11913699999999998
0 0.0720703125 0.1763340614934114 0.026874999999999996 0.04784200000000004
0 0.108125 0.3005038345534407 0.03312499999999999 0.06566599999999999
0 0.16499999999999998 0.6253707306002928 0.09500000000000001 0.17729899999999998
0 0.1380859375 0.15254028843338213 0.013749999999999984 0.030957
0 0.1699609375 0.3760068653001464 0.04500000000000001 0.09005600000000001
0 0.21125 0.4621706691068814 0.06375 0.13039399999999998
0 0.1975390625 0.14668377306002928 0.019375000000000003 0.018760999999999993
0 0.21421875 0.24868031918008784 0.02437499999999998 0.05347100000000003
0 0.2199609375 0.13888115959004393 0.013749999999999984 0.027203999999999978
0 0.240703125 0.27435109224011717 0.03625000000000003 0.07129499999999998
0 0.2946484375 0.5388392152269399 0.0925 0.1651030000000001
0 0.2632421875 0.18635544802342607 0.023125000000000007 0.05628500000000002
0 0.333046875 0.29446296339677897 0.028124999999999956 0.06941799999999997
0 0.3363671875 0.2300325768667643 0.023125000000000007 0.060038
0 0.3528125 0.17130128843338213 0.01687500000000003 0.03095700000000002
0 0.3825 0.31203250951683753 0.06437500000000002 0.10412799999999997
0 0.3769140625 0.1748699326500732 0.01937500000000003 0.045966
0 0.3990625 0.1627450307467057 0.016249999999999987 0.025328000000000003
0 0.411015625 0.20184641727672034 0.020625000000000004 0.034709000000000025
0 0.4523046875 0.5216997613469986 0.09999999999999992 0.19981200000000005
0 0.4246875 0.1706619019033675 0.017500000000000016 0.021576000000000015
0 0.4326171875 0.21209531918008784 0.021874999999999978 0.05347100000000003
0 0.460234375 0.34092915373352856 0.07562500000000005 0.11726099999999998
0 0.4486328125 0.25348557686676426 0.04250000000000004 0.06003699999999999
0 0.4650390625 0.17610654612005858 0.018125000000000002 0.036585
0 0.483984375 0.18056903074670572 0.011874999999999969 0.026266
0 0.5016796875 0.2695468345534407 0.03749999999999998 0.06566600000000003
0 0.5209375 0.19434141727672033 0.01749999999999996 0.03470999999999998
0 0.552109375 0.21873241727672035 0.012499999999999956 0.03470899999999998
0 0.593203125 0.2612180922401171 0.03562499999999991 0.07317100000000001
0 0.6149609375 0.5741444421669106 0.07687500000000003 0.148218
0 0.61984375 0.3407016383601757 0.05625000000000002 0.10694099999999997
0 0.6409375 0.20289867496339675 0.015625 0.040338
0 0.6603125 0.18432103074670572 0.016875000000000084 0.024389999999999988
0 0.6965625 0.2722907364568082 0.04875000000000007 0.08630400000000002
0 0.7571875 0.5047696017569546 0.078125 0.17354600000000003
0 0.73625 0.28755419033674967 0.03187499999999999 0.051594999999999995
0 0.743984375 0.2190300307467057 0.013124999999999942 0.024389999999999988
0 0.8433203125 0.3214135095168375 0.05687500000000001 0.104127
0 0.9591015625 0.5204017672035139 0.06499999999999995 0.10975599999999991
