0 0.0625 0.59067675 0.0325 0.055000000000000084
0 0.1101953125 0.5851045 0.026874999999999996 0.04749999999999995
0 0.1419921875 0.66161425 0.05437500000000001 0.1033340000000001
0 0.2175 0.61817675 0.0325 0.05499999999999986
0 0.283984375 0.66015625 0.044375 0.07083300000000008
0 0.3598046875 0.6804169999999999 0.03749999999999998 0.06500000000000002
0 0.3875390625 0.6885416666666666 0.01937500000000003 0.054167000000000076
0 0.5046875 0.6861975833333332 0.048750000000000016 0.080834
0 0.665078125 0.6980725833333333 0.036250000000000004 0.051666999999999984
0 0.7487109375 0.73984375 0.04562500000000003 0.055832999999999945
0 0.8705859375 0.5028125 0.07624999999999993 0.266667
