0 0.0153125 0.6248091595900439 0.0175 0.027205000000000052
0 0.3121875 0.30595798243045386 0.14187499999999997 0.2748590000000001
0 0.4941796875 0.5326486442166911 0.007500000000000007 0.015009999999999976
0 0.541484375 0.5206821595900438 0.013124999999999942 0.028142000000000056
0 0.5823046875 0.527020644216691 0.007500000000000062 0.016884999999999956
0 0.632734375 0.5482980307467057 0.012500000000000067 0.025329000000000018
0 0.6330078125 0.5288966442166911 0.011249999999999982 0.015008999999999922
0 0.6548828125 0.5796669019033674 0.011249999999999982 0.022514000000000034
0 0.668359375 0.5562149019033674 0.013125000000000053 0.021576000000000057
0 0.692734375 0.566648159590044 0.013124999999999942 0.027204
0 0.7296875 0.6109656749633968 0.01749999999999996 0.04033800000000002
0 0.8141015625 0.5563568843338214 0.16000000000000003 0.294559
0 0.9471875 0.561019159590044 0.015625 0.029080999999999923
0 0.969609375 0.5337009019033675 0.011874999999999969 0.020637999999999917
0 0.9942578125 0.43959428843338216 0.010000000000000009 0.030956999999999957
