0 0.1490234375 0.6328121666666666 0.092969 0.16354199999999994
0 0.3396486875 0.53125 0.07031199999999999 0.12708299999999997
0 0.3830083125 0.36197950000000007 0.025781 0.046875
0 0.432813 0.3325524166666667 0.03281200000000001 0.04583300000000001
0 0.4845705625 0.3223958333333334 0.03359299999999993 0.05833299999999997
0 0.60312475 0.3979166666666667 0.025000000000000022 0.05312499999999994
0 0.626171875 0.23828158333333335 0.027343999999999924 0.05000000000000001
0 0.673046625 0.3645836666666667 0.019531999999999994 0.054165999999999936
0 0.6919924375 0.2565100833333333 0.03046800000000005 0.03437500000000001
0 0.7244143125 0.5200520833333333 0.057031000000000054 0.09791699999999996
0 0.722265625 0.27421841666666663 0.021093999999999946 0.04479200000000002
0 0.76875 0.9296871666666666 0.0625 0.1302090000000001
0 0.77109325 0.37578158333333334 0.04062600000000005 0.052083000000000025
0 0.785937 0.591667 0.06328199999999995 0.15833299999999997
0 0.778516125 0.27656283333333337 0.005468000000000028 0.028124999999999994
