0 0.1574609375 0.5129496442166911 0.014374999999999999 0.015009000000000088
0 0.2430078125 0.5154650307467057 0.01125000000000001 0.023453000000000064
0 0.329609375 0.4308372401171303 0.138125 0.27955
0 0.4163671875 0.41032993265007317 0.023125000000000007 0.04409000000000001
0 0.4187109375 0.504550803806735 0.014375000000000027 0.04315200000000003
0 0.489765625 0.45565554612005854 0.020625000000000004 0.03658599999999995
0 0.605546875 0.0813777672035139 0.05999999999999994 0.11069400000000001
0 0.7025390625 0.4009489326500732 0.01937500000000003 0.04596600000000004
0 0.7620703125 0.3658280614934114 0.02562500000000001 0.04784200000000004
0 0.83796875 0.30185370571010245 0.024374999999999925 0.06379000000000003
0 0.8994921875 0.03953147877013177 0.021874999999999978 0.080675
