0 0.0414453125 0.16601506149341141 0.026875 0.04784300000000001
0 0.0368359375 0.11085241727672034 0.015 0.03377100000000001
0 0.090859375 0.135882803806735 0.012499999999999997 0.04221299999999998
0 0.1765234375 0.12290722108345535 0.030625000000000013 0.07504699999999999
0 0.226484375 0.11096567496339678 0.013125000000000026 0.03846200000000002
0 0.2516015625 0.2086149941434846 0.03437499999999999 0.09099399999999996
0 0.3019921875 0.16203454612005858 0.023125000000000007 0.036585999999999994
0 0.362890625 0.2479448960468521 0.05124999999999996 0.11350799999999998
0 0.387890625 0.1341901595900439 0.020625000000000004 0.029081000000000006
0 0.4356640625 0.10980015959004392 0.018125000000000002 0.028141999999999993
0 0.4628515625 0.18816134992679356 0.034375000000000044 0.07692299999999998
0 0.488515625 0.23874825183016105 0.05125000000000002 0.09849899999999998
0 0.4884765625 0.046807963396778916 0.03437499999999999 0.067542
0 0.567109375 0.13149041727672037 0.011874999999999969 0.03470899999999998
0 0.6118359375 0.16386738653001465 0.014375000000000027 0.009381000000000002
0 0.6872265625 0.30727241142020495 0.06562499999999993 0.12382700000000002
0 0.6693359375 0.14638515959004392 0.014375000000000027 0.02814300000000001
0 0.6938671875 0.1822606749633968 0.021874999999999978 0.03846200000000001
0 0.7291015625 0.1453329019033675 0.003750000000000031 0.02251399999999997
0 0.795 0.26050760761347 0.06437499999999996 0.08255199999999996
0 0.8205859375 0.1106239019033675 0.014375000000000027 0.022513999999999992
0 0.8645703125 0.31612728257686673 0.08937499999999998 0.12288900000000001
0 0.8312109375 0.20923715959004394 0.015000000000000013 0.029081000000000006
0 0.8789453125 0.17832431918008784 0.02562500000000001 0.05347100000000001
0 0.9047265625 0.12686951537335284 0.0024999999999999467 0.012194999999999994
0 0.9597265625 0.19960270571010247 0.03375000000000006 0.061913
0 0.9780078125 0.27613105563689605 0.041874999999999996 0.13883700000000004
