0 0.0166015625 0.6197913333333332 0.03375 0.07500000000000002
0 0.06343750000000001 0.6286975833333334 0.048749999999999995 0.08166700000000009
0 0.048359375 0.42838575000000007 0.012499999999999997 0.02499999999999991
0 0.1843359375 0.33208366666666667 0.013750000000000012 0.021666000000000036
0 0.203125 0.6036458333333333 0.0325 0.058333000000000114
0 0.3265625 0.4541663333333334 0.016250000000000042 0.0416669999999999
0 0.3521484375 0.64234375 0.02999999999999997 0.055000000000000084
0 0.3703125 0.36734375 0.017500000000000016 0.055000000000000014
0 0.394375 0.43067675 0.03250000000000003 0.05499999999999994
0 0.453125 0.48328091666666667 0.03125 0.06000000000000005
0 0.5492578125 0.3890624999999999 0.0412499999999999 0.07833300000000006
0 0.7200390625 0.41083333333333333 0.018749999999999933 0.041667000000000044
0 0.764765625 0.4051045 0.020000000000000018 0.048333000000000036
0 0.841875 0.6305211666666666 0.03125 0.06833300000000013
0 0.84546875 0.3787496666666667 0.02375000000000005 0.023333999999999966
0 0.9303515625 0.5621871666666668 0.03500000000000003 0.06999999999999991
0 0.9550390625 0.39401075 0.018749999999999933 0.05666600000000003
