0 0.18333575923392612 0.6938671875 0.06217200000000002 0.05312499999999998
0 0.3204868248974008 0.69796875 0.04553400000000002 0.05499999999999994
0 0.48850067168262656 0.2 0.08406299999999996 0.09375
0 0.5328878139534883 0.6888671875 0.048161 0.05437500000000006
0 0.6687237920656635 0.7032421875 0.052538999999999975 0.05312499999999998
0 0.7275017701778385 0.646640625 0.059545000000000015 0.05125000000000002
0 0.8552387920656633 0.6391015625 0.05253900000000006 0.03374999999999995
0 0.8654727592339262 0.6889453125 0.062170999999999844 0.05812499999999998
0 0.9344837045143638 0.8012109375 0.07618199999999996 0.07687499999999992
0 0.9551727701778385 0.64859375 0.0595450000000001 0.05625000000000002
