0 0.013671875 0.20510383333333335 0.0275 0.089167
0 0.1922265625 0.30411425 0.06625 0.10333400000000004
0 0.171640625 0.203958 0.020625000000000004 0.03249999999999997
0 0.250390625 0.2681246666666666 0.05124999999999999 0.11666700000000003
0 0.3325 0.24447916666666666 0.06437499999999996 0.10000000000000002
0 0.4121875 0.243542 0.046875 0.09500000000000001
0 0.4725390625 0.26046874999999997 0.049375 0.08750000000000002
0 0.577265625 0.24130175 0.05249999999999999 0.08833399999999998
0 0.626328125 0.22515625000000003 0.03562500000000002 0.07083299999999997
0 0.6501171875 0.25223958333333335 0.02312499999999995 0.05166700000000002
0 0.7245703125 0.2776038333333333 0.05812499999999998 0.09083399999999997
0 0.8375 0.24453091666666668 0.06312499999999999 0.12416699999999999
0 0.91234375 0.22572916666666665 0.024375000000000036 0.03750000000000001
0 0.9403125 0.22572916666666665 0.015625 0.03750000000000001
