0 0.1217199375 0.08666026086956521 0.04592600000000001 0.08863599999999998
0 0.2205078125 0.18975425937031484 0.042963 0.07727200000000001
0 0.2955250625 0.16997751124437782 0.050370000000000026 0.090909
0 0.36619825 0.18666026086956522 0.03999999999999998 0.08863599999999996
0 0.42397525 0.21852550974512744 0.03999999999999998 0.07954600000000002
0 0.47879025 0.11857375862068965 0.040000000000000036 0.070454
0 0.4970070625 0.25266475862068966 0.05036999999999997 0.07045400000000004
0 0.577578125 0.24202625937031483 0.03703699999999999 0.07500000000000001
0 0.583504125 0.12834301049475264 0.03703699999999999 0.08636299999999998
0 0.6635374375 0.23443550974512742 0.029629999999999934 0.07954500000000003
0 0.700541125 0.19584675862068968 0.03703699999999999 0.07045399999999997
0 0.753874125 0.19797601199400303 0.03555600000000003 0.09772700000000002
0 0.82397525 0.19197901049475263 0.039999999999999925 0.08409100000000001
0 0.8901045 0.14343101199400302 0.04740700000000009 0.097727
