0 0.2051953125 0.34543579795021967 0.05687500000000001 0.133208
0 0.27671875 0.2553356383601757 0.05562499999999998 0.10788
0 0.3690625 0.36280276720351395 0.04874999999999996 0.10975599999999995
0 0.5319921875 0.3255773806734993 0.053749999999999964 0.10225199999999998
0 0.64984375 0.3709481537335286 0.05499999999999994 0.11913699999999998
0 0.7233203125 0.23044544802342606 0.026875000000000093 0.056285
0 0.7191796875 0.36660764421669106 0.007499999999999951 0.015009000000000005
0 0.734453125 0.44780877306002936 0.0050000000000000044 0.018761999999999963
0 0.7398828125 0.35265090190336745 0.010624999999999996 0.020637000000000027
0 0.7512109375 0.42582090190336747 0.015000000000000013 0.021575999999999974
0 0.828125 0.23023515373352854 0.06374999999999997 0.11726099999999998
