0 0.1296484375 0.4781425833333333 0.029999999999999985 0.08222200000000002
0 0.2054560625 0.5143229166666666 0.018332999999999988 0.02888900000000009
0 0.330338875 0.5054339166666667 0.028332999999999997 0.028889000000000015
0 0.3321220625 0.5124830833333333 0.018334000000000017 0.035555
0 0.4125126875 0.6090104166666667 0.07 0.13999999999999999
0 0.4449345625 0.4888024166666667 0.034999999999999976 0.04444399999999993
0 0.4902216875 0.48013900000000004 0.038333000000000006 0.06444400000000002
0 0.5917705 0.5390625 0.04833399999999999 0.07999999999999992
0 0.6390751875 0.4745485 0.023333999999999966 0.04888900000000004
0 0.671536125 0.7743053333333334 0.068334 0.10666699999999985
0 0.702004875 0.57394075 0.02833400000000008 0.02444500000000005
0 0.8488408125 0.47838575 0.04166700000000001 0.024443999999999983
