0 0.1426953125 0.5472368947368421 0.057499999999999996 0.15368399999999996
0 0.20203125 0.266447052631579 0.071875 0.114737
0 0.511171875 0.3125655263157895 0.684375 0.183158
0 0.2446484375 0.3605264736842106 0.06249999999999997 0.13368399999999991
0 0.319140625 0.32677584210526317 0.05249999999999999 0.10315799999999997
0 0.4112109375 0.3084205789473684 0.04562500000000003 0.10631600000000001
0 0.4256640625 0.5285530526315789 0.05062500000000003 0.112631
0 0.520390625 0.2626973157894737 0.05125000000000002 0.11052599999999999
0 0.626796875 0.5052633684210527 0.05874999999999997 0.15789499999999998
0 0.626640625 0.33868463157894735 0.0525000000000001 0.09263100000000005
0 0.7206640625 0.33447363157894733 0.04999999999999993 0.092632
0 0.8281640625 0.262237052631579 0.050000000000000044 0.11263099999999997
0 0.8716015625 0.5349995263157895 0.06562500000000004 0.11894799999999989
