0 0.0205078125 0.28501186530014644 0.0425 0.08818000000000002
0 0.037109375 0.8491531420204977 0.075625 0.29924999999999996
0 0.0814453125 0.3871668286969253 0.08812499999999998 0.15572299999999997
0 0.174375 0.32843554026354316 0.06437499999999999 0.128518
0 0.1971875 0.2543534787701318 0.048750000000000016 0.08067499999999998
0 0.251640625 0.5604593748169838 0.083125 0.192307
0 0.28890625 0.46509892679355785 0.07187500000000002 0.13696
0 0.2920703125 0.29015889604685213 0.057499999999999996 0.11350799999999998
0 0.4076171875 0.5159133440702781 0.085625 0.16791700000000004
0 0.413671875 0.25508118448023426 0.06 0.141651
0 0.470859375 0.2809612518301611 0.043749999999999956 0.09943800000000001
0 0.5070703125 0.11954115373352855 0.05812499999999998 0.11913699999999999
0 0.565703125 0.1165687364568082 0.03687499999999999 0.086304
0 0.598671875 0.3818105036603221 0.09000000000000008 0.19606000000000007
0 0.584765625 0.03633154612005857 0.020625000000000004 0.03658499999999999
0 0.6215625 0.048227932650073205 0.01749999999999996 0.04409
0 0.639375 0.12972767496339677 0.03187499999999999 0.040338
0 0.6843359375 0.11116825183016107 0.04625000000000001 0.097561
0 0.744375 0.15521409224011712 0.03187499999999999 0.07317100000000001
0 0.7440625 0.08769803074670571 0.016875000000000084 0.023452
0 0.763046875 0.04594006149341142 0.028124999999999956 0.047841999999999996
0 0.779765625 0.1330860248901903 0.05249999999999999 0.11538500000000003
0 0.8177734375 0.03843506149341142 0.02937500000000004 0.049719000000000006
0 0.8284765625 0.22400992679355786 0.03500000000000003 0.13696100000000003
0 0.832109375 0.10845028843338213 0.012499999999999956 0.031895000000000014
0 0.8785546875 0.16485904978038068 0.09999999999999998 0.22889300000000004
