0 0.03218053191489362 0.5705080625 0.056383 0.049217999999999984
0 0.08351031914893617 0.56093775 0.060639000000000005 0.05546899999999999
0 0.17686138297872342 0.583594 0.046808999999999996 0.03281200000000006
0 0.25638274468085104 0.5787111875 0.053191999999999996 0.05390600000000001
0 0.2651592340425532 0.692578375 0.03723400000000003 0.04453099999999999
0 0.5098405319148936 0.1255861875 0.056383000000000065 0.053125000000000006
0 0.7026591702127659 0.5712895625 0.04893700000000011 0.034375000000000044
0 0.7135639574468086 0.709765375 0.05319099999999988 0.042968999999999924
0 0.8180847446808511 0.5607424375 0.05319199999999992 0.06171900000000008
0 0.8734037446808511 0.54374975 0.05425599999999988 0.05546899999999999
0 0.9837766595744681 0.542577875 0.029786999999999956 0.058594000000000035
