0 0.005859375 0.39619825000000003 0.0125 0.041110999999999974
0 0.0078125 0.36397525 0.015833 0.040000000000000036
0 0.0810283125 0.3789935 0.026666999999999996 0.04888800000000004
0 0.113411125 0.3853128333333333 0.035834000000000005 0.05777699999999997
0 0.1569658125 0.37433983333333337 0.07416700000000001 0.12222300000000004
0 0.2794795 0.32776075 0.14166600000000001 0.24333300000000002
0 0.3766279375 0.40703158333333334 0.04583300000000001 0.08333300000000003
0 0.437917 0.43840266666666666 0.064166 0.116667
0 0.481692375 0.39842025 0.013334000000000013 0.040000000000000036
0 0.5109375 0.39906250000000004 0.048333000000000015 0.08
0 0.5643623125 0.4045485 0.025832999999999995 0.04888900000000004
0 0.626432625 0.39654491666666664 0.020000000000000018 0.030000000000000027
0 0.70088575 0.3394095 0.14916600000000002 0.23666699999999996
0 0.82088575 0.3987669166666667 0.02416600000000002 0.028889000000000015
0 0.937838875 0.4021354166666667 0.02750000000000008 0.04555599999999993
0 0.97505175 0.40045116666666664 0.025000000000000022 0.03777800000000001
