0 0.0205078125 0.5062241483113069 0.0425 0.07894699999999998
0 0.1885546875 0.5026410044052864 0.03749999999999998 0.062030999999999996
0 0.228671875 0.49429986196769454 0.028749999999999998 0.06954899999999999
0 0.273671875 0.4349720044052863 0.028749999999999998 0.06391000000000002
0 0.4075 0.22168272393538913 0.0625 0.13533900000000001
0 0.5168359375 0.2347194478707783 0.13875000000000004 0.27067699999999995
0 0.4832421875 0.45664800293685753 0.02250000000000002 0.043233000000000056
0 0.5253515625 0.5196168634361233 0.03374999999999995 0.09022499999999997
0 0.6401171875 0.344275295154185 0.053749999999999964 0.13345800000000008
0 0.628515625 0.428629859030837 0.020000000000000018 0.028194999999999956
0 0.8051953125 0.4395541468428782 0.026249999999999996 0.0582709999999999
0 0.84046875 0.4652238604992658 0.02375000000000005 0.04887299999999999
