0 0.039674812500000003 0.533098340175953 0.041665999999999995 0.07008800000000004
0 0.2370703125 0.5205879882697947 0.12083300000000002 0.17271600000000006
0 0.301432625 0.5916337565982405 0.020000000000000018 0.03128899999999997
0 0.3671220625 0.5657803079178886 0.01916699999999999 0.03629599999999992
0 0.442838875 0.44420068621700876 0.02916599999999997 0.051314000000000005
0 0.4549091875 0.5424298592375366 0.023333000000000048 0.04130200000000006
0 0.4826689375 0.5246935835777126 0.014166999999999985 0.040049999999999995
0 0.548620125 0.461304431085044 0.129166 0.25031299999999995
0 0.7621748125 0.3757942375366568 0.04249999999999998 0.057572000000000005
0 0.812917 0.09995302639296187 0.06416599999999995 0.118898
0 0.900390625 0.35770171847507326 0.05249999999999999 0.08385500000000004
