0 0.5966796875 0.5530732500000001 0.06999999999999995 0.13416599999999992
0 0.4288671875 0.50911425 0.021874999999999978 0.1016670000000001
0 0.460390625 0.35947883333333336 0.05125000000000002 0.05749999999999996
0 0.46234375 0.6171350833333333 0.05625000000000002 0.12916699999999995
0 0.4741796875 0.4416666666666667 0.03749999999999998 0.08583299999999998
0 0.5016015625 0.5481770833333334 0.03375000000000006 0.098333
0 0.5342578125 0.48739550000000004 0.04125000000000001 0.07916699999999999
0 0.5421484375 0.6135934166666667 0.030000000000000027 0.07750000000000005
0 0.6723828125 0.5658336666666667 0.04125000000000001 0.08416599999999996
0 0.726171875 0.6172913333333333 0.028124999999999956 0.07416700000000002
