0 0.017759562841530054 0.0412581875 0.037199 0.02191
0 0.10720344262295083 0.0522074375 0.032822000000000004 0.030515999999999995
0 0.17804080327868854 0.019931875 0.041576 0.027386
0 0.18652168306010924 0.0991554375 0.03829300000000001 0.030516
0 0.2756869234972678 0.037534 0.043763999999999956 0.032864000000000004
0 0.32547168306010926 0.0823295625 0.03938700000000001 0.034428
0 0.3826358032786885 0.050442125 0.04267000000000001 0.035994000000000005
0 0.42722168306010927 0.0252085625 0.04048199999999996 0.034429
0 0.5377256830601093 0.041447 0.03829300000000003 0.031298999999999993
0 0.5478438032786885 0.1065855625 0.041575999999999905 0.034429
0 0.6241586830601094 0.178767125 0.03829299999999995 0.035994
0 0.6299008032786885 0.269540875 0.041576000000000064 0.028951000000000005
0 0.7376715628415301 0.185033875 0.036105999999999944 0.028951000000000005
0 0.8210946830601094 0.0940665625 0.038293999999999835 0.03442899999999999
