0 0.0355078125 0.25151075 0.011250000000000003 0.056665999999999994
0 0.1163671875 0.351875 0.05437500000000001 0.09500000000000004
0 0.2065625 0.30343783333333335 0.04749999999999999 0.08916600000000001
0 0.2819140625 0.2905729166666667 0.049375 0.09166699999999998
0 0.3559375 0.26640591666666663 0.046875 0.09166700000000001
0 0.3605859375 0.3939059166666667 0.04625000000000001 0.09333399999999996
0 0.4306640625 0.2533854166666667 0.049375 0.10833300000000001
0 0.505390625 0.3247399166666667 0.051875000000000004 0.09166600000000003
0 0.525859375 0.2316666666666667 0.043749999999999956 0.08416699999999995
0 0.5325390625 0.6148955 0.05062499999999992 0.07916699999999999
0 0.5732421875 0.3336975833333333 0.05312499999999998 0.08249999999999995
0 0.651015625 0.23187499999999997 0.051875000000000004 0.09416700000000004
0 0.718515625 0.3197399166666666 0.051875000000000004 0.09166600000000003
0 0.82609375 0.24041633333333334 0.055625000000000036 0.10499999999999998
0 0.878671875 0.29781216666666666 0.059374999999999956 0.10000000000000002
