0 0.2030859375 0.2968707239353891 0.07749999999999999 0.137218
0 0.3043359375 0.35431958149779735 0.07625000000000004 0.14285699999999996
0 0.3839453125 0.5543897239353891 0.08875 0.13533799999999996
0 0.4006640625 0.38028414831130686 0.050000000000000044 0.07894800000000005
0 0.5138671875 0.34744586784140974 0.05375000000000002 0.15037599999999993
0 0.5603515625 0.31936986490455216 0.03500000000000003 0.10902199999999998
0 0.5821875 0.4612880044052863 0.04749999999999999 0.062030000000000106
0 0.6272265625 0.41446958149779733 0.06625000000000003 0.142857
0 0.68859375 0.45576472246696037 0.05500000000000005 0.11466199999999996
0 0.74046875 0.4393772907488987 0.023749999999999938 0.07142899999999999
