0 0.0244140625 0.299514 0.050625 0.282222
0 0.046953125 0.4306948888888889 0.035625000000000004 0.09111100000000001
0 0.1880078125 0.5716666666666668 0.04124999999999998 0.08444399999999991
0 0.42890625 0.530208111111111 0.13437500000000002 0.316667
0 0.3966015625 0.3149998888888889 0.03375 0.027777999999999983
0 0.482578125 0.36479144444444445 0.036874999999999936 0.047778
0 0.5162890625000001 0.49069466666666667 0.04999999999999999 0.14777799999999994
0 0.627421875 0.4558337777777777 0.09124999999999994 0.18222200000000002
0 0.6890625 0.5298613333333333 0.04749999999999999 0.1066659999999999
0 0.9083984375 0.31083344444444444 0.12374999999999992 0.26444399999999996
