0 0.0880078125 0.6295744502923977 0.10499999999999998 0.13857699999999995
0 0.188984375 0.20640334502923977 0.105625 0.16385799999999998
0 0.292578125 0.9143506140350878 0.0675 0.09925099999999988
0 0.3032421875 0.2854987309941521 0.05375000000000002 0.06928799999999995
0 0.337109375 0.625385730994152 0.04375000000000001 0.06928900000000004
0 0.3571484375 0.7680526608187135 0.06187499999999996 0.08614300000000007
0 0.3808203125 0.5671853801169591 0.05812500000000004 0.15543099999999999
0 0.39921875 0.28362573099415206 0.05624999999999997 0.06928800000000003
0 0.45578125 0.8375716140350876 0.070625 0.09925100000000005
0 0.4853125 0.592614730994152 0.04812500000000003 0.0674160000000001
0 0.5511328125 0.2888327192982456 0.04249999999999998 0.07303399999999999
0 0.579140625 0.6101086959064328 0.05125000000000002 0.07677900000000001
0 0.6240625 0.5196134385964912 0.11125000000000007 0.14232199999999995
0 0.5998828125 0.2935808011695906 0.04125000000000001 0.05056100000000003
0 0.643203125 0.9069917777777778 0.03562500000000002 0.058052000000000055
0 0.679140625 0.7007027426900584 0.05249999999999999 0.06460700000000001
0 0.673828125 0.3050467543859649 0.036250000000000004 0.061797000000000005
0 0.7073828125 0.3180896725146199 0.04125000000000001 0.084269
0 0.7375390625 0.5284015555555556 0.08187500000000003 0.11142399999999994
0 0.7291015625 0.8540307894736842 0.03374999999999995 0.0552440000000001
0 0.739296875 0.2665417777777778 0.028125000000000067 0.057115999999999945
0 0.744296875 0.36368982456140353 0.028125000000000067 0.04587999999999997
0 0.7593359375 0.6368027894736842 0.04625000000000001 0.05430699999999998
0 0.8005859375 0.6975987076023391 0.04625000000000001 0.07397000000000001
0 0.8233984375 0.335994649122807 0.06187500000000001 0.08801500000000004
0 0.8164453125 0.8214398479532165 0.026874999999999982 0.040263000000000014
0 0.854609375 0.5271206257309942 0.07437499999999997 0.09550599999999998
0 0.8491796875 0.5678098245614036 0.038125000000000075 0.045879999999999886
0 0.899453125 0.8127178128654969 0.03562500000000002 0.047753000000000156
0 0.9282421875 0.5444018245614035 0.023125000000000062 0.04587999999999997
0 0.9465234375 0.7845128362573098 0.030625000000000013 0.042135000000000145
0 0.966875 0.5087395555555555 0.0625 0.11329500000000002
0 0.9771484375 0.7801268713450292 0.030625000000000013 0.034644000000000036
0 0.9876171875 0.5946677894736843 0.022499999999999964 0.05430699999999998
