0 0.0979814375 0.436142 0.030834 0.08160300000000002
0 0.0918359375 0.7480789130434783 0.014166999999999999 0.02670600000000001
0 0.0957158125 0.05146652173913044 0.010833999999999996 0.016321000000000002
0 0.22536425 0.083027 0.04000000000000001 0.08308600000000001
0 0.2273828125 0.3825826521739131 0.011666999999999983 0.020771999999999975
0 0.2340498125 0.7436279130434783 0.011665999999999982 0.025223000000000075
0 0.38286425 0.7915571739130435 0.03916700000000001 0.11275999999999999
0 0.3804814375 0.417061347826087 0.02999999999999997 0.06379799999999997
0 0.375859375 0.03887991304347826 0.013332999999999984 0.025223000000000002
0 0.6488408125 0.07335860869565218 0.04166700000000001 0.07269999999999999
0 0.6597001875 0.4228875652173913 0.05333399999999999 0.124629
0 0.67255175 0.7402482173913043 0.02416700000000005 0.06231400000000003
0 0.79286425 0.083027 0.040833999999999926 0.08308600000000001
0 0.79286425 0.41639252173913044 0.040833999999999926 0.09643900000000001
0 0.8157685625 0.736562608695652 0.03333300000000006 0.07270100000000006
0 0.9326953125 0.04440221739130435 0.025832999999999995 0.059347
0 0.9361455 0.36999604347826087 0.01750000000000007 0.031156999999999966
0 0.954765625 0.7276118260869565 0.0208330000000001 0.050445000000000004
