0 0.1073828125 0.3850776470588235 0.07312500000000001 0.189266
0 0.1561328125 0.3449593529411764 0.04125000000000001 0.11205300000000001
0 0.2479296875 0.3394788235294118 0.06937500000000002 0.14689300000000002
0 0.3057421875 0.30364452941176473 0.05375000000000002 0.11958599999999994
0 0.3856640625 0.5911241764705882 0.04999999999999999 0.156309
0 0.41515625 0.6198484705882353 0.03999999999999998 0.134652
0 0.498046875 0.2665091176470588 0.05874999999999997 0.12335199999999999
0 0.539140625 0.5482854705882353 0.05249999999999999 0.13465200000000008
0 0.6769921875 0.33671770588235295 0.053749999999999964 0.12617699999999998
0 0.827265625 0.370151 0.05249999999999999 0.10169499999999997
0 0.8602734375 0.46560352941176464 0.06125000000000003 0.11770200000000006
0 0.98375 0.5100395882352942 0.03125 0.10451999999999992
